xdata ydata 
0.0 3.583664061076602 
0.005025125628140704 3.5819374397138177 
0.010050251256281407 3.5777586677216955 
0.01507537688442211 3.573039633286094 
0.020100502512562814 3.5707684364216052 
0.02512562814070352 3.5748014554962566 
0.03015075376884422 3.589608244270758 
0.035175879396984924 3.6199887167575913 
0.04020100502512563 3.6707755814707337 
0.04522613065326633 3.7465290261326056 
0.05025125628140704 3.851229026009546 
0.05527638190954774 3.987974461405166 
0.06030150753768844 4.158705354194148 
0.06532663316582915 4.363970764670094 
0.07035175879396985 4.602766175932137 
0.07537688442211056 4.872458752892465 
0.08040201005025126 5.1688081028311545 
0.08542713567839195 5.486077946822554 
0.09045226130653267 5.817224802931701 
0.09547738693467336 6.154146117451679 
0.10050251256281408 6.487972136621235 
0.10552763819095477 6.809390475057545 
0.11055276381909548 7.1089960595121 
0.11557788944723618 7.377643383625399 
0.12060301507537688 7.60685989241937 
0.12562814070351758 7.7891818034938884 
0.1306532663316583 7.91848590678018 
0.135678391959799 7.990261417178884 
0.1407035175879397 8.001802569194288 
0.1457286432160804 7.952312689038834 
0.15075376884422112 7.842918757393658 
0.15577889447236182 7.676603387425694 
0.16080402010050251 7.458065178153325 
0.1658291457286432 7.193518526560912 
0.1708542713567839 6.890441884573826 
0.17587939698492464 6.557281573283734 
0.18090452261306533 6.203118584935487 
0.18592964824120603 5.83730890270994 
0.19095477386934673 5.469112752698349 
0.19597989949748745 5.107332802880723 
0.20100502512562815 4.759983451851857 
0.20603015075376885 4.434011655506754 
0.21105527638190955 4.135084284639161 
0.21608040201005024 3.8674492451653117 
0.22110552763819097 3.6338697940084472 
0.22613065326633167 3.4356381343796354 
0.23115577889447236 3.272600593682564 
0.23618090452261306 3.143295244184326 
0.24120603015075376 3.04510685358802 
0.24623115577889448 2.9744610789367916 
0.25125628140703515 2.927059207426189 
0.2562814070351759 2.898141148981252 
0.2613065326633166 2.8827619723185642 
0.2663316582914573 2.876062042296306 
0.271356783919598 2.8735090750146335 
0.2763819095477387 2.8710937839576873 
0.2814070351758794 2.865468713110214 
0.2864321608040201 2.854029679434726 
0.2914572864321608 2.8349472823416946 
0.2964824120603015 2.8071591979437502 
0.30150753768844224 2.7703317379910795 
0.3065326633165829 2.7247934702790357 
0.31155778894472363 2.6714384961304933 
0.3165829145728643 2.611596085832328 
0.32160804020100503 2.546868413839062 
0.32663316582914576 2.4789474562789424 
0.3316582914572864 2.4094313670973997 
0.33668341708542715 2.339665129719746 
0.3417085427135678 2.270625775736235 
0.34673366834170855 2.2028619366290783 
0.35175879396984927 2.136486971649367 
0.35678391959798994 2.0712096195895344 
0.36180904522613067 2.0063868983633624 
0.36683417085427134 1.9410890086538488 
0.37185929648241206 1.874176044985687 
0.3768844221105528 1.8043945199470943 
0.38190954773869346 1.7305026445285516 
0.3869346733668342 1.6514254374800037 
0.3919597989949749 1.5664274037465227 
0.3969849246231156 1.4752783975111108 
0.4020100502512563 1.378383933175647 
0.40703517587939697 1.2768575569428797 
0.4120603015075377 1.1725275200568037 
0.4170854271356784 1.067886218230274 
0.4221105527638191 0.9660011405443888 
0.4271356783919598 0.8704059664073388 
0.4321608040201005 0.7849810129714884 
0.4371859296482412 0.7138195035376885 
0.44221105527638194 0.6610679225316487 
0.4472361809045226 0.6307369331469931 
0.45226130653266333 0.6264592743099647 
0.457286432160804 0.6512423991740252 
0.4623115577889447 0.7072452917149198 
0.46733668341708545 0.7955850762171959 
0.4723618090452261 0.9162146197976825 
0.47738693467336685 1.067871727257585 
0.4824120603015075 1.2480893421377275 
0.48743718592964824 1.4532488852335064 
0.49246231155778897 1.6786625652755889 
0.49748743718592964 1.9186818183462626 
0.5025125628140703 2.1668405405259565 
0.507537688442211 2.416046068932619 
0.5125628140703518 2.6588246093723247 
0.5175879396984925 2.887613548140478 
0.5226130653266332 3.095077838309705 
0.5276381909547738 3.2744190952636485 
0.5326633165829145 3.4196483840158676 
0.5376884422110553 3.52580548007693 
0.542713567839196 3.589122417900007 
0.5477386934673367 3.6071398719501673 
0.5527638190954774 3.5787865725163464 
0.5577889447236181 3.504416170426128 
0.5628140703517588 3.3858296353296273 
0.5678391959798995 3.2262302063262074 
0.5728643216080402 3.030081737553574 
0.577889447236181 2.8029347730764544 
0.5829145728643216 2.551184243754507 
0.5879396984924623 2.28179308308497 
0.592964824120603 2.002007602239913 
0.5979899497487438 1.7190849156287153 
0.6030150753768845 1.440042377702548 
0.6080402010050251 1.1714298242295027 
0.6130653266331658 0.9191221062763505 
0.6180904522613065 0.6881328811262288 
0.6231155778894473 0.48245772948147786 
0.628140703517588 0.3049602055620325 
0.6331658291457286 0.15731424931842894 
0.6381909547738693 0.04000975997553918 
0.6432160804020101 -0.047581978649589546 
0.6482412060301508 -0.10709507645524961 
0.6532663316582915 -0.14102358933137069 
0.6582914572864321 -0.15255695880151673 
0.6633165829145728 -0.14540364744421932 
0.6683417085427136 -0.12360380771292723 
0.6733668341708543 -0.09133977236436124 
0.678391959798995 -0.05274082744910395 
0.6834170854271356 -0.011687776062121987 
0.6884422110552764 0.028347532028536 
0.6934673366834171 0.06443159494964452 
0.6984924623115578 0.09425646053212626 
0.7035175879396985 0.1161856346495856 
0.7085427135678392 0.12926495001259866 
0.7135678391959799 0.13320534068711581 
0.7185929648241206 0.1283411004357876 
0.7236180904522613 0.11556296339309231 
0.7286432160804021 0.09622395925167951 
0.7336683417085427 0.07201929849793035 
0.7386934673366834 0.04484819111693717 
0.7437185929648241 0.016671666525533826 
0.7487437185929648 -0.010617841319086926 
0.7537688442211056 -0.03530373491946338 
0.7587939698492463 -0.055926311898405356 
0.7638190954773869 -0.07134248548165478 
0.7688442211055276 -0.0807718312426675 
0.7738693467336684 -0.08383284301155017 
0.7788944723618091 -0.08056483705972953 
0.7839195979899498 -0.0714262860315346 
0.7889447236180904 -0.05726188955217598 
0.7939698492462312 -0.03922102725683284 
0.7989949748743719 -0.018654891930897546 
0.8040201005025126 0.002998816919931352 
0.8090452261306533 0.024319660819795485 
0.8140703517587939 0.04398238480377648 
0.8190954773869347 0.06080847122587385 
0.8241206030150754 0.0738034253819388 
0.8291457286432161 0.08219607546088169 
0.8341708542713568 0.08548911939906911 
0.8391959798994975 0.08351552222440181 
0.8442211055276382 0.0764815728583165 
0.8492462311557789 0.06497305172177584 
0.8542713567839196 0.04990984253080765 
0.8592964824120604 0.03245290046381215 
0.864321608040201 0.013886391770510731 
0.8693467336683417 -0.004493205312997435 
0.8743718592964824 -0.02145558050341291 
0.8793969849246231 -0.035876016175953 
0.8844221105527639 -0.04675054651368334 
0.8894472361809045 -0.053213633435427454 
0.8944723618090452 -0.05458030856738633 
0.8994974874371859 -0.050425566709443335 
0.9045226130653267 -0.04066248411252403 
0.9095477386934674 -0.02560391733638193 
0.914572864321608 -0.005966668988096552 
0.9195979899497487 0.01719186623523839 
0.9246231155778895 0.04258864425769099 
0.9296482412060302 0.06884458961055351 
0.9346733668341709 0.09458895393539858 
0.9396984924623115 0.11851533970999341 
0.9447236180904522 0.13939430362556104 
0.949748743718593 0.1560716217660944 
0.9547738693467337 0.16748846468969963 
0.9597989949748744 0.1727456936768408 
0.964824120603015 0.17120651031110587 
0.9698492462311558 0.16260479339078646 
0.9748743718592965 0.1471154356665259 
0.9798994974874372 0.12535440269349968 
0.9849246231155779 0.09830470710756803 
0.9899497487437187 0.0671954393379476 
0.9949748743718593 0.03337834147686264 
1.0 -0.0017588083967125293 
