xdata ydata 
0.0 0.6315012963860311 
0.005025125628140704 0.632345163841312 
0.010050251256281407 0.6346941551583355 
0.01507537688442211 0.6384741537065325 
0.020100502512562814 0.6435879597977754 
0.02512562814070352 0.6499369917618196 
0.03015075376884422 0.657431398310808 
0.035175879396984924 0.6659830732502815 
0.04020100502512563 0.6754853746285694 
0.04522613065326633 0.6857905095169067 
0.05025125628140704 0.6966967000988827 
0.05527638190954774 0.7079519136820619 
0.06030150753768844 0.7192722169555715 
0.06532663316582915 0.7303655943296339 
0.07035175879396985 0.7409502719927494 
0.07537688442211056 0.7507609896472893 
0.08040201005025126 0.7595445254782104 
0.08542713567839195 0.767052483792934 
0.09045226130653267 0.7730410578588788 
0.09547738693467336 0.777283307844174 
0.10050251256281408 0.7795919927657163 
0.10552763819095477 0.7798446162704014 
0.11055276381909548 0.7780008341278891 
0.11557788944723618 0.7741058104501733 
0.12060301507537688 0.7682851870039714 
0.12562814070351758 0.7607317749754773 
0.1306532663316583 0.7517004479570362 
0.135678391959799 0.7415123800045692 
0.1407035175879397 0.7305655883601794 
0.1457286432160804 0.7193423273457112 
0.15075376884422112 0.7084030607880446 
0.15577889447236182 0.6983623137000329 
0.16080402010050251 0.689850690572205 
0.1658291457286432 0.6834747009665608 
0.1708542713567839 0.6797873863386314 
0.17587939698492464 0.6792769747264689 
0.18090452261306533 0.682370824632838 
0.18592964824120603 0.6894432302486473 
0.19095477386934673 0.7008132658537545 
0.19597989949748745 0.7167244447221872 
0.20100502512562815 0.7373088325911811 
0.20603015075376885 0.7625485855640197 
0.21105527638190955 0.7922519085989966 
0.21608040201005024 0.8260556140237306 
0.22110552763819097 0.8634549972067899 
0.22613065326633167 0.9038503334969242 
0.23115577889447236 0.9465875449646257 
0.23618090452261306 0.9909867492387252 
0.24120603015075376 1.036345190844632 
0.24623115577889448 1.0819262356539188 
0.25125628140703515 1.126951188744341 
0.2562814070351759 1.1706096425666466 
0.2613065326633166 1.2120949686580953 
0.2663316582914573 1.250658336871204 
0.271356783919598 1.2856645101626498 
0.2763819095477387 1.316630880357738 
0.2814070351758794 1.3432386088814625 
0.2864321608040201 1.3653173403338206 
0.2914572864321608 1.3828161725605597 
0.2964824120603015 1.3957777176231263 
0.30150753768844224 1.4043273792161282 
0.3065326633165829 1.4086793145588963 
0.31155778894472363 1.409149852917741 
0.3165829145728643 1.4061640692336423 
0.32160804020100503 1.4002441722028227 
0.32663316582914576 1.3919773850713675 
0.3316582914572864 1.3819709759223615 
0.33668341708542715 1.3708075217422966 
0.3417085427135678 1.3590134446977764 
0.34673366834170855 1.3470427587839637 
0.35175879396984927 1.3352751271513048 
0.35678391959798994 1.3240179797293357 
0.36180904522613067 1.3135041937150262 
0.36683417085427134 1.303882835023413 
0.37185929648241206 1.2952071187952843 
0.3768844221105528 1.2874275490090379 
0.38190954773869346 1.2803967832577376 
0.3869346733668342 1.2738871793387334 
0.3919597989949749 1.267615755290725 
0.3969849246231156 1.2612682828908106 
0.4020100502512563 1.2545162572654684 
0.40703517587939697 1.247026236811874 
0.4120603015075377 1.2384668852053358 
0.4170854271356784 1.228521199126926 
0.4221105527638191 1.2169082904978141 
0.4271356783919598 1.2034123642812067 
0.4321608040201005 1.187910198619323 
0.4371859296482412 1.1703865205362811 
0.44221105527638194 1.15093078968482 
0.4472361809045226 1.1297167705689044 
0.45226130653266333 1.1069763343571808 
0.457286432160804 1.082977172612865 
0.4623115577889447 1.0580147019228587 
0.46733668341708545 1.0324186622296974 
0.4723618090452261 1.0065637723756578 
0.47738693467336685 0.9808712883239131 
0.4824120603015075 0.9557915363266245 
0.48743718592964824 0.9317671288285129 
0.49246231155778897 0.90918720851672 
0.49748743718592964 0.88834887830021 
0.5025125628140703 0.8694395751613949 
0.507537688442211 0.852544538483768 
0.5125628140703518 0.837671675382211 
0.5175879396984925 0.8247783363034118 
0.5226130653266332 0.8137849952072359 
0.5276381909547738 0.804569365090136 
0.5326633165829145 0.7969464820351937 
0.5376884422110553 0.7906492448374494 
0.542713567839196 0.7853248950152425 
0.5477386934673367 0.7805553508290289 
0.5527638190954774 0.7758972118559807 
0.5577889447236181 0.770927009088502 
0.5628140703517588 0.7652750672380954 
0.5678391959798995 0.75863747637761 
0.5728643216080402 0.7507656531448089 
0.577889447236181 0.7414467355192497 
0.5829145728643216 0.7304899356454243 
0.5879396984924623 0.7177299414451985 
0.592964824120603 0.7030475830959072 
0.5979899497487438 0.686397178529759 
0.6030150753768845 0.6678251729578687 
0.6080402010050251 0.6474685513092135 
0.6130653266331658 0.6255318871086237 
0.6180904522613065 0.602253051134438 
0.6231155778894473 0.5778733739486913 
0.628140703517588 0.5526252631990093 
0.6331658291457286 0.5267404833032698 
0.6381909547738693 0.5004709417686775 
0.6432160804020101 0.47410718080054404 
0.6482412060301508 0.4479815114118791 
0.6532663316582915 0.4224518672768877 
0.6582914572864321 0.3978739076443336 
0.6633165829145728 0.37457627689211775 
0.6683417085427136 0.3528533521344195 
0.6733668341708543 0.33298016048838763 
0.678391959798995 0.31524238596949833 
0.6834170854271356 0.2999696737522928 
0.6884422110552764 0.28755216559952035 
0.6934673366834171 0.2784345368683187 
0.6984924623115578 0.27309078518929597 
0.7035175879396985 0.2719930178322093 
0.7085427135678392 0.2755896573022599 
0.7135678391959799 0.2843022471657006 
0.7185929648241206 0.2985388934853196 
0.7236180904522613 0.31871242136716343 
0.7286432160804021 0.34524791772371466 
0.7336683417085427 0.3785692026375064 
0.7386934673366834 0.4190641720980931 
0.7437185929648241 0.467039244958735 
0.7487437185929648 0.52267792205563 
0.7537688442211056 0.5860154665697166 
0.7587939698492463 0.6569329394827802 
0.7638190954773869 0.7351642779777597 
0.7688442211055276 0.8203049494816835 
0.7738693467336684 0.9118124356090425 
0.7788944723618091 1.0089964472866808 
0.7839195979899498 1.1110032495759743 
0.7889447236180904 1.2168024665980524 
0.7939698492462312 1.3251958021380046 
0.7989949748743719 1.4348355692786081 
0.8040201005025126 1.5442572437856144 
0.8090452261306533 1.6519156269352233 
0.8140703517587939 1.756217669522993 
0.8190954773869347 1.8555505014700002 
0.8241206030150754 1.9483089365379533 
0.8291457286432161 2.0329288151729816 
0.8341708542713568 2.1079294794217827 
0.8391959798994975 2.171962253773423 
0.8442211055276382 2.223856148133432 
0.8492462311557789 2.2626510090459018 
0.8542713567839196 2.2876132226717036 
0.8592964824120604 2.298237356745443 
0.864321608040201 2.2942439450620093 
0.8693467336683417 2.2755845039822544 
0.8743718592964824 2.242458564965474 
0.8793969849246231 2.1953370301262907 
0.8844221105527639 2.1349774093832834 
0.8894472361809045 2.062414478714446 
0.8944723618090452 1.9789172128532964 
0.8994974874371859 1.8859315219528845 
0.9045226130653267 1.784990305362002 
0.9095477386934674 1.6776550611495447 
0.914572864321608 1.5654817197526263 
0.9195979899497487 1.4500156606045003 
0.9246231155778895 1.3327997492088888 
0.9296482412060302 1.2153708901747478 
0.9346733668341709 1.0992252375495495 
0.9396984924623115 0.9857482619131744 
0.9447236180904522 0.8761255572297947 
0.949748743718593 0.7712633943849541 
0.9547738693467337 0.6717473054521464 
0.9597989949748744 0.5778520265583033 
0.964824120603015 0.4895939662187898 
0.9698492462311558 0.40679905703521385 
0.9748743718592965 0.3291538437335893 
0.9798994974874372 0.25621882943958546 
0.9849246231155779 0.18740505161599 
0.9899497487437187 0.12193651938546138 
0.9949748743718593 0.05883136833366717 
1.0 -0.0030720957965602023 
