xdata ydata 
0.0 3.53573285 
0.005025125628140704 3.5359580048241206 
0.010050251256281407 3.536321532512563 
0.01507537688442211 3.536130789396985 
0.020100502512562814 3.5345323805025126 
0.02512562814070352 3.5309858636683416 
0.03015075376884422 3.5259580636180905 
0.035175879396984924 3.521745898241206 
0.04020100502512563 3.52321899080402 
0.04522613065326633 3.5381946201507537 
0.05025125628140704 3.5771703453768846 
0.05527638190954774 3.6522678451256283 
0.06030150753768844 3.775460227085427 
0.06532663316582915 3.9563982857286435 
0.07035175879396985 4.200329315628141 
0.07537688442211056 4.506641190150754 
0.08040201005025126 4.868433719949749 
0.08542713567839195 5.273248620854271 
0.09045226130653267 5.70476485633166 
0.09547738693467336 6.144996346331659 
0.10050251256281408 6.576410475829148 
0.10552763819095477 6.983460362512563 
0.11055276381909548 7.353265522713569 
0.11557788944723618 7.675471680301508 
0.12060301507537688 7.941722335527638 
0.12562814070351758 8.145017822261307 
0.1306532663316583 8.279517445226132 
0.135678391959799 8.340895970904523 
0.1407035175879397 8.327126821859297 
0.1457286432160804 8.239320500603014 
0.15075376884422112 8.082160592512562 
0.15577889447236182 7.863599081457286 
0.16080402010050251 7.593755675175879 
0.1658291457286432 7.283302014422111 
0.1708542713567839 6.941862567135678 
0.17587939698492464 6.577016344824119 
0.18090452261306533 6.19429769929648 
0.18592964824120603 5.798225574572863 
0.19095477386934673 5.393972169648241 
0.19597989949748745 4.988977908793968 
0.20100502512562815 4.593762899145726 
0.20603015075376885 4.2214196657788925 
0.21105527638190955 3.885734063718592 
0.21608040201005024 3.598410775879397 
0.22110552763819097 3.366280845678391 
0.22613065326633167 3.1894944329145716 
0.23115577889447236 3.0613477478391955 
0.23618090452261306 2.9701254838693467 
0.24120603015075376 2.9023452705025123 
0.24623115577889448 2.8464641054271356 
0.25125628140703515 2.7958516607035175 
0.2562814070351759 2.7500207261809044 
0.2613065326633166 2.7136745360804015 
0.2663316582914573 2.693873471557789 
0.271356783919598 2.696288851557789 
0.2763819095477387 2.7218582469849246 
0.2814070351758794 2.7650517338693468 
0.2864321608040201 2.8144240953266335 
0.2914572864321608 2.855342264271357 
0.2964824120603015 2.8740123811055276 
0.30150753768844224 2.8614577381909547 
0.3065326633165829 2.816090940201005 
0.31155778894472363 2.7439908474371855 
0.3165829145728643 2.656777676934673 
0.32160804020100503 2.5678046001005024 
0.32663316582914576 2.4879582546733663 
0.3316582914572864 2.4224802899999998 
0.33668341708542715 2.3698455912060297 
0.3417085427135678 2.3229769482412057 
0.34673366834170855 2.2723008193969845 
0.35175879396984927 2.209434872110552 
0.35678391959798994 2.130162719748743 
0.36180904522613067 2.0356547106532656 
0.36683417085427134 1.9315759214572863 
0.37185929648241206 1.8255346175879394 
0.3768844221105528 1.7239493178391951 
0.38190954773869346 1.6296152302010047 
0.3869346733668342 1.540952983668341 
0.3919597989949749 1.4532354733668331 
0.3969849246231156 1.3612762465326624 
0.4020100502512563 1.2624416170854258 
0.40703517587939697 1.1586705705025122 
0.4120603015075377 1.056537822110552 
0.4170854271356784 0.9651606908040193 
0.4221105527638191 0.8926469205025122 
0.4271356783919598 0.8424602822613061 
0.4321608040201005 0.8112610011557789 
0.4371859296482412 0.7893511954271355 
0.44221105527638194 0.7639402600502511 
0.4472361809045226 0.7243493093969847 
0.45226130653266333 0.6674368278391951 
0.457286432160804 0.6011714734673366 
0.4623115577889447 0.5447368060301504 
0.46733668341708545 0.5246618950753769 
0.4723618090452261 0.567780536231156 
0.47738693467336685 0.693039022562816 
0.4824120603015075 0.9047652875376888 
0.48743718592964824 1.189756314924625 
0.49246231155778897 1.5194634719598041 
0.49748743718592964 1.8569705541206052 
0.5025125628140703 2.166872048241204 
0.507537688442211 2.4250993022613074 
0.5125628140703518 2.625587400000002 
0.5175879396984925 2.78151943115578 
0.5226130653266332 2.920492854874374 
0.5276381909547738 3.074835637085426 
0.5326633165829145 3.2698639781909553 
0.5376884422110553 3.513613802864325 
0.542713567839196 3.7912451222613126 
0.5477386934673367 4.065997858190958 
0.5527638190954774 4.286668407587943 
0.5577889447236181 4.399631353216081 
0.5628140703517588 4.362222822261304 
0.5678391959798995 4.153806019899491 
0.5728643216080402 3.781353854120599 
0.577889447236181 3.2784538110552663 
0.5829145728643216 2.6980662763819065 
0.5879396984924623 2.1012074595477346 
0.592964824120603 1.544663571758786 
0.5979899497487438 1.0708664669849206 
0.6030150753768845 0.7022032516582856 
0.6080402010050251 0.4406131271859285 
0.6130653266331658 0.27180930321608 
0.6180904522613065 0.17230769542713487 
0.6231155778894473 0.11695220673366791 
0.628140703517588 0.08486951125628091 
0.6331658291457286 0.06260011728643204 
0.6381909547738693 0.04421364527638165 
0.6432160804020101 0.02915963175879388 
0.6482412060301508 0.019149825175879317 
0.6532663316582915 0.015396910251256264 
0.6582914572864321 0.017117338090452284 
0.6633165829145728 0.021552712613065402 
0.6683417085427136 0.025137291206030157 
0.6733668341708543 0.025059742160803988 
0.678391959798995 0.02043782336683403 
0.6834170854271356 0.012583961407035136 
0.6884422110552764 0.004313657638190862 
0.6934673366834171 0.0 
0.6984924623115578 0.0 
0.7035175879396985 0.000853227587939811 
0.7085427135678392 0.006875309547738749 
0.7135678391959799 0.012663095025125668 
0.7185929648241206 0.015496611758793973 
0.7236180904522613 0.013936901507537637 
0.7286432160804021 0.008373961457286274 
0.7336683417085427 0.0008184558291456565 
0.7386934673366834 0.0 
0.7437185929648241 0.0 
0.7487437185929648 0.0 
0.7537688442211056 0.0 
0.7587939698492463 0.001921411356784121 
0.7638190954773869 0.00726566 
0.7688442211055276 0.009636146180904527 
0.7738693467336684 0.008185707537688396 
0.7788944723618091 0.0036179665326631825 
0.7839195979899498 0.0 
0.7889447236180904 0.0 
0.7939698492462312 0.0 
0.7989949748743719 0.0 
0.8040201005025126 0.0 
0.8090452261306533 0.002729975628140837 
0.8140703517587939 0.00662704386934673 
0.8190954773869347 0.007732821055276378 
0.8241206030150754 0.005708462663316527 
0.8291457286432161 0.0014740852261305305 
0.8341708542713568 0.0 
0.8391959798994975 0.0 
0.8442211055276382 0.0 
0.8492462311557789 0.0 
0.8542713567839196 0.0 
0.8592964824120604 0.0036043047236181615 
0.864321608040201 0.006230581206030158 
0.8693467336683417 0.0062654005025125515 
0.8743718592964824 0.0037685955778893852 
0.8793969849246231 1.6708693467283234e-05 
0.8844221105527639 0.0 
0.8894472361809045 0.0 
0.8944723618090452 0.0 
0.8994974874371859 0.0 
0.9045226130653267 0.0009008616582915525 
0.9095477386934674 0.004257069396984963 
0.914572864321608 0.005806266934673367 
0.9195979899497487 0.00495475889447234 
0.9246231155778895 0.002095762763819026 
0.9296482412060302 0.0 
0.9346733668341709 0.0 
0.9396984924623115 0.0 
0.9447236180904522 0.0 
0.949748743718593 0.0 
0.9547738693467337 0.002198280904522667 
0.9597989949748744 0.004772113165829188 
0.964824120603015 0.005354039949748742 
0.9698492462311558 0.0037228844221105215 
0.9748743718592965 0.0005672927135677645 
0.9798994974874372 0.0 
0.9849246231155779 0.0 
0.9899497487437187 0.0 
0.9949748743718593 0.0 
1.0 0.0001742 
