xdata ydata 
0.0 3.382e-05 
0.002004008016032064 0.0003024566733466934 
0.004008016032064128 0.0005645706012024048 
0.0060120240480961915 0.0008253822645290581 
0.008016032064128256 0.0010880962525050102 
0.01002004008016032 0.0013453784569138277 
0.012024048096192383 0.0015917344288577154 
0.014028056112224447 0.0018320611623246494 
0.01603206412825651 0.0020693829458917836 
0.018036072144288574 0.0022965259118236468 
0.02004008016032064 0.0025077762925851707 
0.022044088176352703 0.0027071987374749497 
0.024048096192384766 0.0028973960721442884 
0.026052104208416832 0.0030714664128256514 
0.028056112224448895 0.0032233123246492986 
0.03006012024048096 0.0033552524649298598 
0.03206412825651302 0.0034687538476953906 
0.03406813627254509 0.0035576549298597195 
0.03607214428857715 0.00361519507014028 
0.038076152304609215 0.003639103667334669 
0.04008016032064128 0.0036276015631262525 
0.04208416833667334 0.0035770473146292587 
0.044088176352705406 0.0034784454909819644 
0.04609218436873747 0.0033091621442885772 
0.04809619238476953 0.003047142705410822 
0.0501002004008016 0.0027183764929859726 
0.052104208416833664 0.0024105916032064125 
0.05410821643286573 0.0021956760521042082 
0.05611222444889779 0.0020422483166332665 
0.058116232464929855 0.0018529835270541086 
0.06012024048096192 0.001593505931863727 
0.06212424849699398 0.0013335583567134273 
0.06412825651302605 0.0011480831462925853 
0.06613226452905811 0.0010399452905811622 
0.06813627254509018 0.0009979373146292586 
0.07014028056112225 0.0010760315030060121 
0.0721442885771543 0.0013531026252504997 
0.07414829659318636 0.0018409171743486961 
0.07615230460921843 0.002492198817635271 
0.0781563126252505 0.0032907382164328635 
0.08016032064128256 0.004280014569138277 
0.08216432865731463 0.00550182350701403 
0.08416833667334668 0.00695564434869739 
0.08617234468937875 0.008631271783567134 
0.08817635270541081 0.010542385330661317 
0.09018036072144288 0.012706570641282564 
0.09218436873747494 0.015114876653306615 
0.09418837675350701 0.017739789378757524 
0.09619238476953906 0.020561621242484965 
0.09819639278557113 0.02357737901803606 
0.1002004008016032 0.02679528639278557 
0.10220440881763526 0.03023017024048096 
0.10420841683366733 0.03389790629258518 
0.1062124248496994 0.037808498496993984 
0.10821643286573146 0.04196571679358719 
0.11022044088176351 0.04636881288577152 
0.11222444889779558 0.0510053728256513 
0.11422845691382764 0.05584626567134269 
0.11623246492985971 0.06086159929859719 
0.11823647294589178 0.06604557829659319 
0.12024048096192384 0.07141523306613227 
0.1222444889779559 0.07697651895791582 
0.12424849699398796 0.08269442064128255 
0.12625250501002003 0.08850416833667334 
0.1282565130260521 0.09435521114228457 
0.13026052104208416 0.10024069613226455 
0.13226452905811623 0.10617683422845695 
0.1342685370741483 0.1121579512224449 
0.13627254509018036 0.11814919625250504 
0.13827655310621242 0.12412870192384769 
0.1402805611222445 0.13011026252505012 
0.14228456913827653 0.13609995807615224 
0.1442885771543086 0.14204794851703403 
0.14629258517034066 0.14787907933867733 
0.14829659318637273 0.15356661945891784 
0.1503006012024048 0.15914129466933868 
0.15230460921843686 0.16462783078156312 
0.15430861723446893 0.17001073663326655 
0.156312625250501 0.17526861168336672 
0.15831663326653306 0.18040207631262525 
0.16032064128256512 0.1854129244488978 
0.1623246492985972 0.19029416052104212 
0.16432865731462926 0.1950596262124249 
0.16633266533066132 0.19974479168336676 
0.16833667334669336 0.2043491363727455 
0.17034068136272543 0.20881035072144286 
0.1723446893787575 0.21306627394789576 
0.17434869739478956 0.21711329635270538 
0.17635270541082163 0.22097083318637273 
0.1783567134268537 0.224619929498998 
0.18036072144288576 0.22802196356713428 
0.18236472945891782 0.2311778551302605 
0.1843687374749499 0.23412107386773548 
0.18637274549098196 0.23686312450901806 
0.18837675350701402 0.23939099815631262 
0.1903807615230461 0.24171269763527053 
0.19238476953907813 0.2438573945290581 
0.1943887775551102 0.24582629601202402 
0.19639278557114226 0.24758505348697393 
0.19839679358717432 0.24911559134268538 
0.2004008016032064 0.2504400851102204 
0.20240480961923846 0.25158395144288576 
0.20440881763527052 0.252549234248497 
0.2064128256513026 0.25333982406813627 
0.20841683366733466 0.25398215891783565 
0.21042084168336672 0.25450305621242486 
0.2124248496993988 0.2549120398997996 
0.21442885771543085 0.255224555490982 
0.21643286573146292 0.2554777310821643 
0.21843687374749496 0.25569687072144287 
0.22044088176352702 0.25585951050100203 
0.2224448897795591 0.25591734661322646 
0.22444889779559116 0.25584887559118236 
0.22645290581162322 0.25567521214428857 
0.2284569138276553 0.25543363765531063 
0.23046092184368736 0.2551574907214429 
0.23246492985971942 0.2548777107014028 
0.2344689378757515 0.25461849056112223 
0.23647294589178355 0.2543800138677355 
0.23847695390781562 0.2541395706012024 
0.24048096192384769 0.2538820672745491 
0.24248496993987975 0.2536241814228457 
0.2444889779559118 0.25339909587174353 
0.24649298597194386 0.2532234413226453 
0.24849699398797592 0.25309064402805614 
0.250501002004008 0.2529937572745491 
0.25250501002004005 0.25293611727454907 
0.2545090180360721 0.2529130087374749 
0.2565130260521042 0.2528997948897796 
0.25851703406813625 0.2528755527655311 
0.2605210420841683 0.2528497819438878 
0.2625250501002004 0.2528485141282565 
0.26452905811623245 0.2528795285370741 
0.2665330661322645 0.25293289380761524 
0.2685370741482966 0.25301379276553104 
0.27054108216432865 0.2531489216232465 
0.2725450901803607 0.25334989939879765 
0.2745490981963928 0.2535900560521042 
0.27655310621242485 0.25383063633266534 
0.2785571142284569 0.2540590821442886 
0.280561122244489 0.2542940920240481 
0.282565130260521 0.2545692743086172 
0.28456913827655306 0.2549213052705411 
0.2865731462925851 0.2553776484569138 
0.2885771543086172 0.2559399449498998 
0.29058116232464926 0.256589280501002 
0.2925851703406813 0.25731534422845687 
0.2945891783567134 0.2581240244488978 
0.29659318637274545 0.25900336849699396 
0.2985971943887775 0.2599033073547094 
0.3006012024048096 0.2607725324649299 
0.30260521042084165 0.26160543923847696 
0.3046092184368737 0.26243173819639276 
0.3066132264529058 0.26327132777555107 
0.30861723446893785 0.26412286488977954 
0.3106212424849699 0.2649866235270541 
0.312625250501002 0.2658642131663327 
0.31462925851703405 0.26673118941883767 
0.3166332665330661 0.2675375901803607 
0.3186372745490982 0.26825063218436873 
0.32064128256513025 0.26888141565130264 
0.3226452905811623 0.2694606528056112 
0.3246492985971944 0.2700019380561123 
0.32665330661322645 0.2705008397795591 
0.3286573146292585 0.2709575880761523 
0.3306613226452906 0.27138586679358717 
0.33266533066132264 0.2718016730260521 
0.33466933867735466 0.2722149046292585 
0.3366733466933867 0.272631281503006 
0.3386773547094188 0.27305466366733466 
0.34068136272545085 0.2734853400200401 
0.3426853707414829 0.2739218875751503 
0.344689378757515 0.27436730673346693 
0.34669338677354705 0.27482985911823643 
0.3486973947895791 0.27531255767535073 
0.3507014028056112 0.27580302408817636 
0.35270541082164325 0.2762778813026052 
0.3547094188376753 0.2767182713827655 
0.3567134268537074 0.27711757881763527 
0.35871743486973945 0.2774772718236473 
0.3607214428857715 0.27780557741482964 
0.3627254509018036 0.2781226387975952 
0.36472945891783565 0.2784512479759519 
0.3667334669338677 0.27879027761523045 
0.3687374749498998 0.2791062648897796 
0.37074148296593185 0.2793651924448898 
0.3727454909819639 0.2795635630260521 
0.374749498997996 0.2797130663927856 
0.37675350701402804 0.27980478408817633 
0.3787575150300601 0.27981366965931864 
0.3807615230460922 0.2797361982965932 
0.38276553106212424 0.2795992611422846 
0.38476953907815625 0.27942886396793587 
0.3867735470941883 0.27923386226452906 
0.3887775551102204 0.27902354601202406 
0.39078156312625245 0.2788132756713427 
0.3927855711422845 0.2785992486372746 
0.3947895791583166 0.2783518911222445 
0.39679358717434865 0.2780510463927856 
0.3987975951903807 0.2777101763727455 
0.4008016032064128 0.2773501257715431 
0.40280561122244485 0.27696741118236473 
0.4048096192384769 0.27654608551102206 
0.406813627254509 0.27608505559118235 
0.40881763527054105 0.27559218687374754 
0.4108216432865731 0.2750637242685371 
0.4128256513026052 0.27449016054108216 
0.41482965931863724 0.27387474561122244 
0.4168336673346693 0.27322636907815634 
0.4188376753507014 0.2725416046292585 
0.42084168336673344 0.27181375306613226 
0.4228456913827655 0.27105553090180357 
0.4248496993987976 0.27029165899799595 
0.42685370741482964 0.2695281249298597 
0.4288577154308617 0.2687441015430862 
0.4308617234468938 0.26791602821643284 
0.43286573146292584 0.2670378391783567 
0.4348697394789579 0.26611946340681364 
0.4368737474949899 0.26517946733466935 
0.438877755511022 0.2642404090981964 
0.44088176352705405 0.26331749170340685 
0.4428857715430861 0.2624061047294589 
0.4448897795591182 0.2614867330460922 
0.44689378757515025 0.2605451431062124 
0.4488977955911823 0.25958281779559117 
0.4509018036072144 0.25860778418837677 
0.45290581162324645 0.2576197973947896 
0.4549098196392785 0.2566049378957916 
0.4569138276553106 0.2555409145891784 
0.45891783567134264 0.25440918248496996 
0.4609218436873747 0.25320429206412826 
0.4629258517034068 0.2519305385971944 
0.46492985971943884 0.2505896355511022 
0.4669338677354709 0.24917871641282566 
0.468937875751503 0.24770357591182365 
0.47094188376753504 0.24618822094188378 
0.4729458917835671 0.2446661858517034 
0.4749498997995992 0.24316626581162323 
0.47695390781563124 0.2417088871543086 
0.4789579158316633 0.24031208553106212 
0.48096192384769537 0.23899730496993987 
0.48296593186372744 0.23779235507014027 
0.4849699398797595 0.23672830426853708 
0.48697394789579157 0.23582993136272543 
0.4889779559118236 0.2351123099198397 
0.49098196392785565 0.23459297290581163 
0.4929859719438877 0.23430058124248498 
0.4949899799599198 0.23425970873747495 
0.49699398797595185 0.23447207847695392 
0.4989979959919839 0.23492986825651302 
0.501002004008016 0.23564352733466934 
0.503006012024048 0.23663333893787575 
0.5050100200400801 0.23788728517034066 
0.5070140280561122 0.23934648006012024 
0.5090180360721442 0.2409395866332665 
0.5110220440881763 0.24261621018036073 
0.5130260521042084 0.24434232859719437 
0.5150300601202404 0.2460854843086172 
0.5170340681362725 0.24781783044088176 
0.5190380761523046 0.24952058825651305 
0.5210420841683366 0.25117767869739477 
0.5230460921843687 0.2527812233466934 
0.5250501002004008 0.2543503869739479 
0.5270541082164328 0.25592720501002003 
0.5290581162324649 0.2575472893987976 
0.531062124248497 0.2592369334268537 
0.533066132264529 0.2610462838677355 
0.5350701402805611 0.2630534823246493 
0.5370741482965932 0.265313096753507 
0.5390781563126252 0.2678226811022045 
0.5410821643286573 0.2705622046292585 
0.5430861723446894 0.2735439731062125 
0.5450901803607214 0.27679702503006015 
0.5470941883767535 0.28032313875751513 
0.5490981963927856 0.2841013136673347 
0.5511022044088176 0.28812080258517037 
0.5531062124248497 0.29237304937875763 
0.5551102204408818 0.29681766446893804 
0.5571142284569138 0.3013919676953909 
0.5591182364729459 0.30605307779559127 
0.561122244488978 0.31077658769539096 
0.56312625250501 0.3155108325851704 
0.565130260521042 0.32016726488977937 
0.567134268537074 0.3246676306212424 
0.5691382765531061 0.3289723256513026 
0.5711422845691382 0.3330484396993987 
0.5731462925851702 0.33683622741482955 
0.5751503006012023 0.3402700617034068 
0.5771543086172344 0.34331949749498986 
0.5791583166332664 0.34599139755511016 
0.5811623246492985 0.3482994051102204 
0.5831663326653306 0.3502458864729459 
0.5851703406813626 0.3518285141683366 
0.5871743486973947 0.3530505587374749 
0.5891783567134268 0.35392363480961925 
0.5911823647294588 0.3544666231462926 
0.5931863727454909 0.35470143895791584 
0.595190380761523 0.35464712693386774 
0.597194388777555 0.3543206612024048 
0.5991983967935871 0.3537451205611223 
0.6012024048096192 0.35295095232464935 
0.6032064128256512 0.3519643075150301 
0.6052104208416833 0.35079829106212423 
0.6072144288577154 0.34946375961923853 
0.6092184368737474 0.34799156452905816 
0.6112224448897795 0.34644022603206415 
0.6132264529058116 0.344875708997996 
0.6152304609218436 0.3433397616633267 
0.6172344689378757 0.34183965621242485 
0.6192384769539078 0.34037088921843683 
0.6212424849699398 0.3389452663126253 
0.6232464929859719 0.33758914509018034 
0.625250501002004 0.3363173401803607 
0.627254509018036 0.3351198301803607 
0.6292585170340681 0.3339755977154309 
0.6312625250501002 0.3328679607815631 
0.6332665330661322 0.3317841228857715 
0.6352705410821643 0.33071397316633266 
0.6372745490981964 0.32965882254509016 
0.6392785571142284 0.3286314959318637 
0.6412825651302605 0.3276396047695391 
0.6432865731462926 0.3266768633867736 
0.6452905811623246 0.32573822531062124 
0.6472945891783567 0.3248318850501002 
0.6492985971943888 0.32396620068136267 
0.6513026052104208 0.3231342890380761 
0.6533066132264529 0.32232410286573143 
0.655310621242485 0.32153498034068134 
0.657314629258517 0.3207713335270541 
0.6593186372745491 0.3200266252905812 
0.6613226452905812 0.3192888073346693 
0.6633266533066132 0.3185571394388777 
0.6653306613226453 0.31784071953907816 
0.6673346693386772 0.3171426354509018 
0.6693386773547093 0.3164585468136273 
0.6713426853707414 0.3157879985971944 
0.6733466933867734 0.3151348757715431 
0.6753507014028055 0.314496959759519 
0.6773547094188376 0.31386728126252506 
0.6793587174348696 0.3132451879759519 
0.6813627254509017 0.3126367010220441 
0.6833667334669338 0.31204333134268536 
0.6853707414829658 0.31146111937875753 
0.6873747494989979 0.3108897352705411 
0.68937875751503 0.3103339366533066 
0.691382765531062 0.3097946909018036 
0.6933867735470941 0.30926789236472946 
0.6953907815631262 0.3087515049098197 
0.6973947895791582 0.30824735190380764 
0.6993987975951903 0.3077547024448898 
0.7014028056112224 0.30726997977955917 
0.7034068136272544 0.306791819739479 
0.7054108216432865 0.3063215791382765 
0.7074148296593186 0.3058581231062124 
0.7094188376753506 0.30539917414829665 
0.7114228456913827 0.30494559715430863 
0.7134268537074148 0.3044999066933868 
0.7154308617234468 0.30406050216432867 
0.7174348697394789 0.3036244593186373 
0.719438877755511 0.3031928755310621 
0.721442885771543 0.3027694258717435 
0.7234468937875751 0.30235360979959924 
0.7254509018036072 0.30194260378757515 
0.7274549098196392 0.30153635963927855 
0.7294589178356713 0.30113703721442886 
0.7314629258517034 0.3007437193186373 
0.7334669338677354 0.30035490939879755 
0.7354709418837675 0.29997216701402807 
0.7374749498997996 0.29959801531062125 
0.7394789579158316 0.2992303098196393 
0.7414829659318637 0.2988661743086172 
0.7434869739478958 0.29850658198396796 
0.7454909819639278 0.2981545123246493 
0.7474949899799599 0.29780862448897794 
0.749498997995992 0.29746675236472947 
0.751503006012024 0.2971299755711423 
0.7535070140280561 0.29680077006012023 
0.7555110220440882 0.29647661743486975 
0.7575150300601202 0.2961545109619238 
0.7595190380761523 0.29583527905811624 
0.7615230460921844 0.2955223156513026 
0.7635270541082164 0.2952140343887776 
0.7655310621242485 0.29490873492985975 
0.7675350701402806 0.2946073859118236 
0.7695390781563125 0.29431191020040076 
0.7715430861723446 0.2940209548897796 
0.7735470941883766 0.2937331682765531 
0.7755511022044087 0.2934492760721443 
0.7775551102204408 0.293170455991984 
0.7795591182364728 0.2928960791382766 
0.7815631262525049 0.2926245758517034 
0.783567134268537 0.29235672148296593 
0.785571142284569 0.2920936285971944 
0.7875751503006011 0.2918350830260521 
0.7895791583166332 0.29157899673346693 
0.7915831663326652 0.29132616316633264 
0.7935871743486973 0.2910780078957916 
0.7955911823647294 0.2908335889779559 
0.7975951903807614 0.2905917764328657 
0.7995991983967935 0.29035326498997993 
0.8016032064128256 0.2901190777154309 
0.8036072144288576 0.289888552244489 
0.8056112224448897 0.28966039805611227 
0.8076152304609218 0.28943539749499 
0.8096192384769538 0.2892145215230461 
0.8116232464929859 0.28899715268537074 
0.813627254509018 0.28878198336673344 
0.81563126252505 0.28856983913827655 
0.8176352705410821 0.28836165158316635 
0.8196392785571142 0.28815682649298596 
0.8216432865731462 0.2879540426252505 
0.8236472945891783 0.28775418250501 
0.8256513026052104 0.28755812066132264 
0.8276553106212424 0.2873652914428858 
0.8296593186372745 0.28717437156312625 
0.8316633266533066 0.28698626821643286 
0.8336673346693386 0.28680183937875753 
0.8356713426853707 0.2866205138076152 
0.8376753507014028 0.28644098034068133 
0.8396793587174348 0.2862641820841684 
0.8416833667334669 0.2860909288577154 
0.843687374749499 0.28592067014028055 
0.845691382765531 0.28575209104208416 
0.8476953907815631 0.2855861763126253 
0.8496993987975952 0.28542369665330664 
0.8517034068136272 0.2852641032264529 
0.8537074148296593 0.2851061020641283 
0.8557114228456913 0.28495069368737475 
0.8577154308617234 0.2847986312825651 
0.8597194388777555 0.28464934164328654 
0.8617234468937875 0.2845015669138276 
0.8637274549098196 0.28435632472945893 
0.8657314629258517 0.28421433625250503 
0.8677354709418837 0.28407504492985974 
0.8697394789579158 0.2839371812825651 
0.8717434869739479 0.28380179823647295 
0.8737474949899798 0.2836695899198397 
0.8757515030060119 0.28353999358717435 
0.877755511022044 0.28341176012024044 
0.879759519038076 0.28328595482965935 
0.8817635270541081 0.2831632593186373 
0.8837675350701402 0.28304309907815633 
0.8857715430861722 0.2829242383767535 
0.8877755511022043 0.28280776945891783 
0.8897795591182364 0.2826943353707415 
0.8917835671342684 0.2825833703206413 
0.8937875751503005 0.2824736578156313 
0.8957915831663326 0.2823662976953908 
0.8977955911823646 0.2822619138276553 
0.8997995991983967 0.282159933246493 
0.9018036072144288 0.28205914821643285 
0.9038076152304608 0.28196069242484967 
0.9058116232464929 0.2818651618036072 
0.907815631262525 0.28177197773547097 
0.909819639278557 0.2816799321042084 
0.9118236472945891 0.2815902040280561 
0.9138276553106212 0.2815033515831663 
0.9158316633266532 0.2814187801803607 
0.9178356713426853 0.281335327755511 
0.9198396793587174 0.2812541596192385 
0.9218436873747494 0.2811758141482966 
0.9238476953907815 0.2810997224048096 
0.9258517034068136 0.2810246952304609 
0.9278557114228456 0.2809519541482966 
0.9298597194388777 0.2808819824048096 
0.9318637274549098 0.28081422428857716 
0.9338677354709418 0.2807474996593186 
0.9358717434869739 0.28068304929859716 
0.937875751503006 0.2806213286372745 
0.939879759519038 0.28056179933867736 
0.9418837675350701 0.2805032506212425 
0.9438877755511021 0.28044698472945895 
0.9458917835671342 0.2803934167134269 
0.9478957915831663 0.2803419976753507 
0.9498997995991983 0.28029153921843686 
0.9519038076152304 0.28024336260521043 
0.9539078156312625 0.2801978465731463 
0.9559118236472945 0.2801544658116233 
0.9579158316633266 0.280112000501002 
0.9599198396793587 0.28007183955911824 
0.9619238476953907 0.2800343037675351 
0.9639278557114228 0.27999888230460923 
0.9659318637274549 0.27996434851703406 
0.9679358717434869 0.2799321431863728 
0.969939879759519 0.2799025084769539 
0.9719438877755511 0.2798749957114229 
0.9739478957915831 0.2798483333266533 
0.9759519038076151 0.2798240327655311 
0.9779559118236472 0.2798022679358717 
0.9799599198396792 0.27978262338677357 
0.9819639278557113 0.27976379186372746 
0.9839679358717434 0.2797473680561122 
0.9859719438877754 0.279733422985972 
0.9879759519038075 0.27972163569138275 
0.9899799599198396 0.279710605751503 
0.9919839679358716 0.27970206713426854 
0.9939879759519037 0.27969593164328654 
0.9959919839679358 0.27969206178356715 
0.9979959919839678 0.27968887312625246 
1.0 0.27968842 
