xdata ydata 
0.0 -1.903e-05 
0.002004008016032064 -0.0015449169739478958 
0.004008016032064128 -0.0030720586372745486 
0.0060120240480961915 -0.004600737334669338 
0.008016032064128256 -0.006131228537074148 
0.01002004008016032 -0.0076648008416833665 
0.012024048096192383 -0.00920274128256513 
0.014028056112224447 -0.010745375010020038 
0.01603206412825651 -0.012292990941883767 
0.018036072144288574 -0.013846904388777554 
0.02004008016032064 -0.015408557855711423 
0.022044088176352703 -0.01697834118236473 
0.024048096192384766 -0.01855655671342685 
0.026052104208416832 -0.02014466759519038 
0.028056112224448895 -0.02174436412825651 
0.03006012024048096 -0.02335614755511022 
0.03206412825651302 -0.024980382885771542 
0.03406813627254509 -0.02661874124248497 
0.03607214428857715 -0.02827333276553106 
0.038076152304609215 -0.029944919939879758 
0.04008016032064128 -0.03163391529058116 
0.04208416833667334 -0.03334232460921843 
0.044088176352705406 -0.035073031202404806 
0.04609218436873747 -0.036827520020040076 
0.04809619238476953 -0.03860641733466933 
0.0501002004008016 -0.04041153833667334 
0.052104208416833664 -0.04224549975951904 
0.05410821643286573 -0.04410988154308617 
0.05611222444889779 -0.046006718757515025 
0.058116232464929855 -0.047941094148296594 
0.06012024048096192 -0.04991831310621243 
0.06212424849699398 -0.051937481703406806 
0.06412825651302605 -0.05399250679358717 
0.06613226452905811 -0.056082015310621236 
0.06813627254509018 -0.05821477639278558 
0.07014028056112225 -0.060400732705410826 
0.0721442885771543 -0.06263989553106211 
0.07414829659318636 -0.0649273580761523 
0.07615230460921843 -0.06727115563126253 
0.0781563126252505 -0.06969922004008015 
0.08016032064128256 -0.07224390661322645 
0.08216432865731463 -0.07492234426853707 
0.08416833667334668 -0.07773595360721441 
0.08617234468937875 -0.08068279543086171 
0.08817635270541081 -0.08375632196392785 
0.09018036072144288 -0.08692494346693387 
0.09218436873747494 -0.09012047240480962 
0.09418837675350701 -0.09325434569138276 
0.09619238476953906 -0.0962387905811623 
0.09819639278557113 -0.09898175428857714 
0.1002004008016032 -0.10136995991983967 
0.10220440881763526 -0.1032813941482966 
0.10420841683366733 -0.10462503579158317 
0.1062124248496994 -0.10535477418837674 
0.10821643286573146 -0.10543624949899799 
0.11022044088176351 -0.10481945749498998 
0.11222444889779558 -0.10346775104208418 
0.11422845691382764 -0.10140602188376753 
0.11623246492985971 -0.0987144638476954 
0.11823647294589178 -0.09547047527054109 
0.12024048096192384 -0.09171739651302603 
0.1222444889779559 -0.08749759807615233 
0.12424849699398796 -0.08289485254509021 
0.12625250501002003 -0.07802640537074153 
0.1282565130260521 -0.07300533675350698 
0.13026052104208416 -0.06792982132264527 
0.13226452905811623 -0.06290431831663326 
0.1342685370741483 -0.058049090921843696 
0.13627254509018036 -0.05347781573146292 
0.13827655310621242 -0.04927010358717435 
0.1402805611222445 -0.04546862244488976 
0.14228456913827653 -0.042096869899799626 
0.1442885771543086 -0.039173717134268565 
0.14629258517034066 -0.03670882048096193 
0.14829659318637273 -0.034684215531062136 
0.1503006012024048 -0.03304358825651303 
0.15230460921843686 -0.03170649224448898 
0.15430861723446893 -0.030597694408817645 
0.156312625250501 -0.02966211897795592 
0.15831663326653306 -0.02885384260521042 
0.16032064128256512 -0.028122253086172343 
0.1623246492985972 -0.027418856733466935 
0.16432865731462926 -0.026715368456913826 
0.16633266533066132 -0.02600591134268537 
0.16833667334669336 -0.02529133286573147 
0.17034068136272543 -0.024568367915831668 
0.1723446893787575 -0.02383724645290582 
0.17434869739478956 -0.02311051519038077 
0.17635270541082163 -0.022400675390781565 
0.1783567134268537 -0.02169284314629259 
0.18036072144288576 -0.020939053747494992 
0.18236472945891782 -0.020094181783567137 
0.1843687374749499 -0.019159364208416838 
0.18637274549098196 -0.01817514148296593 
0.18837675350701402 -0.017165981182364728 
0.1903807615230461 -0.016109424348697395 
0.19238476953907813 -0.014976922344689397 
0.1943887775551102 -0.013787338376753517 
0.19639278557114226 -0.01259101460921845 
0.19839679358717432 -0.011407757114228465 
0.2004008016032064 -0.01021713000000001 
0.20240480961923846 -0.00901352212424851 
0.20440881763527052 -0.007829195591182362 
0.2064128256513026 -0.006680143146292586 
0.20841683366733466 -0.0055257131062124275 
0.21042084168336672 -0.0043205551903807635 
0.2124248496993988 -0.003086956412825654 
0.21442885771543085 -0.0018918482164328693 
0.21643286573146292 -0.0007556141282565087 
0.21843687374749496 0.0003769538677354573 
0.22044088176352702 0.0015678901202404642 
0.2224448897795591 0.0028212756312625173 
0.22444889779559116 0.004099166873747486 
0.22645290581162322 0.0053738903607214355 
0.2284569138276553 0.006644388577154299 
0.23046092184368736 0.00792042523046091 
0.23246492985971942 0.009214791202404796 
0.2344689378757515 0.010546771382765533 
0.23647294589178355 0.01193704014028056 
0.23847695390781562 0.013398964509018032 
0.24048096192384769 0.014940626072144289 
0.24248496993987975 0.016570950981963928 
0.2444889779559118 0.018298371062124234 
0.24649298597194386 0.0201307952304609 
0.24849699398797592 0.02208286803607212 
0.250501002004008 0.024176029759519033 
0.25250501002004005 0.026422758517034035 
0.2545090180360721 0.028816685811623236 
0.2565130260521042 0.0313465099198397 
0.25851703406813625 0.034014683326653285 
0.2605210420841683 0.03683088713426855 
0.2625250501002004 0.039789485931863704 
0.26452905811623245 0.04286609322645292 
0.2665330661322645 0.046043282144288544 
0.2685370741482966 0.0493332339478958 
0.27054108216432865 0.05276785268537074 
0.2725450901803607 0.05636589446893788 
0.2745490981963928 0.060114206372745546 
0.27655310621242485 0.06398113815631262 
0.2785571142284569 0.06794378547094193 
0.280561122244489 0.07199925947895791 
0.282565130260521 0.07615644661322639 
0.28456913827655306 0.08042487226452892 
0.2865731462925851 0.08480688048096185 
0.2885771543086172 0.08928468517034062 
0.29058116232464926 0.09381124448897787 
0.2925851703406813 0.09833041402805609 
0.2945891783567134 0.10282315042084159 
0.29659318637274545 0.10732999959919835 
0.2985971943887775 0.1119172833667334 
0.3006012024048096 0.11662130825651298 
0.30260521042084165 0.12143103406813617 
0.3046092184368737 0.12631641370741478 
0.3066132264529058 0.13126035903807615 
0.30861723446893785 0.13626449462925846 
0.3106212424849699 0.14133774641282565 
0.312625250501002 0.14648350765531054 
0.31462925851703405 0.1516933016032064 
0.3166332665330661 0.15695177693386775 
0.3186372745490982 0.1622496106813627 
0.32064128256513025 0.16758440388777562 
0.3226452905811623 0.17294387348697393 
0.3246492985971944 0.1782989475350702 
0.32665330661322645 0.18362686751503007 
0.3286573146292585 0.18893164138276558 
0.3306613226452906 0.19422398220440878 
0.33266533066132264 0.19948509915831666 
0.33466933867735466 0.20467154715430855 
0.3366733466933867 0.20975726853707402 
0.3386773547094188 0.21475321533066127 
0.34068136272545085 0.2196813192384768 
0.3426853707414829 0.2245483709619238 
0.344689378757515 0.22935132669338673 
0.34669338677354705 0.23409017118236466 
0.3486973947895791 0.23876278725450892 
0.3507014028056112 0.2433613261923847 
0.35270541082164325 0.24788654789579156 
0.3547094188376753 0.2523551553907815 
0.3567134268537074 0.25677936823647296 
0.35871743486973945 0.261149225531062 
0.3607214428857715 0.265452464008016 
0.3627254509018036 0.2697091184769539 
0.36472945891783565 0.27396631727454906 
0.3667334669338677 0.2782501429659318 
0.3687374749498998 0.28253012306613223 
0.37074148296593185 0.286740036012024 
0.3727454909819639 0.2908322581763527 
0.374749498997996 0.2948087671943888 
0.37675350701402804 0.29870167394789576 
0.3787575150300601 0.3025326377154309 
0.3807615230460922 0.3062947430861724 
0.38276553106212424 0.3099675867134269 
0.38476953907815625 0.3135377374949899 
0.3867735470941883 0.3170033994589177 
0.3887775551102204 0.32036940048096185 
0.39078156312625245 0.3236465360521042 
0.3927855711422845 0.32685262474949894 
0.3947895791583166 0.3300108765531062 
0.39679358717434865 0.33314778058116223 
0.3987975951903807 0.33628714671342685 
0.4008016032064128 0.3394316667935871 
0.40280561122244485 0.34255025328657307 
0.4048096192384769 0.345600954769539 
0.406813627254509 0.34857251543086165 
0.40881763527054105 0.3514830816032064 
0.4108216432865731 0.3543315024248497 
0.4128256513026052 0.3570798834268537 
0.41482965931863724 0.35970746120240477 
0.4168336673346693 0.36225253262525053 
0.4188376753507014 0.3647637698597195 
0.42084168336673344 0.3672266957715431 
0.4228456913827655 0.36958243488977954 
0.4248496993987976 0.3718109728256513 
0.42685370741482964 0.3739484494388778 
0.4288577154308617 0.37601906761523046 
0.4308617234468938 0.3780001993987976 
0.43286573146292584 0.3798690638877755 
0.4348697394789579 0.3816357189579158 
0.4368737474949899 0.3833024853306613 
0.438877755511022 0.38483536458917833 
0.44088176352705405 0.386215614008016 
0.4428857715430861 0.38749024887775546 
0.4448897795591182 0.38872613444889775 
0.44689378757515025 0.38993113839679355 
0.4488977955911823 0.3910620995190381 
0.4509018036072144 0.39210098340681365 
0.45290581162324645 0.39307905993987974 
0.4549098196392785 0.3940250875751503 
0.4569138276553106 0.39492750895791584 
0.45891783567134264 0.39575733168336674 
0.4609218436873747 0.39649794324649296 
0.4629258517034068 0.3971419797194389 
0.46492985971943884 0.39768408156312623 
0.4669338677354709 0.3981311773547094 
0.468937875751503 0.3985017940480962 
0.47094188376753504 0.3988050497795591 
0.4729458917835671 0.3990349165731463 
0.4749498997995992 0.399191105751503 
0.47695390781563124 0.3992835338276553 
0.4789579158316633 0.39930397482965935 
0.48096192384769537 0.39921410296593185 
0.48296593186372744 0.3989834358917836 
0.4849699398797595 0.3986270086172345 
0.48697394789579157 0.3981854349098196 
0.4889779559118236 0.39767578118236474 
0.49098196392785565 0.3970869028456914 
0.4929859719438877 0.39642140010020044 
0.4949899799599198 0.3957146249098196 
0.49699398797595185 0.3949980140480962 
0.4989979959919839 0.39426214318637276 
0.501002004008016 0.3934743350701403 
0.503006012024048 0.39262516046092183 
0.5050100200400801 0.3917377971543087 
0.5070140280561122 0.3908346882164329 
0.5090180360721442 0.38991582751503007 
0.5110220440881763 0.38897777250501003 
0.5130260521042084 0.388035482745491 
0.5150300601202404 0.3871101752705411 
0.5170340681362725 0.38620303438877757 
0.5190380761523046 0.3852951316432866 
0.5210420841683366 0.38436891699398795 
0.5230460921843687 0.38341927683366733 
0.5250501002004008 0.38244778893787573 
0.5270541082164328 0.3814605921242485 
0.5290581162324649 0.3804696509819639 
0.531062124248497 0.37948322322645295 
0.533066132264529 0.37849346316633264 
0.5350701402805611 0.37748438274549095 
0.5370741482965932 0.37645054951903806 
0.5390781563126252 0.3753979939278557 
0.5410821643286573 0.3743305498997996 
0.5430861723446894 0.3732516374749499 
0.5450901803607214 0.3721773163727455 
0.5470941883767535 0.37112801046092186 
0.5490981963927856 0.37010328917835666 
0.5511022044088176 0.3690844185771543 
0.5531062124248497 0.3680669200801603 
0.5551102204408818 0.3670703681563126 
0.5571142284569138 0.3661052992985972 
0.5591182364729459 0.36515140783567135 
0.561122244488978 0.36418416793587177 
0.56312625250501 0.363207466012024 
0.565130260521042 0.3622409116833668 
0.567134268537074 0.36128840016032066 
0.5691382765531061 0.36033995727454915 
0.5711422845691382 0.359397725751503 
0.5731462925851702 0.35847804296593194 
0.5751503006012023 0.3575889213627255 
0.5771543086172344 0.35672157629258516 
0.5791583166332664 0.35586518080160323 
0.5811623246492985 0.35501610152304613 
0.5831663326653306 0.35417287420841687 
0.5851703406813626 0.35333428695390784 
0.5871743486973947 0.3525044191182365 
0.5891783567134268 0.35168899462925857 
0.5911823647294588 0.3508859911222445 
0.5931863727454909 0.350087900741483 
0.595190380761523 0.34929314673346695 
0.597194388777555 0.3485063436673347 
0.5991983967935871 0.3477282349298597 
0.6012024048096192 0.3469539949498998 
0.6032064128256512 0.34618186853707417 
0.6052104208416833 0.3454150749498998 
0.6072144288577154 0.34465504224448895 
0.6092184368737474 0.34389974863727457 
0.6112224448897795 0.34314936573146293 
0.6132264529058116 0.3424066612224449 
0.6152304609218436 0.34167207971943886 
0.6172344689378757 0.3409437149098197 
0.6192384769539078 0.3402221311222445 
0.6212424849699398 0.33950969773547096 
0.6232464929859719 0.33880664573146296 
0.625250501002004 0.33811241581162327 
0.627254509018036 0.33742904655310624 
0.6292585170340681 0.3367579126252505 
0.6312625250501002 0.33609607591182367 
0.6332665330661322 0.3354409773346693 
0.6352705410821643 0.3347958177154309 
0.6372745490981964 0.3341635380160321 
0.6392785571142284 0.3335393588376754 
0.6412825651302605 0.3329162842885771 
0.6432865731462926 0.3322956129659319 
0.6452905811623246 0.3316841983767535 
0.6472945891783567 0.33108397689378755 
0.6492985971943888 0.33049176034068134 
0.6513026052104208 0.3299075624248497 
0.6533066132264529 0.329334622745491 
0.655310621242485 0.328772058256513 
0.657314629258517 0.32821521785571145 
0.6593186372745491 0.32766322318637275 
0.6613226452905812 0.3271190973747495 
0.6633266533066132 0.32658291376753507 
0.6653306613226453 0.3260513988176353 
0.6673346693386772 0.32552444975951905 
0.6693386773547093 0.3250052519639279 
0.6713426853707414 0.3244943994388778 
0.6733466933867734 0.32398988088176356 
0.6753507014028055 0.3234927610420842 
0.6773547094188376 0.32300646216432866 
0.6793587174348696 0.3225305140681363 
0.6813627254509017 0.3220610328456914 
0.6833667334669338 0.3215973130460922 
0.6853707414829658 0.3211421208817635 
0.6873747494989979 0.3206952916232465 
0.68937875751503 0.32025292651302606 
0.691382765531062 0.3198132742685371 
0.6933867735470941 0.31937828633266535 
0.6953907815631262 0.31894857703406815 
0.6973947895791582 0.31852227501002006 
0.6993987975951903 0.3180990134268537 
0.7014028056112224 0.31768064166332666 
0.7034068136272544 0.3172672044689379 
0.7054108216432865 0.31685691757515033 
0.7074148296593186 0.3164499692985972 
0.7094188376753506 0.31604858336673347 
0.7114228456913827 0.31565274182364733 
0.7134268537074148 0.3152607141482966 
0.7154308617234468 0.31487322366733467 
0.7174348697394789 0.3144914891783567 
0.719438877755511 0.3141153171943888 
0.721442885771543 0.31374318220440883 
0.7234468937875751 0.31337551440881767 
0.7254509018036072 0.3130128325851704 
0.7274549098196392 0.3126554015230461 
0.7294589178356713 0.31230163316633264 
0.7314629258517034 0.3119519504408818 
0.7334669338677354 0.311606901503006 
0.7354709418837675 0.31126731605210417 
0.7374749498997996 0.31093159889779565 
0.7394789579158316 0.31059909104208416 
0.7414829659318637 0.3102712271743487 
0.7434869739478958 0.3099474822244489 
0.7454909819639278 0.30962712126252506 
0.7474949899799599 0.3093105644088176 
0.749498997995992 0.30899831853707416 
0.751503006012024 0.3086903590781563 
0.7535070140280561 0.30838552599198393 
0.7555110220440882 0.30808428697394785 
0.7575150300601202 0.30778712288577154 
0.7595190380761523 0.30749408735470946 
0.7615230460921844 0.3072040113226453 
0.7635270541082164 0.3069173415831663 
0.7655310621242485 0.3066345900200401 
0.7675350701402806 0.30635579829659315 
0.7695390781563125 0.306079807755511 
0.7715430861723446 0.30580709038076154 
0.7735470941883766 0.3055381305611222 
0.7755511022044087 0.30527297807615233 
0.7775551102204408 0.30501048653306617 
0.7795591182364728 0.30475113995991987 
0.7815631262525049 0.3044954155110221 
0.783567134268537 0.3042433399198397 
0.785571142284569 0.3039938152705411 
0.7875751503006011 0.3037473187174349 
0.7895791583166332 0.3035043105410822 
0.7915831663326652 0.30326483184368735 
0.7935871743486973 0.3030277745891784 
0.7955911823647294 0.3027936472745491 
0.7975951903807614 0.3025629035270541 
0.7995991983967935 0.3023355483166333 
0.8016032064128256 0.30211051511022047 
0.8036072144288576 0.3018883328456914 
0.8056112224448897 0.3016694098997996 
0.8076152304609218 0.3014537710821643 
0.8096192384769538 0.30124035745490985 
0.8116232464929859 0.30102969973947896 
0.813627254509018 0.30082221759519034 
0.81563126252505 0.30061790523046095 
0.8176352705410821 0.30041574224448897 
0.8196392785571142 0.30021624829659316 
0.8216432865731462 0.3000198357314629 
0.8236472945891783 0.29982650322645293 
0.8256513026052104 0.2996352301002004 
0.8276553106212424 0.29944655913827656 
0.8296593186372745 0.29926089268537076 
0.8316633266533066 0.2990782100400802 
0.8336673346693386 0.2988975116432866 
0.8356713426853707 0.29871936288577156 
0.8376753507014028 0.29854413176352707 
0.8396793587174348 0.29837180072144287 
0.8416833667334669 0.298201385751503 
0.843687374749499 0.2980334601603207 
0.845691382765531 0.2978683835871744 
0.8476953907815631 0.29770612771543087 
0.8496993987975952 0.29754572965931864 
0.8517034068136272 0.297387763747495 
0.8537074148296593 0.29723258172344685 
0.8557114228456913 0.2970801510220441 
0.8577154308617234 0.29692951813627255 
0.8597194388777555 0.2967812683567134 
0.8617234468937875 0.2966357401002004 
0.8637274549098196 0.29649290378757515 
0.8657314629258517 0.29635180529058114 
0.8677354709418837 0.2962130530260521 
0.8697394789579158 0.29607695933867734 
0.8717434869739479 0.2959434966332665 
0.8737474949899798 0.29581173174348696 
0.8757515030060119 0.2956822662124248 
0.877755511022044 0.29555541238476957 
0.879759519038076 0.2954311332865731 
0.8817635270541081 0.29530849200400805 
0.8837675350701402 0.29518812853707416 
0.8857715430861722 0.29507033378757513 
0.8877755511022043 0.294955053747495 
0.8897795591182364 0.29484136905811625 
0.8917835671342684 0.2947299362124249 
0.8937875751503005 0.2946210213226453 
0.8957915831663326 0.2945145792985972 
0.8977955911823646 0.29440969366733466 
0.8997995991983967 0.2943070267735471 
0.9018036072144288 0.29420685096192384 
0.9038076152304608 0.29410909615230457 
0.9058116232464929 0.29401286256513026 
0.907815631262525 0.29391882488977955 
0.909819639278557 0.2938272333266533 
0.9118236472945891 0.29373802991983966 
0.9138276553106212 0.29365031915831663 
0.9158316633266532 0.2935647862124249 
0.9178356713426853 0.293481666993988 
0.9198396793587174 0.29340089250501 
0.9218436873747494 0.2933215737875752 
0.9238476953907815 0.2932444231863727 
0.9258517034068136 0.29316965196392786 
0.9278557114228456 0.2930972063927856 
0.9298597194388777 0.2930261797194389 
0.9318637274549098 0.29295732086172344 
0.9338677354709418 0.29289079823647296 
0.9358717434869739 0.29282657659318634 
0.937875751503006 0.29276375118236475 
0.939879759519038 0.29270307358717434 
0.9418837675350701 0.29264472114228457 
0.9438877755511021 0.2925886399599198 
0.9458917835671342 0.29253392769539077 
0.9478957915831663 0.29248137104208416 
0.9498997995991983 0.2924311037675351 
0.9519038076152304 0.29238308338677355 
0.9539078156312625 0.292336419258517 
0.9559118236472945 0.29229190418837675 
0.9579158316633266 0.2922496541082164 
0.9599198396793587 0.29220964749498995 
0.9619238476953907 0.29217095587174347 
0.9639278557114228 0.292134437995992 
0.9659318637274549 0.2921001527855711 
0.9679358717434869 0.2920680978957916 
0.969939879759519 0.2920373475350701 
0.9719438877755511 0.2920087740480962 
0.9739478957915831 0.29198240993987973 
0.9759519038076151 0.2919582733466934 
0.9779559118236472 0.2919354128456914 
0.9799599198396792 0.29191475078156315 
0.9819639278557113 0.2918962654308617 
0.9839679358717434 0.29188003010020036 
0.9859719438877754 0.2918650260120241 
0.9879759519038075 0.29185226599198394 
0.9899799599198396 0.2918416498797595 
0.9919839679358716 0.2918333025250501 
0.9939879759519037 0.2918261451703407 
0.9959919839679358 0.2918213056312625 
0.9979959919839678 0.2918185523446894 
1.0 0.29181823 
