xdata ydata 
0.0 6.344e-05 
0.002004008016032064 0.0005720237675350701 
0.004008016032064128 0.0010807957314629259 
0.0060120240480961915 0.0015891202204408818 
0.008016032064128256 0.002097983867735471 
0.01002004008016032 0.002606414028056112 
0.012024048096192383 0.0031150229659318634 
0.014028056112224447 0.0036237696392785574 
0.01603206412825651 0.004132117735470942 
0.018036072144288574 0.0046409606613226455 
0.02004008016032064 0.005149408657314629 
0.022044088176352703 0.005658001442885772 
0.024048096192384766 0.006166764388777555 
0.026052104208416832 0.006675084288577155 
0.028056112224448895 0.007183959378757515 
0.03006012024048096 0.00769238118236473 
0.03206412825651302 0.008200982204408817 
0.03406813627254509 0.008709747695390782 
0.03607214428857715 0.00921807132264529 
0.038076152304609215 0.009726947014028056 
0.04008016032064128 0.010235383707414829 
0.04208416833667334 0.010743932905811623 
0.044088176352705406 0.011252820400801602 
0.04609218436873747 0.011760905591182366 
0.04809619238476953 0.012270194849699398 
0.0501002004008016 0.01277659150300601 
0.052104208416833664 0.013268880641282567 
0.05410821643286573 0.013742251543086172 
0.05611222444889779 0.014203062164328657 
0.058116232464929855 0.01465844022044088 
0.06012024048096192 0.015112289138276554 
0.06212424849699398 0.015568405951903806 
0.06412825651302605 0.016030122064128256 
0.06613226452905811 0.01650234841683367 
0.06813627254509018 0.016983210160320644 
0.07014028056112225 0.01746456887775551 
0.0721442885771543 0.01795126482965932 
0.07414829659318636 0.018451589338677354 
0.07615230460921843 0.01896375607214429 
0.0781563126252505 0.019484479979959918 
0.08016032064128256 0.020014401162324648 
0.08216432865731463 0.020555852144288577 
0.08416833667334668 0.02111100018036072 
0.08617234468937875 0.021682386873747496 
0.08817635270541081 0.022268929398797592 
0.09018036072144288 0.022867562044088175 
0.09218436873747494 0.023480040841683366 
0.09418837675350701 0.024106766793587177 
0.09619238476953906 0.024748837074148294 
0.09819639278557113 0.025407498476953908 
0.1002004008016032 0.02607988392785571 
0.10220440881763526 0.02676417492985972 
0.10420841683366733 0.02745744490981964 
0.1062124248496994 0.028156547014028054 
0.10821643286573146 0.028858303106212426 
0.11022044088176351 0.02955891274549098 
0.11222444889779558 0.030260445771543083 
0.11422845691382764 0.030962861623246494 
0.11623246492985971 0.03166404625250501 
0.11823647294589178 0.03236280721442886 
0.12024048096192384 0.03305537637274549 
0.1222444889779559 0.03373957198396794 
0.12424849699398796 0.03441169374749499 
0.12625250501002003 0.03506919779559118 
0.1282565130260521 0.03571411839679359 
0.13026052104208416 0.036345122164328655 
0.13226452905811623 0.03696113739478958 
0.1342685370741483 0.037561446613226454 
0.13627254509018036 0.03814671829659319 
0.13827655310621242 0.03871721008016032 
0.1402805611222445 0.03926916987975952 
0.14228456913827653 0.0398033985771543 
0.1442885771543086 0.040322658296593185 
0.14629258517034066 0.040827199839679355 
0.14829659318637273 0.04131810709418837 
0.1503006012024048 0.04179419591182365 
0.15230460921843686 0.0422554374749499 
0.15430861723446893 0.04270212519038076 
0.156312625250501 0.043134940641282565 
0.15831663326653306 0.04355695977955912 
0.16032064128256512 0.04397072897795591 
0.1623246492985972 0.04437933142284569 
0.16432865731462926 0.0447851817234469 
0.16633266533066132 0.04518838446893788 
0.16833667334669336 0.04558910484969939 
0.17034068136272543 0.04598876154308617 
0.1723446893787575 0.046391099759519036 
0.17434869739478956 0.04679793100200401 
0.17635270541082163 0.04721151721442886 
0.1783567134268537 0.047634632945891785 
0.18036072144288576 0.048068572464929855 
0.18236472945891782 0.04851603160320641 
0.1843687374749499 0.048978512765531064 
0.18637274549098196 0.04945632749498999 
0.18837675350701402 0.049950739498998 
0.1903807615230461 0.050463701182364734 
0.19238476953907813 0.05099865418837675 
0.1943887775551102 0.05155496723446893 
0.19639278557114226 0.0521324803006012 
0.19839679358717432 0.052733327234468934 
0.2004008016032064 0.053356750100200405 
0.20240480961923846 0.05399957983967936 
0.20440881763527052 0.054657861723446895 
0.2064128256513026 0.05533088430861723 
0.20841683366733466 0.056017190681362725 
0.21042084168336672 0.056710513486973944 
0.2124248496993988 0.057408431863727453 
0.21442885771543085 0.0581097703006012 
0.21643286573146292 0.0588136825250501 
0.21843687374749496 0.05951995645290581 
0.22044088176352702 0.060226591182364723 
0.2224448897795591 0.060931924088176354 
0.22444889779559116 0.06163392386773547 
0.22645290581162322 0.06233171537074148 
0.2284569138276553 0.06302552925851704 
0.23046092184368736 0.06371474276553106 
0.23246492985971942 0.06440193018036072 
0.2344689378757515 0.06508946639278557 
0.23647294589178355 0.06578070228456914 
0.23847695390781562 0.06647963665330661 
0.24048096192384769 0.06718834226452906 
0.24248496993987975 0.06790939034068136 
0.2444889779559118 0.06864452140280561 
0.24649298597194386 0.0693956290781563 
0.24849699398797592 0.07016578054108216 
0.250501002004008 0.07095739078156313 
0.25250501002004005 0.07177202629258515 
0.2545090180360721 0.0726082529258517 
0.2565130260521042 0.07346729154308616 
0.25851703406813625 0.07435031482965931 
0.2605210420841683 0.0752554661523046 
0.2625250501002004 0.07618133040080162 
0.26452905811623245 0.07712610915831664 
0.2665330661322645 0.07808886895791585 
0.2685370741482966 0.07906601280561122 
0.27054108216432865 0.08005263631262524 
0.2725450901803607 0.08104942705410823 
0.2745490981963928 0.08205582208416834 
0.27655310621242485 0.08307299565130262 
0.2785571142284569 0.08410209977955913 
0.280561122244489 0.08514053501002006 
0.282565130260521 0.08618708466933866 
0.28456913827655306 0.08724006653306612 
0.2865731462925851 0.08829825474949898 
0.2885771543086172 0.08935981675350699 
0.29058116232464926 0.09042248148296593 
0.2925851703406813 0.09148955561122243 
0.2945891783567134 0.09256201180360721 
0.29659318637274545 0.09364082166332664 
0.2985971943887775 0.09472641366733467 
0.3006012024048096 0.09581488531062123 
0.30260521042084165 0.09690522621242485 
0.3046092184368737 0.09799814891783566 
0.3066132264529058 0.09909359252505008 
0.30861723446893785 0.10019014783567134 
0.3106212424849699 0.10128688929859718 
0.312625250501002 0.10238796098196394 
0.31462925851703405 0.10349336124248495 
0.3166332665330661 0.10460139076152306 
0.3186372745490982 0.10571083286573146 
0.32064128256513025 0.10681842298597195 
0.3226452905811623 0.10792288210420842 
0.3246492985971944 0.10902205875751506 
0.32665330661322645 0.11011458589178358 
0.3286573146292585 0.11120080625250502 
0.3306613226452906 0.11227945681362728 
0.33266533066132264 0.11335206456913828 
0.33466933867735466 0.11441654791583165 
0.3366733466933867 0.11546957693386771 
0.3386773547094188 0.11651225054108216 
0.34068136272545085 0.11754635466933866 
0.3426853707414829 0.11857318132264529 
0.344689378757515 0.11959297525050099 
0.34669338677354705 0.12060598899799597 
0.3486973947895791 0.12161306517034068 
0.3507014028056112 0.12261479416833666 
0.35270541082164325 0.12361390675350702 
0.3547094188376753 0.12461090228456914 
0.3567134268537074 0.12560672108216434 
0.35871743486973945 0.1266032688777555 
0.3607214428857715 0.12760123178356714 
0.3627254509018036 0.12860110909819641 
0.36472945891783565 0.12960198448897794 
0.3667334669338677 0.13060171793587175 
0.3687374749498998 0.13159857104208417 
0.37074148296593185 0.13259307298597198 
0.3727454909819639 0.13358714909819638 
0.374749498997996 0.13457976771543087 
0.37675350701402804 0.13557054048096193 
0.3787575150300601 0.13655558591182368 
0.3807615230460922 0.13753116835671345 
0.38276553106212424 0.13849993244488976 
0.38476953907815625 0.13946241284569136 
0.3867735470941883 0.14041604949899797 
0.3887775551102204 0.14136100987975952 
0.39078156312625245 0.14230051829659318 
0.3927855711422845 0.14323848725450902 
0.3947895791583166 0.14417587519038075 
0.39679358717434865 0.14511391765531062 
0.3987975951903807 0.14605104753507014 
0.4008016032064128 0.1469856161523046 
0.40280561122244485 0.14791726687374748 
0.4048096192384769 0.14884588675350702 
0.406813627254509 0.14977630068136272 
0.40881763527054105 0.15071055581162324 
0.4108216432865731 0.15164744745490982 
0.4128256513026052 0.15258721761523047 
0.41482965931863724 0.15352518196392786 
0.4168336673346693 0.1544615396993988 
0.4188376753507014 0.15539920995991985 
0.42084168336673344 0.15633687511022046 
0.4228456913827655 0.15727333803607216 
0.4248496993987976 0.15820785837675352 
0.42685370741482964 0.15914216490981964 
0.4288577154308617 0.16007557533066133 
0.4308617234468938 0.1610045495791583 
0.43286573146292584 0.16192985873747498 
0.4348697394789579 0.16285077338677356 
0.4368737474949899 0.1637665726252505 
0.438877755511022 0.1646758164529058 
0.44088176352705405 0.16557847807615228 
0.4428857715430861 0.16647714693386773 
0.4448897795591182 0.16737138743486973 
0.44689378757515025 0.16826186016032063 
0.4488977955911823 0.16914768721442883 
0.4509018036072144 0.17002582559118237 
0.45290581162324645 0.17089742178356712 
0.4549098196392785 0.17176102893787576 
0.4569138276553106 0.17261663963927856 
0.45891783567134264 0.1734640260521042 
0.4609218436873747 0.17430113126252506 
0.4629258517034068 0.1751282393987976 
0.46492985971943884 0.1759431074749499 
0.4669338677354709 0.17674529340681364 
0.468937875751503 0.17753713158316634 
0.47094188376753504 0.17831902945891784 
0.4729458917835671 0.17909304803607215 
0.4749498997995992 0.17985820973947897 
0.47695390781563124 0.1806130454509018 
0.4789579158316633 0.18135599623246496 
0.48096192384769537 0.1820843707214429 
0.48296593186372744 0.18279846779559117 
0.4849699398797595 0.1835008816032064 
0.48697394789579157 0.18419358106212427 
0.4889779559118236 0.18487562641282565 
0.49098196392785565 0.18554588591182364 
0.4929859719438877 0.1862050492985972 
0.4949899799599198 0.1868526882765531 
0.49699398797595185 0.18749220230460922 
0.4989979959919839 0.1881252775751503 
0.501002004008016 0.1887520085771543 
0.503006012024048 0.18937503468937875 
0.5050100200400801 0.1899958012024048 
0.5070140280561122 0.19061551268537075 
0.5090180360721442 0.1912332656513026 
0.5110220440881763 0.1918484923046092 
0.5130260521042084 0.1924637692785571 
0.5150300601202404 0.19307781240480962 
0.5170340681362725 0.19369080210420841 
0.5190380761523046 0.19430280777555112 
0.5210420841683366 0.19491338044088177 
0.5230460921843687 0.19552471002004007 
0.5250501002004008 0.1961376872745491 
0.5270541082164328 0.19675210098196394 
0.5290581162324649 0.1973662246492986 
0.531062124248497 0.19797870701402806 
0.533066132264529 0.19859020977955913 
0.5350701402805611 0.19920114378757517 
0.5370741482965932 0.1998150521042084 
0.5390781563126252 0.20043034611222446 
0.5410821643286573 0.2010444312224449 
0.5430861723446894 0.20165887825651305 
0.5450901803607214 0.2022728970941884 
0.5470941883767535 0.2028869599198397 
0.5490981963927856 0.20350069781563127 
0.5511022044088176 0.20411137180360722 
0.5531062124248497 0.20471851985971945 
0.5551102204408818 0.20532196242484974 
0.5571142284569138 0.20592361098196393 
0.5591182364729459 0.2065209855711423 
0.561122244488978 0.20711209857715432 
0.56312625250501 0.20769883482965934 
0.565130260521042 0.20828062999999997 
0.567134268537074 0.20885897020040078 
0.5691382765531061 0.20943432106212426 
0.5711422845691382 0.2100052636272545 
0.5731462925851702 0.21057287074148295 
0.5751503006012023 0.21113632723446893 
0.5771543086172344 0.2116966090781563 
0.5791583166332664 0.21225245529058115 
0.5811623246492985 0.21280280336673346 
0.5831663326653306 0.21334897444889778 
0.5851703406813626 0.2138899986773547 
0.5871743486973947 0.2144268756312625 
0.5891783567134268 0.21496072913827655 
0.5911823647294588 0.2154935864729459 
0.5931863727454909 0.21602791539078153 
0.595190380761523 0.2165617080761523 
0.597194388777555 0.21709503098196392 
0.5991983967935871 0.21762453174348695 
0.6012024048096192 0.218148963246493 
0.6032064128256512 0.21867119478957917 
0.6052104208416833 0.21918871124248496 
0.6072144288577154 0.21970072054108217 
0.6092184368737474 0.2202058048496994 
0.6112224448897795 0.2207015127254509 
0.6132264529058116 0.22119001913827654 
0.6152304609218436 0.221671314749499 
0.6172344689378757 0.22214724761523047 
0.6192384769539078 0.2226179840480962 
0.6212424849699398 0.2230821414028056 
0.6232464929859719 0.22353943366733467 
0.625250501002004 0.2239889250501002 
0.627254509018036 0.224432723246493 
0.6292585170340681 0.2248687923046092 
0.6312625250501002 0.22529388432865732 
0.6332665330661322 0.22571146124248498 
0.6352705410821643 0.22612204539078157 
0.6372745490981964 0.2265249961723447 
0.6392785571142284 0.2269178490981964 
0.6412825651302605 0.2272987077755511 
0.6432865731462926 0.22766782074148295 
0.6452905811623246 0.2280249122244489 
0.6472945891783567 0.2283726290981964 
0.6492985971943888 0.228712373246493 
0.6513026052104208 0.22904485923847695 
0.6533066132264529 0.22937115593186375 
0.655310621242485 0.2296887676953908 
0.657314629258517 0.22999769156312624 
0.6593186372745491 0.23029595306613226 
0.6613226452905812 0.23058369188376754 
0.6633266533066132 0.23086238272545093 
0.6653306613226453 0.23113001631262525 
0.6673346693386772 0.23138834669338676 
0.6693386773547093 0.23163809841683367 
0.6713426853707414 0.2318795008817635 
0.6733466933867734 0.23211365248496993 
0.6753507014028055 0.23233867234468938 
0.6773547094188376 0.23255633549098198 
0.6793587174348696 0.23276656282565128 
0.6813627254509017 0.23297209893787577 
0.6833667334669338 0.2331747244689379 
0.6853707414829658 0.23337032496993987 
0.6873747494989979 0.23356048617234468 
0.68937875751503 0.2337453411222445 
0.691382765531062 0.23392579260521043 
0.6933867735470941 0.23410640759519036 
0.6953907815631262 0.23428522260521042 
0.6973947895791582 0.23446249242484968 
0.6993987975951903 0.234637039498998 
0.7014028056112224 0.23480829719438878 
0.7034068136272544 0.23497860893787575 
0.7054108216432865 0.23514804709418838 
0.7074148296593186 0.23531873695390781 
0.7094188376753506 0.23549011296593186 
0.7114228456913827 0.23566272156312626 
0.7134268537074148 0.23583939388777556 
0.7154308617234468 0.2360193272745491 
0.7174348697394789 0.2362059612224449 
0.719438877755511 0.23639867901803607 
0.721442885771543 0.23659738268537076 
0.7234468937875751 0.2368050699799599 
0.7254509018036072 0.2370213699198397 
0.7274549098196392 0.23725022058116232 
0.7294589178356713 0.23749293398797594 
0.7314629258517034 0.23774779052104208 
0.7334669338677354 0.23801516739478956 
0.7354709418837675 0.238294384248497 
0.7374749498997996 0.2385889303006012 
0.7394789579158316 0.23889955747494993 
0.7414829659318637 0.2392277316432866 
0.7434869739478958 0.23957342661322645 
0.7454909819639278 0.23993385138276552 
0.7474949899799599 0.2403141408016032 
0.749498997995992 0.2407145638476954 
0.751503006012024 0.2411311592184369 
0.7535070140280561 0.24156325957915833 
0.7555110220440882 0.242009191503006 
0.7575150300601202 0.2424711813226453 
0.7595190380761523 0.24294795983967937 
0.7615230460921844 0.24343978106212424 
0.7635270541082164 0.24394761813627255 
0.7655310621242485 0.24447102256513026 
0.7675350701402806 0.24501657276553107 
0.7695390781563125 0.2455870873747495 
0.7715430861723446 0.24618693134268535 
0.7735470941883766 0.24681959807615228 
0.7755511022044087 0.24747888881763525 
0.7775551102204408 0.24816882172344687 
0.7795591182364728 0.24889492156312623 
0.7815631262525049 0.249657282004008 
0.783567134268537 0.2504537948496994 
0.785571142284569 0.2512806288777555 
0.7875751503006011 0.25213905737474945 
0.7895791583166332 0.25302697549098196 
0.7915831663326652 0.2539433816833667 
0.7935871743486973 0.2548886281563126 
0.7955911823647294 0.2558578152705411 
0.7975951903807614 0.25685239056112225 
0.7995991983967935 0.25787085717434866 
0.8016032064128256 0.25890710647294585 
0.8036072144288576 0.2599547587374749 
0.8056112224448897 0.26101350284569136 
0.8076152304609218 0.26209233933867737 
0.8096192384769538 0.2631944196993988 
0.8116232464929859 0.26432648723446894 
0.813627254509018 0.26550010074148295 
0.81563126252505 0.26672304749498993 
0.8176352705410821 0.26800270168336676 
0.8196392785571142 0.26933968763527055 
0.8216432865731462 0.270744866252505 
0.8236472945891783 0.27222826262525046 
0.8256513026052104 0.2737883410821643 
0.8276553106212424 0.27542762096192386 
0.8296593186372745 0.27713827985971945 
0.8316633266533066 0.2789133642284569 
0.8336673346693386 0.28075036126252506 
0.8356713426853707 0.2826389386372746 
0.8376753507014028 0.2845728848096192 
0.8396793587174348 0.28653943252505015 
0.8416833667334669 0.288528298737475 
0.843687374749499 0.29053119190380766 
0.845691382765531 0.29253515410821646 
0.8476953907815631 0.29453525010020043 
0.8496993987975952 0.2965214636673347 
0.8517034068136272 0.29848672607214427 
0.8537074148296593 0.3004244822244489 
0.8557114228456913 0.3023251942885772 
0.8577154308617234 0.3041936013827655 
0.8597194388777555 0.3060242558116233 
0.8617234468937875 0.3078113661923848 
0.8637274549098196 0.3095568367735472 
0.8657314629258517 0.3112613939679359 
0.8677354709418837 0.3129340757114229 
0.8697394789579158 0.3145761980961924 
0.8717434869739479 0.3161935311422846 
0.8737474949899798 0.3177932059919839 
0.8757515030060119 0.3193755869138276 
0.877755511022044 0.32095199975951905 
0.879759519038076 0.32251688382765525 
0.8817635270541081 0.3240623960721442 
0.8837675350701402 0.3255899350701402 
0.8857715430861722 0.3270959590380761 
0.8877755511022043 0.32858292180360715 
0.8897795591182364 0.33004334779559114 
0.8917835671342684 0.3314762818436873 
0.8937875751503005 0.33288512006012017 
0.8957915831663326 0.33426248234468936 
0.8977955911823646 0.3356133424048096 
0.8997995991983967 0.33694076503006015 
0.9018036072144288 0.3382561083166333 
0.9038076152304608 0.3395653910220441 
0.9058116232464929 0.3408634186573146 
0.907815631262525 0.34216097955911823 
0.909819639278557 0.3434545516633266 
0.9118236472945891 0.3447504910220441 
0.9138276553106212 0.3460577409218437 
0.9158316633266532 0.3473683276553106 
0.9178356713426853 0.3486919378557114 
0.9198396793587174 0.35001946675350704 
0.9218436873747494 0.3513487015631262 
0.9238476953907815 0.35267927072144284 
0.9258517034068136 0.35399195406813627 
0.9278557114228456 0.3552937569539078 
0.9298597194388777 0.3565666824849699 
0.9318637274549098 0.357802987254509 
0.9338677354709418 0.35900203529058117 
0.9358717434869739 0.36013601557114233 
0.937875751503006 0.36121731655310624 
0.939879759519038 0.36222035096192384 
0.9418837675350701 0.3631403313226453 
0.9438877755511021 0.3639895297795591 
0.9458917835671342 0.36472071088176355 
0.9478957915831663 0.36539509787575153 
0.9498997995991983 0.36590627923847696 
0.9519038076152304 0.3660475129258517 
0.9539078156312625 0.36604411194388775 
0.9559118236472945 0.366060735751503 
0.9579158316633266 0.3660635228256513 
0.9599198396793587 0.3660671147695391 
0.9619238476953907 0.3660732786172345 
0.9639278557114228 0.3660731745891784 
0.9659318637274549 0.3660778526052104 
0.9679358717434869 0.3660793465531062 
0.969939879759519 0.36608052531062124 
0.9719438877755511 0.3660839972745491 
0.9739478957915831 0.36608366671342685 
0.9759519038076151 0.3660865251703407 
0.9779559118236472 0.3660873739679359 
0.9799599198396792 0.36608816114228454 
0.9819639278557113 0.36609034943887775 
0.9839679358717434 0.36609032336673347 
0.9859719438877754 0.36609198222444894 
0.9879759519038075 0.3660929936072144 
0.9899799599198396 0.3660931394789579 
0.9919839679358716 0.3660951125450902 
0.9939879759519037 0.3660949507214429 
0.9959919839679358 0.36609632410821646 
0.9979959919839678 0.36609730963927856 
1.0 0.36609719 
