xdata ydata 
0.0 0.00010598 
0.002004008016032064 0.0009550340080160321 
0.004008016032064128 0.0018038977755511021 
0.0060120240480961915 0.0026528025651302604 
0.008016032064128256 0.0035018872344689377 
0.01002004008016032 0.00435095004008016 
0.012024048096192383 0.005199813326653307 
0.014028056112224447 0.006048709318637274 
0.01603206412825651 0.006897794468937875 
0.018036072144288574 0.007746856072144288 
0.02004008016032064 0.008595729478957917 
0.022044088176352703 0.009444626072144288 
0.024048096192384766 0.010293700981963928 
0.026052104208416832 0.011142752885771543 
0.028056112224448895 0.011991655270541081 
0.03006012024048096 0.012840551923847697 
0.03206412825651302 0.013689587975951904 
0.03406813627254509 0.014538650180360723 
0.03607214428857715 0.015387601062124247 
0.038076152304609215 0.016236486152304608 
0.04008016032064128 0.01708543376753507 
0.04208416833667334 0.017934521743486975 
0.044088176352705406 0.018783650821643287 
0.04609218436873747 0.019632425591182365 
0.04809619238476953 0.020480943406813626 
0.0501002004008016 0.021331651082164328 
0.052104208416833664 0.022189518196392786 
0.05410821643286573 0.023058635531062126 
0.05611222444889779 0.023938780721442884 
0.058116232464929855 0.02482708140280561 
0.06012024048096192 0.025723272645290583 
0.06212424849699398 0.02663148749498998 
0.06412825651302605 0.027556493006012022 
0.06613226452905811 0.02850061953907816 
0.06813627254509018 0.029465695030060125 
0.07014028056112225 0.030455922965931866 
0.0721442885771543 0.03147620454909819 
0.07414829659318636 0.032528670621242484 
0.07615230460921843 0.03361290991983968 
0.0781563126252505 0.03472949366733467 
0.08016032064128256 0.035881203206412825 
0.08216432865731463 0.03707078194388778 
0.08416833667334668 0.03829926691382765 
0.08617234468937875 0.039567055410821644 
0.08817635270541081 0.0408751324248497 
0.09018036072144288 0.04222442114228457 
0.09218436873747494 0.04361457156312625 
0.09418837675350701 0.045044324869739485 
0.09619238476953906 0.0465126101002004 
0.09819639278557113 0.048019046853707406 
0.1002004008016032 0.04956382102204409 
0.10220440881763526 0.051147420721442884 
0.10420841683366733 0.052770312665330665 
0.1062124248496994 0.05443258368737475 
0.10821643286573146 0.056133800240480966 
0.11022044088176351 0.057873023226452894 
0.11222444889779558 0.05964851589178356 
0.11422845691382764 0.06145767340681363 
0.11623246492985971 0.06329776801603207 
0.11823647294589178 0.06516696176352706 
0.12024048096192384 0.06706416627254509 
0.1222444889779559 0.06898758328657315 
0.12424849699398796 0.07093351789579158 
0.12625250501002003 0.07289689733466934 
0.1282565130260521 0.0748732224248497 
0.13026052104208416 0.07685983923847696 
0.13226452905811623 0.0788551558717435 
0.1342685370741483 0.08085682336673347 
0.13627254509018036 0.08286142913827657 
0.13827655310621242 0.08486604853707415 
0.1402805611222445 0.08686900513026052 
0.14228456913827653 0.0888681670541082 
0.1442885771543086 0.09085918631262524 
0.14629258517034066 0.09283684108216432 
0.14829659318637273 0.09479801593186372 
0.1503006012024048 0.09674214967935872 
0.15230460921843686 0.09866875068136273 
0.15430861723446893 0.10057597761523046 
0.156312625250501 0.10246172134268537 
0.15831663326653306 0.10432473434869739 
0.16032064128256512 0.10616395825651302 
0.1623246492985972 0.10797824218436874 
0.16432865731462926 0.10976724462925853 
0.16633266533066132 0.11153123697394791 
0.16833667334669336 0.11326877006012023 
0.17034068136272543 0.11497587619238477 
0.1723446893787575 0.1166485316032064 
0.17434869739478956 0.11828503585170339 
0.17635270541082163 0.1198847945290581 
0.1783567134268537 0.12144607569138276 
0.18036072144288576 0.12296667609218437 
0.18236472945891782 0.12444608923847696 
0.1843687374749499 0.125885318496994 
0.18637274549098196 0.12728479064128256 
0.18837675350701402 0.1286441817234469 
0.1903807615230461 0.12996398130260522 
0.19238476953907813 0.13124541829659317 
0.1943887775551102 0.13248865811623245 
0.19639278557114226 0.1336926071743487 
0.19839679358717432 0.1348569044488978 
0.2004008016032064 0.13598289669338678 
0.20240480961923846 0.13707235951903807 
0.20440881763527052 0.1381264240480962 
0.2064128256513026 0.13914642643286573 
0.20841683366733466 0.14013461340681363 
0.21042084168336672 0.14109337320641283 
0.2124248496993988 0.14202454166332665 
0.21442885771543085 0.14293015589178357 
0.21643286573146292 0.14381287567134268 
0.21843687374749496 0.1446746242284569 
0.22044088176352702 0.14551522879759518 
0.2224448897795591 0.14633344136272544 
0.22444889779559116 0.14712914368737476 
0.22645290581162322 0.1479042117034068 
0.2284569138276553 0.14866150881763526 
0.23046092184368736 0.14940398763527055 
0.23246492985971942 0.15013440306613227 
0.2344689378757515 0.15085497134268538 
0.23647294589178355 0.15156672721442885 
0.23847695390781562 0.15226964122244488 
0.24048096192384769 0.1529639628256513 
0.24248496993987975 0.15365121386773548 
0.2444889779559118 0.1543335707014028 
0.24649298597194386 0.15501251286573145 
0.24849699398797592 0.15568846559118235 
0.250501002004008 0.15636160462925852 
0.25250501002004005 0.15703230378757513 
0.2545090180360721 0.1577004643486974 
0.2565130260521042 0.1583652718036072 
0.25851703406813625 0.15902611693386776 
0.2605210420841683 0.15968367256513025 
0.2625250501002004 0.16033935791583168 
0.26452905811623245 0.16099396278557115 
0.2665330661322645 0.16164765462925854 
0.2685370741482966 0.16230110158316632 
0.27054108216432865 0.1629556653306613 
0.2725450901803607 0.16361194947895794 
0.2745490981963928 0.16426897168336674 
0.27655310621242485 0.16492520863727456 
0.2785571142284569 0.16558032719438875 
0.280561122244489 0.16623549831663328 
0.282565130260521 0.1668927765531062 
0.28456913827655306 0.1675543578557114 
0.2865731462925851 0.16822185386773547 
0.2885771543086172 0.168895549498998 
0.29058116232464926 0.16957464511022044 
0.2925851703406813 0.17025835274549098 
0.2945891783567134 0.17094620987975953 
0.29659318637274545 0.1716367680761523 
0.2985971943887775 0.17232707677354708 
0.3006012024048096 0.17301419859719439 
0.30260521042084165 0.17369718851703406 
0.3046092184368737 0.17437672843687374 
0.3066132264529058 0.17505335416833667 
0.30861723446893785 0.17572678088176352 
0.3106212424849699 0.17639657418837676 
0.312625250501002 0.17706207036072147 
0.31462925851703405 0.17772141713426853 
0.3166332665330661 0.17837186583166334 
0.3186372745490982 0.17901149761523047 
0.32064128256513025 0.17964039935871742 
0.3226452905811623 0.18025976014028056 
0.3246492985971944 0.18087031102204412 
0.32665330661322645 0.18147216561122245 
0.3286573146292585 0.1820656424048096 
0.3306613226452906 0.1826516127054108 
0.33266533066132264 0.18323111124248495 
0.33466933867735466 0.1838049208216433 
0.3366733466933867 0.18437358482965932 
0.3386773547094188 0.18493746513026052 
0.34068136272545085 0.1854967217034068 
0.3426853707414829 0.18605139501002002 
0.344689378757515 0.18660161711422846 
0.34669338677354705 0.18714763727454908 
0.3486973947895791 0.1876893384769539 
0.3507014028056112 0.18822585881763526 
0.35270541082164325 0.18875582136272545 
0.3547094188376753 0.18927801895791582 
0.3567134268537074 0.18979185641282567 
0.35871743486973945 0.1902972314228457 
0.3607214428857715 0.19079449621242486 
0.3627254509018036 0.1912845193186373 
0.36472945891783565 0.19176810905811623 
0.3667334669338677 0.19224490661322644 
0.3687374749498998 0.1927131658517034 
0.37074148296593185 0.19317103208416836 
0.3727454909819639 0.1936178653707415 
0.374749498997996 0.194053679498998 
0.37675350701402804 0.19447790490981964 
0.3787575150300601 0.19488949172344688 
0.3807615230460922 0.19528843396793588 
0.38276553106212424 0.1956760696993988 
0.38476953907815625 0.19605389761523045 
0.3867735470941883 0.19642279833667334 
0.3887775551102204 0.19678357695390783 
0.39078156312625245 0.19713699328657314 
0.3927855711422845 0.19748290529058118 
0.3947895791583166 0.1978201275751503 
0.39679358717434865 0.19814783803607217 
0.3987975951903807 0.1984665413026052 
0.4008016032064128 0.1987771196793587 
0.40280561122244485 0.19907953911823645 
0.4048096192384769 0.19937327388777554 
0.406813627254509 0.19965829983967937 
0.40881763527054105 0.19993492935871743 
0.4108216432865731 0.20020312759519038 
0.4128256513026052 0.20046266236472945 
0.41482965931863724 0.20071382563126253 
0.4168336673346693 0.20095713238476953 
0.4188376753507014 0.20119271849699397 
0.42084168336673344 0.20142070777555113 
0.4228456913827655 0.2016419764729459 
0.4248496993987976 0.20185780601202405 
0.42685370741482964 0.2020686739278557 
0.4288577154308617 0.2022739118236473 
0.4308617234468938 0.2024726818236473 
0.43286573146292584 0.20266493885771544 
0.4348697394789579 0.20285144851703407 
0.4368737474949899 0.20303351174348697 
0.438877755511022 0.20321258168336673 
0.44088176352705405 0.20338967671342684 
0.4428857715430861 0.20356489030060118 
0.4448897795591182 0.20373756038076152 
0.44689378757515025 0.20390719476953909 
0.4488977955911823 0.20407389110220442 
0.4509018036072144 0.2042380239478958 
0.45290581162324645 0.20439959076152306 
0.4549098196392785 0.20455800903807617 
0.4569138276553106 0.2047123311022044 
0.45891783567134264 0.20486187931863728 
0.4609218436873747 0.20500664114228456 
0.4629258517034068 0.2051472394789579 
0.46492985971943884 0.2052844415230461 
0.4669338677354709 0.2054191067735471 
0.468937875751503 0.2055527697795591 
0.47094188376753504 0.20568791863727454 
0.4729458917835671 0.20582768763527054 
0.4749498997995992 0.20597514553106214 
0.47695390781563124 0.20613310394789577 
0.4789579158316633 0.20630430951903808 
0.48096192384769537 0.20649163126252504 
0.48296593186372744 0.2066982051503006 
0.4849699398797595 0.20692721651302604 
0.48697394789579157 0.20718149567134267 
0.4889779559118236 0.2074633664529058 
0.49098196392785565 0.20777506751503005 
0.4929859719438877 0.20811900889779558 
0.4949899799599198 0.20849710563126253 
0.49699398797595185 0.2089100909218437 
0.4989979959919839 0.20935798076152304 
0.501002004008016 0.20984107581162323 
0.503006012024048 0.21035950589178357 
0.5050100200400801 0.21091154945891782 
0.5070140280561122 0.21149314306613226 
0.5090180360721442 0.21209931579158317 
0.5110220440881763 0.2127257736272545 
0.5130260521042084 0.21336899472945892 
0.5150300601202404 0.21402583791583166 
0.5170340681362725 0.2146936845490982 
0.5190380761523046 0.21537062270541082 
0.5210420841683366 0.21605534509018037 
0.5230460921843687 0.21674748070140282 
0.5250501002004008 0.2174482527254509 
0.5270541082164328 0.21816023659318637 
0.5290581162324649 0.218886195751503 
0.531062124248497 0.21962886955911823 
0.533066132264529 0.2203920450501002 
0.5350701402805611 0.22118040050100202 
0.5370741482965932 0.2219973014228457 
0.5390781563126252 0.22284349703406817 
0.5410821643286573 0.22371850607214427 
0.5430861723446894 0.2246226345891784 
0.5450901803607214 0.22555641418837677 
0.5470941883767535 0.22651895665330662 
0.5490981963927856 0.22750802124248498 
0.5511022044088176 0.2285211267735471 
0.5531062124248497 0.2295552542685371 
0.5551102204408818 0.23060569442885775 
0.5571142284569138 0.23166645505010022 
0.5591182364729459 0.23273190440881766 
0.561122244488978 0.23379675086172347 
0.56312625250501 0.23485441533066134 
0.565130260521042 0.2358967982364729 
0.567134268537074 0.23691620072144287 
0.5691382765531061 0.2379065591783567 
0.5711422845691382 0.23886237731462923 
0.5731462925851702 0.23977755458917832 
0.5751503006012023 0.24064628032064128 
0.5771543086172344 0.2414647358517034 
0.5791583166332664 0.24223124322645287 
0.5811623246492985 0.24294507484969938 
0.5831663326653306 0.24360555034068135 
0.5851703406813626 0.24421223729458916 
0.5871743486973947 0.24476524903807612 
0.5891783567134268 0.24526546088176351 
0.5911823647294588 0.24571439653306612 
0.5931863727454909 0.24611398849699398 
0.595190380761523 0.24646637168336671 
0.597194388777555 0.2467738289779559 
0.5991983967935871 0.24703909304609217 
0.6012024048096192 0.2472653215230461 
0.6032064128256512 0.24745564228456912 
0.6052104208416833 0.2476128174749499 
0.6072144288577154 0.24773972581162323 
0.6092184368737474 0.24784026639278556 
0.6112224448897795 0.24791959599198396 
0.6132264529058116 0.2479830853507014 
0.6152304609218436 0.24803492064128255 
0.6172344689378757 0.24807758521042084 
0.6192384769539078 0.2481127346492986 
0.6212424849699398 0.24814239745490982 
0.6232464929859719 0.24816886633266533 
0.625250501002004 0.24819372456913827 
0.627254509018036 0.24821727250501002 
0.6292585170340681 0.24823905306613228 
0.6312625250501002 0.24825857929859718 
0.6332665330661322 0.24827549420841682 
0.6352705410821643 0.24828961294589177 
0.6372745490981964 0.24830129016032063 
0.6392785571142284 0.24831137198396794 
0.6412825651302605 0.24832047322645293 
0.6432865731462926 0.2483287018236473 
0.6452905811623246 0.24833614392785572 
0.6472945891783567 0.24834333480961923 
0.6492985971943888 0.24835076204408818 
0.6513026052104208 0.24835829380761523 
0.6533066132264529 0.24836550905811625 
0.655310621242485 0.24837239208416834 
0.657314629258517 0.24837907398797596 
0.6593186372745491 0.2483852973747495 
0.6613226452905812 0.2483906202805611 
0.6633266533066132 0.24839503957915832 
0.6653306613226453 0.24839895619238478 
0.6673346693386772 0.2484026017234469 
0.6693386773547093 0.24840590625250503 
0.6713426853707414 0.24840893024048097 
0.6733466933867734 0.2484118442284569 
0.6753507014028055 0.24841458641282566 
0.6773547094188376 0.24841694699398797 
0.6793587174348696 0.24841894789579158 
0.6813627254509017 0.24842085116232465 
0.6833667334669338 0.24842278404809617 
0.6853707414829658 0.24842468637274548 
0.6873747494989979 0.24842659106212425 
0.68937875751503 0.24842870951903806 
0.691382765531062 0.24843112671342685 
0.6933867735470941 0.24843370210420843 
0.6953907815631262 0.2484363385971944 
0.6973947895791582 0.24843909545090181 
0.6993987975951903 0.24844192775551102 
0.7014028056112224 0.24844465877755512 
0.7034068136272544 0.24844722833667335 
0.7054108216432865 0.24844965857715431 
0.7074148296593186 0.2484518935671343 
0.7094188376753506 0.24845384771543086 
0.7114228456913827 0.2484555650501002 
0.7134268537074148 0.2484571319038076 
0.7154308617234468 0.24845850388777554 
0.7174348697394789 0.24845959503006013 
0.719438877755511 0.24846045166332664 
0.721442885771543 0.24846124122244487 
0.7234468937875751 0.248461957254509 
0.7254509018036072 0.24846253116232464 
0.7274549098196392 0.24846296641282564 
0.7294589178356713 0.2484633369539078 
0.7314629258517034 0.24846365166332668 
0.7334669338677354 0.24846386801603207 
0.7354709418837675 0.24846406238476954 
0.7374749498997996 0.24846434699398798 
0.7394789579158316 0.2484646431062124 
0.7414829659318637 0.2484648489779559 
0.7434869739478958 0.24846500921843687 
0.7454909819639278 0.2484652365531062 
0.7474949899799599 0.24846550454909822 
0.749498997995992 0.2484657324248497 
0.751503006012024 0.24846595781563124 
0.7535070140280561 0.24846627084168338 
0.7555110220440882 0.24846657599198396 
0.7575150300601202 0.2484667481763527 
0.7595190380761523 0.24846682557114227 
0.7615230460921844 0.24846693853707413 
0.7635270541082164 0.24846702581162325 
0.7655310621242485 0.24846705 
0.7675350701402806 0.2484670430260521 
0.7695390781563125 0.2484670861723447 
0.7715430861723446 0.2484671331462926 
0.7735470941883766 0.24846714 
0.7755511022044087 0.24846714 
0.7775551102204408 0.24846716665330662 
0.7795591182364728 0.24846721338677355 
0.7815631262525049 0.24846722 
0.783567134268537 0.248467213507014 
0.785571142284569 0.24846724713426854 
0.7875751503006011 0.2484673036272545 
0.7895791583166332 0.24846732 
0.7915831663326652 0.24846732 
0.7935871743486973 0.24846734761523045 
0.7955911823647294 0.24846738386773548 
0.7975951903807614 0.24846739 
0.7995991983967935 0.24846739 
0.8016032064128256 0.2484674140480962 
0.8036072144288576 0.24846745410821644 
0.8056112224448897 0.24846746 
0.8076152304609218 0.24846746 
0.8096192384769538 0.24846748428857715 
0.8116232464929859 0.2484675243486974 
0.813627254509018 0.24846753 
0.81563126252505 0.24846752446893788 
0.8176352705410821 0.2484675545290581 
0.8196392785571142 0.24846759 
0.8216432865731462 0.2484675953507014 
0.8236472945891783 0.24846759 
0.8256513026052104 0.24846762476953907 
0.8276553106212424 0.24846766 
0.8296593186372745 0.24846766 
0.8316633266533066 0.24846766 
0.8336673346693386 0.24846769002004007 
0.8356713426853707 0.24846773 
0.8376753507014028 0.24846773 
0.8396793587174348 0.24846773 
0.8416833667334669 0.248467755250501 
0.843687374749499 0.24846779531062124 
0.845691382765531 0.2484678 
0.8476953907815631 0.24846779543086173 
0.8496993987975952 0.24846782549098198 
0.8517034068136272 0.24846786 
0.8537074148296593 0.24846786 
0.8557114228456913 0.24846786 
0.8577154308617234 0.24846789146292586 
0.8597194388777555 0.24846792579158317 
0.8617234468937875 0.24846793 
0.8637274549098196 0.24846793 
0.8657314629258517 0.24846795597194388 
0.8677354709418837 0.24846799 
0.8697394789579158 0.24846799 
0.8717434869739479 0.24846799 
0.8737474949899798 0.24846802621242486 
0.8757515030060119 0.24846806 
0.877755511022044 0.24846806 
0.879759519038076 0.24846806 
0.8817635270541081 0.24846808645290583 
0.8837675350701402 0.24846812 
0.8857715430861722 0.24846812 
0.8877755511022043 0.24846812 
0.8897795591182364 0.24846815669338676 
0.8917835671342684 0.24846819 
0.8937875751503005 0.24846819 
0.8957915831663326 0.24846819 
0.8977955911823646 0.24846821693386772 
0.8997995991983967 0.24846825 
0.9018036072144288 0.24846825 
0.9038076152304608 0.24846825 
0.9058116232464929 0.2484682843486974 
0.907815631262525 0.24846831723446894 
0.909819639278557 0.2484683127054108 
0.9118236472945891 0.24846832 
0.9138276553106212 0.24846834741482968 
0.9158316633266532 0.24846838 
0.9178356713426853 0.24846838 
0.9198396793587174 0.24846838 
0.9218436873747494 0.2484684076553106 
0.9238476953907815 0.24846844 
0.9258517034068136 0.24846844 
0.9278557114228456 0.24846844783567135 
0.9298597194388777 0.24846847789579157 
0.9318637274549098 0.24846850795591183 
0.9338677354709418 0.24846850198396794 
0.9358717434869739 0.24846851 
0.937875751503006 0.24846853813627254 
0.939879759519038 0.24846857 
0.9418837675350701 0.24846857 
0.9438877755511021 0.24846857 
0.9458917835671342 0.2484685983767535 
0.9478957915831663 0.24846863 
0.9498997995991983 0.24846863 
0.9519038076152304 0.2484686385571142 
0.9539078156312625 0.24846866861723446 
0.9559118236472945 0.2484686986773547 
0.9579158316633266 0.24846869 
0.9599198396793587 0.2484687 
0.9619238476953907 0.24846872885771543 
0.9639278557114228 0.24846876 
0.9659318637274549 0.24846876 
0.9679358717434869 0.24846876 
0.969939879759519 0.2484687890981964 
0.9719438877755511 0.24846882 
0.9739478957915831 0.24846882 
0.9759519038076151 0.24846882 
0.9779559118236472 0.24846884933867736 
0.9799599198396792 0.2484688893987976 
0.9819639278557113 0.24846888 
0.9839679358717434 0.24846888951903806 
0.9859719438877754 0.24846891957915831 
0.9879759519038075 0.24846895 
0.9899799599198396 0.24846894 
0.9919839679358716 0.24846895 
0.9939879759519037 0.24846897981963928 
0.9959919839679358 0.24846901 
0.9979959919839678 0.248469 
1.0 0.24846901 
