xdata ydata 
0.0 -0.03385709 
0.002004008016032064 0.016959573026052104 
0.004008016032064128 -0.008164177735470941 
0.0060120240480961915 0.013837054008016032 
0.008016032064128256 0.00905214873747495 
0.01002004008016032 -0.0034903060921843672 
0.012024048096192383 -0.022444855050100205 
0.014028056112224447 0.016907912705410824 
0.01603206412825651 -0.006313284869739478 
0.018036072144288574 0.002863111683366747 
0.02004008016032064 -0.01749676264529058 
0.022044088176352703 0.030683540460921824 
0.024048096192384766 0.0018848426452905925 
0.026052104208416832 -0.01340245859719438 
0.028056112224448895 -0.010855622785571142 
0.03006012024048096 -0.005024438116232456 
0.03206412825651302 0.009525097775551099 
0.03406813627254509 0.022078452364729398 
0.03607214428857715 -0.014032820901803605 
0.038076152304609215 0.0019953190380761453 
0.04008016032064128 -0.026094256412825652 
0.04208416833667334 0.026269272785571098 
0.044088176352705406 0.0024527286172345863 
0.04609218436873747 -0.008500330140280543 
0.04809619238476953 -0.01287384537074147 
0.0501002004008016 0.020037506292585095 
0.052104208416833664 0.009444231523045937 
0.05410821643286573 -0.035285109859719395 
0.05611222444889779 0.024448343807615232 
0.058116232464929855 -0.008600982104208421 
0.06012024048096192 0.009631617775551094 
0.06212424849699398 -0.006946708236472961 
0.06412825651302605 0.008505722464929873 
0.06613226452905811 -0.02366424446893789 
0.06813627254509018 0.010101515350701605 
0.07014028056112225 0.020885578316633232 
0.0721442885771543 -0.006544730601202325 
0.07414829659318636 -0.022712226853707447 
0.07615230460921843 0.015985115871743505 
0.0781563126252505 0.0026949692184369584 
0.08016032064128256 -0.006667094669338668 
0.08216432865731463 -0.005483423947895814 
0.08416833667334668 0.00529666961923835 
0.08617234468937875 0.019014077294589194 
0.08817635270541081 -0.015754425330661324 
0.09018036072144288 -0.0013219592184368749 
0.09218436873747494 -0.009972964068136273 
0.09418837675350701 -0.0013941579158316209 
0.09619238476953906 0.013086743406813598 
0.09819639278557113 0.028867102124248548 
0.1002004008016032 -0.019686996933867662 
0.10220440881763526 -0.03887674402805614 
0.10420841683366733 0.006453800921843736 
0.1062124248496994 0.027073915270541076 
0.10821643286573146 0.03192237657314617 
0.11022044088176351 -0.031399837274549 
0.11222444889779558 -0.013056965470941909 
0.11422845691382764 -0.02493255521042083 
0.11623246492985971 0.043739415531062066 
0.11823647294589178 -0.004436725450901983 
0.12024048096192384 -0.008844113727454722 
0.1222444889779559 0.028522312164328874 
0.12424849699398796 -0.029497030761523164 
0.12625250501002003 0.0006912849699399137 
0.1282565130260521 -0.00881617192384766 
0.13026052104208416 0.021660450300601063 
0.13226452905811623 -0.028867871382765455 
0.1342685370741483 0.03186455823647308 
0.13627254509018036 0.02001335084168317 
0.13827655310621242 -0.011502687915831662 
0.1402805611222445 -0.045406807454909756 
0.14228456913827653 0.01493702861723412 
0.1442885771543086 0.007614203987976006 
0.14629258517034066 0.035574028156312554 
0.14829659318637273 -0.006990403927855656 
0.1503006012024048 -0.003667101963927744 
0.15230460921843686 0.02120282773547099 
0.15430861723446893 0.006441001523046098 
0.156312625250501 -0.004017089779558935 
0.15831663326653306 -0.013158115350701504 
0.16032064128256512 0.06850908070140285 
0.1623246492985972 0.025084526893787297 
0.16432865731462926 0.010602427555110455 
0.16633266533066132 0.008659301262524614 
0.16833667334669336 0.0005677869138275057 
0.17034068136272543 0.05831901306613223 
0.1723446893787575 0.026548811362725574 
0.17434869739478956 0.01646811927855721 
0.17635270541082163 0.018933961603206192 
0.1783567134268537 0.052120979398797646 
0.18036072144288576 0.008333649038076162 
0.18236472945891782 0.05269190799599208 
0.1843687374749499 0.02345407819639249 
0.18637274549098196 0.023272267414830024 
0.18837675350701402 0.030119249178356632 
0.1903807615230461 0.014841283987976081 
0.19238476953907813 0.03273422432865743 
0.1943887775551102 0.028808907054107828 
0.19639278557114226 0.07660178679358709 
0.19839679358717432 0.027735107615230785 
0.2004008016032064 0.00026702362725451593 
0.20240480961923846 -0.008044486452905812 
0.20440881763527052 0.038133600601202626 
0.2064128256513026 0.07228966515030064 
0.20841683366733466 0.04991125196392786 
0.21042084168336672 0.030478909599198318 
0.2124248496993988 0.000615669138276554 
0.21442885771543085 0.021967394428857766 
0.21643286573146292 0.03706094597194397 
0.21843687374749496 0.05344234525050098 
0.22044088176352702 0.03146743909819652 
0.2224448897795591 0.02390410064128254 
0.22444889779559116 0.046295625370741465 
0.22645290581162322 0.023401556953907908 
0.2284569138276553 0.05072945352705399 
0.23046092184368736 0.027704200641282865 
0.23246492985971942 0.01672873486973939 
0.2344689378757515 0.0444357175751503 
0.23647294589178355 0.050262075791583254 
0.23847695390781562 0.031191329599198004 
0.24048096192384769 0.02476908194388843 
0.24248496993987975 0.07223343474949896 
0.2444889779559118 0.007113549779559138 
0.24649298597194386 0.057517514368737366 
0.24849699398797592 0.009476428496994229 
0.250501002004008 0.05924490511022029 
0.25250501002004005 0.05290629292585198 
0.2545090180360721 0.04475382633266525 
0.2565130260521042 -0.003185716072144365 
0.25851703406813625 0.09144124655310629 
0.2605210420841683 0.02202329835671384 
0.2625250501002004 0.06506883699398866 
0.26452905811623245 0.03287578799599186 
0.2665330661322645 0.03345492240481082 
0.2685370741482966 0.05069598681362675 
0.27054108216432865 0.02353035416833628 
0.2725450901803607 0.09926390478957918 
0.2745490981963928 0.043802589498998006 
0.27655310621242485 0.040778997935871655 
0.2785571142284569 0.0348225959519039 
0.280561122244489 0.061403504629258546 
0.282565130260521 0.03532606775551133 
0.28456913827655306 0.05599629476953889 
0.2865731462925851 0.07874293492985959 
0.2885771543086172 0.051538884268538254 
0.29058116232464926 0.055448628496993536 
0.2925851703406813 0.08224540723446978 
0.2945891783567134 -0.005629879078156036 
0.29659318637274545 0.06692200492985825 
0.2985971943887775 0.08590331466933869 
0.3006012024048096 0.07886516907815623 
0.30260521042084165 0.055128519278556894 
0.3046092184368737 0.045106840781563046 
0.3066132264529058 0.050787244028056316 
0.30861723446893785 0.07500935583166339 
0.3106212424849699 0.11095709356713454 
0.312625250501002 0.025090117454909504 
0.31462925851703405 0.05537520943887743 
0.3166332665330661 0.06322418270541058 
0.3186372745490982 0.08814953224448899 
0.32064128256513025 0.08660866697394701 
0.3226452905811623 0.05646198747495003 
0.3246492985971944 0.0987698078557115 
0.32665330661322645 0.042425577695390224 
0.3286573146292585 0.0426989183567134 
0.3306613226452906 0.07579049619238543 
0.33266533066132264 0.09784889418837672 
0.33466933867735466 0.08658024232464888 
0.3366733466933867 0.12036297961923999 
0.3386773547094188 0.01303251965931869 
0.34068136272545085 0.0763921341482956 
0.3426853707414829 0.06124401030060102 
0.344689378757515 0.0697239433667326 
0.34669338677354705 0.11650703979960002 
0.3486973947895791 0.08311015068136271 
0.3507014028056112 0.08174237416833699 
0.35270541082164325 0.07184359472945893 
0.3547094188376753 0.07398245713426878 
0.3567134268537074 0.05012318695390784 
0.35871743486973945 0.07233101641282542 
0.3607214428857715 0.12368060276553139 
0.3627254509018036 0.09943581340681362 
0.36472945891783565 0.04688567212424829 
0.3667334669338677 0.09063681519038091 
0.3687374749498998 0.09489833308617243 
0.37074148296593185 0.07038094342685357 
0.3727454909819639 0.07090878042084171 
0.374749498997996 0.0765534143086173 
0.37675350701402804 0.0927457590981965 
0.3787575150300601 0.10741402348697392 
0.3807615230460922 0.10028212975951885 
0.38276553106212424 0.07162416200400798 
0.38476953907815625 0.06899848777555109 
0.3867735470941883 0.05721020416833662 
0.3887775551102204 0.1009728604809614 
0.39078156312625245 0.10714817426853789 
0.3927855711422845 0.09110028094188363 
0.3947895791583166 0.10109520282565206 
0.39679358717434865 0.0659031593186373 
0.3987975951903807 0.08206164386773565 
0.4008016032064128 0.06916044709418796 
0.40280561122244485 0.10342198793587172 
0.4048096192384769 0.08601203917835686 
0.406813627254509 0.09392134438877756 
0.40881763527054105 0.10489807621242489 
0.4108216432865731 0.08519837933867722 
0.4128256513026052 0.07876424018036064 
0.41482965931863724 0.07205034464929824 
0.4168336673346693 0.06781673573146287 
0.4188376753507014 0.13094922761523037 
0.42084168336673344 0.09550750665330637 
0.4228456913827655 0.07648377753507016 
0.4248496993987976 0.09766229621242481 
0.42685370741482964 0.07953655088176345 
0.4288577154308617 0.08224399887775569 
0.4308617234468938 0.08576213843687375 
0.43286573146292584 0.0952303587775553 
0.4348697394789579 0.09433412430861725 
0.4368737474949899 0.11319012132264497 
0.438877755511022 0.08083824607214524 
0.44088176352705405 0.06629650220440796 
0.4428857715430861 0.10437357875751506 
0.4448897795591182 0.08769830689378776 
0.44689378757515025 0.08211227208416828 
0.4488977955911823 0.1106980552905808 
0.4509018036072144 0.08918696621242483 
0.45290581162324645 0.09299941899799552 
0.4549098196392785 0.08458285639278633 
0.4569138276553106 0.07601726404809578 
0.45891783567134264 0.1209894020641284 
0.4609218436873747 0.08657640270541084 
0.4629258517034068 0.07007458414829662 
0.46492985971943884 0.09051366709418869 
0.4669338677354709 0.11786095763527085 
0.468937875751503 0.09828971539078185 
0.47094188376753504 0.0821351594789581 
0.4729458917835671 0.0647277890981962 
0.4749498997995992 0.14921389649298578 
0.47695390781563124 0.032180609178356585 
0.4789579158316633 0.09962392328657368 
0.48096192384769537 0.10555879891783579 
0.48296593186372744 0.14698551104208407 
0.4849699398797595 0.05292148767535053 
0.48697394789579157 0.0700517432665346 
0.4889779559118236 0.10133117068136296 
0.49098196392785565 0.10126670288577155 
0.4929859719438877 0.08556728813627255 
0.4949899799599198 0.11991225837675316 
0.49699398797595185 0.07964619194388849 
0.4989979959919839 0.08438176505009969 
0.501002004008016 0.1126675628857719 
0.503006012024048 0.08891405699398802 
0.5050100200400801 0.07753401466933867 
0.5070140280561122 0.0981165190180361 
0.5090180360721442 0.09911184096192394 
0.5110220440881763 0.10578571871743497 
0.5130260521042084 0.08947573316633287 
0.5150300601202404 0.0877824912825646 
0.5170340681362725 0.11253812513026049 
0.5190380761523046 0.07688273605210376 
0.5210420841683366 0.09853964621242502 
0.5230460921843687 0.08762197488977976 
0.5250501002004008 0.09102520771543185 
0.5270541082164328 0.134125885470942 
0.5290581162324649 0.05686435048096216 
0.531062124248497 0.11142221983967979 
0.533066132264529 0.10143650328657225 
0.5350701402805611 0.09802839220440886 
0.5370741482965932 0.0724900848096192 
0.5390781563126252 0.0941297972745499 
0.5410821643286573 0.10084750517034069 
0.5430861723446894 0.1142911380561127 
0.5450901803607214 0.10321583084168284 
0.5470941883767535 0.0856707874949904 
0.5490981963927856 0.09325045376753495 
0.5511022044088176 0.08213708531062126 
0.5531062124248497 0.09956525420841723 
0.5551102204408818 0.10046545040080118 
0.5571142284569138 0.10151048637274579 
0.5591182364729459 0.1071627464729456 
0.561122244488978 0.08947383545090197 
0.56312625250501 0.10851734529058117 
0.565130260521042 0.072001889098198 
0.567134268537074 0.09256682106212274 
0.5691382765531061 0.11808327679358728 
0.5711422845691382 0.08603183402805727 
0.5731462925851702 0.0920110392184354 
0.5751503006012023 0.12537799643286587 
0.5771543086172344 0.08244566685370863 
0.5791583166332664 0.10324235406813553 
0.5811623246492985 0.08445661927855802 
0.5831663326653306 0.08746158250500981 
0.5851703406813626 0.1091486018436873 
0.5871743486973947 0.09995044178356753 
0.5891783567134268 0.09662214585170321 
0.5911823647294588 0.11956666128256516 
0.5931863727454909 0.08722086494990058 
0.595190380761523 0.0865337333466932 
0.597194388777555 0.0783604509018036 
0.5991983967935871 0.12024882723446727 
0.6012024048096192 0.1134165714428871 
0.6032064128256512 0.07871482186372741 
0.6052104208416833 0.10834764220440901 
0.6072144288577154 0.09117118995992045 
0.6092184368737474 0.09859401535070086 
0.6112224448897795 0.12057131761523036 
0.6132264529058116 0.06614107661322724 
0.6152304609218436 0.10829604725450843 
0.6172344689378757 0.10455602396793594 
0.6192384769539078 0.09532382925851728 
0.6212424849699398 0.105706501743487 
0.6232464929859719 0.09285132511022058 
0.625250501002004 0.09208255216432887 
0.627254509018036 0.1248833850300604 
0.6292585170340681 0.09202312016032088 
0.6312625250501002 0.09053593765531061 
0.6332665330661322 0.06449300320641252 
0.6352705410821643 0.11853931230460818 
0.6372745490981964 0.12919754326653313 
0.6392785571142284 0.12016635342685364 
0.6412825651302605 0.07324791348697209 
0.6432865731462926 0.07130723817635255 
0.6452905811623246 0.09160579198396802 
0.6472945891783567 0.12618151376753603 
0.6492985971943888 0.10892380957915657 
0.6513026052104208 0.10703328847695401 
0.6533066132264529 0.08712145653306536 
0.655310621242485 0.09564089476954044 
0.657314629258517 0.09019991022044095 
0.6593186372745491 0.10249271106212493 
0.6613226452905812 0.12543940248496957 
0.6633266533066132 0.10020808509017921 
0.6653306613226453 0.0564659736272542 
0.6673346693386772 0.11442539661322366 
0.6693386773547093 0.12943538937875862 
0.6713426853707414 0.09969946042084006 
0.6733466933867734 0.0908318682765555 
0.6753507014028055 0.07804296589178195 
0.6773547094188376 0.12392170214428883 
0.6793587174348696 0.08622104687374685 
0.6813627254509017 0.09911379146292629 
0.6833667334669338 0.1060493725050092 
0.6853707414829658 0.13935290649298573 
0.6873747494989979 0.06219729669338721 
0.68937875751503 0.09479412953907752 
0.691382765531062 0.10612041288577158 
0.6933867735470941 0.1032368825851702 
0.6953907815631262 0.10916361080160313 
0.6973947895791582 0.0942526657314631 
0.6993987975951903 0.08947783258517067 
0.7014028056112224 0.13200502236472986 
0.7034068136272544 0.09401315979959952 
0.7054108216432865 0.08339326298597194 
0.7074148296593186 0.0934869003607207 
0.7094188376753506 0.11058845452905808 
0.7114228456913827 0.1135659045490982 
0.7134268537074148 0.09950232246492956 
0.7154308617234468 0.09826525082164221 
0.7174348697394789 0.11290321607214467 
0.719438877755511 0.05728043839679365 
0.721442885771543 0.13209921525050197 
0.7234468937875751 0.11962948080160386 
0.7254509018036072 0.08912426392785572 
0.7274549098196392 0.09230376513026059 
0.7294589178356713 0.09531569917835682 
0.7314629258517034 0.09546699406813626 
0.7334669338677354 0.12018449064128268 
0.7354709418837675 0.11619793018036062 
0.7374749498997996 0.10533746535070161 
0.7394789579158316 0.07464833360721441 
0.7414829659318637 0.0916717329859721 
0.7434869739478958 0.09249041949899782 
0.7454909819639278 0.12815401188376768 
0.7474949899799599 0.13025626929859646 
0.749498997995992 0.09114577791583083 
0.751503006012024 0.0737049208817635 
0.7535070140280561 0.09420626348697432 
0.7555110220440882 0.12132671318637316 
0.7575150300601202 0.10888311701402602 
0.7595190380761523 0.07422230691382802 
0.7615230460921844 0.12838579300601233 
0.7635270541082164 0.1020449295791578 
0.7655310621242485 0.1139027694188377 
0.7675350701402806 0.08754781663326586 
0.7695390781563125 0.08177366781563114 
0.7715430861723446 0.0913902564929851 
0.7735470941883766 0.15244437122244428 
0.7755511022044087 0.08301870951904049 
0.7775551102204408 0.08755266026051833 
0.7795591182364728 0.13664548054108416 
0.7815631262525049 0.08692313440881813 
0.783567134268537 0.08766762897795592 
0.785571142284569 0.09015057959919812 
0.7875751503006011 0.11125951599198328 
0.7895791583166332 0.1245539606412825 
0.7915831663326652 0.11062274757515096 
0.7935871743486973 0.09110042573146297 
0.7955911823647294 0.09323282735470921 
0.7975951903807614 0.09429120056112236 
0.7995991983967935 0.09126422230460876 
0.8016032064128256 0.13723284663326604 
0.8036072144288576 0.09700838002004086 
0.8056112224448897 0.10609891577154318 
0.8076152304609218 0.09324403725450936 
0.8096192384769538 0.08087990076152159 
0.8116232464929859 0.13685156314629263 
0.813627254509018 0.09685345316633301 
0.81563126252505 0.09000770805611226 
0.8176352705410821 0.09705577851703384 
0.8196392785571142 0.11270526543086168 
0.8216432865731462 0.11657252374749492 
0.8236472945891783 0.12044680476953995 
0.8256513026052104 0.05142689080160318 
0.8276553106212424 0.1094683050100193 
0.8296593186372745 0.1232105081162322 
0.8316633266533066 0.10829725883767533 
0.8336673346693386 0.0893488345490978 
0.8356713426853707 0.11100014503006016 
0.8376753507014028 0.12010850659318724 
0.8396793587174348 0.05838343260521063 
0.8416833667334669 0.13624072539078227 
0.843687374749499 0.08578135442885723 
0.845691382765531 0.12261728571142287 
0.8476953907815631 0.08597693697394644 
0.8496993987975952 0.10261857995992016 
0.8517034068136272 0.13090879625250537 
0.8537074148296593 0.0846620815430864 
0.8557114228456913 0.10303187629258449 
0.8577154308617234 0.08563403597194424 
0.8597194388777555 0.12040870312625249 
0.8617234468937875 0.09819849270541084 
0.8637274549098196 0.11743562749499 
0.8657314629258517 0.09601970737474935 
0.8677354709418837 0.1159165411623248 
0.8697394789579158 0.08840379625250397 
0.8717434869739479 0.09522819266533099 
0.8737474949899798 0.09025558979959979 
0.8757515030060119 0.12006631110220276 
0.877755511022044 0.135463254649299 
0.879759519038076 0.09328106034068226 
0.8817635270541081 0.07886968981963949 
0.8837675350701402 0.09984049705410743 
0.8857715430861722 0.11667454639278649 
0.8877755511022043 0.0933866418036068 
0.8897795591182364 0.12174555929859708 
0.8917835671342684 0.09223597555110234 
0.8937875751503005 0.11304694008015964 
0.8957915831663326 0.09480207264529134 
0.8977955911823646 0.11498645150300559 
0.8997995991983967 0.08915904859719417 
0.9018036072144288 0.09681381214428754 
0.9038076152304608 0.1139572187374754 
0.9058116232464929 0.110887597014028 
0.907815631262525 0.10057184170340784 
0.909819639278557 0.10355167178356603 
0.9118236472945891 0.10587456965931902 
0.9138276553106212 0.09689143092184413 
0.9158316633266532 0.11071573128256604 
0.9178356713426853 0.07304933128256458 
0.9198396793587174 0.14784363863727462 
0.9218436873747494 0.08214452086172488 
0.9238476953907815 0.1147833472344685 
0.9258517034068136 0.1063386435070142 
0.9278557114228456 0.07215275517034095 
0.9298597194388777 0.13215046490981894 
0.9318637274549098 0.10556071683366794 
0.9338677354709418 0.09100084799599234 
0.9358717434869739 0.11250636136272467 
0.937875751503006 0.07894550160320637 
0.939879759519038 0.1339816058316634 
0.9418837675350701 0.11276055613226375 
0.9438877755511021 0.08935577557114242 
0.9458917835671342 0.0908013111623246 
0.9478957915831663 0.10272553659318637 
0.9498997995991983 0.1104905031863734 
0.9519038076152304 0.10576089438877759 
0.9539078156312625 0.11825968661322693 
0.9559118236472945 0.12413518362725252 
0.9579158316633266 0.045161549058116174 
0.9599198396793587 0.12828854386773583 
0.9619238476953907 0.07859960066132195 
0.9639278557114228 0.1434162965531089 
0.9659318637274549 0.11545883673346684 
0.9679358717434869 0.09948674673346694 
0.969939879759519 0.06328831763526953 
0.9719438877755511 0.10400621977956223 
0.9739478957915831 0.12424282525050095 
0.9759519038076151 0.12149904084168384 
0.9779559118236472 0.08835711148296613 
0.9799599198396792 0.12393450525049995 
0.9819639278557113 0.06302407492986212 
0.9839679358717434 0.11974063258516829 
0.9859719438877754 0.09976905533066172 
0.9879759519038075 0.11191763781562794 
0.9899799599198396 0.13040389947895925 
0.9919839679358716 0.07578051507014055 
0.9939879759519037 0.08637310320641158 
0.9959919839679358 0.1299839159919828 
0.9979959919839678 0.09854036466933958 
1.0 0.10945982 
