xdata ydata 
0.0 -0.01735032 
0.002004008016032064 0.04194928106212425 
0.004008016032064128 0.007055561523046092 
0.0060120240480961915 0.04553380995991983 
0.008016032064128256 0.03634933903807615 
0.01002004008016032 0.03857882621242485 
0.012024048096192383 0.06056856174348697 
0.014028056112224447 0.04058551204408818 
0.01603206412825651 0.06638292653306613 
0.018036072144288574 0.060588856172344746 
0.02004008016032064 0.05433205126252504 
0.022044088176352703 0.09048564284569147 
0.024048096192384766 0.03963123380761521 
0.026052104208416832 0.11256095476953905 
0.028056112224448895 0.03910618981963927 
0.03006012024048096 0.11539861867735472 
0.03206412825651302 0.056795262464929865 
0.03406813627254509 0.1032529033867737 
0.03607214428857715 0.08214755188376768 
0.038076152304609215 0.09000684280561129 
0.04008016032064128 0.10214362080160322 
0.04208416833667334 0.0845882897194388 
0.044088176352705406 0.1140797648697396 
0.04609218436873747 0.08377908771543091 
0.04809619238476953 0.1251077072144289 
0.0501002004008016 0.08004733815631257 
0.052104208416833664 0.139546953507014 
0.05410821643286573 0.07450302803607216 
0.05611222444889779 0.14965870124248495 
0.058116232464929855 0.07938687064128264 
0.06012024048096192 0.14241820725450918 
0.06212424849699398 0.10484461076152336 
0.06412825651302605 0.11513926529058101 
0.06613226452905811 0.14465885352705382 
0.06813627254509018 0.0830572436072151 
0.07014028056112225 0.17781043929859702 
0.0721442885771543 0.06839704374749475 
0.07414829659318636 0.1858210767134269 
0.07615230460921843 0.081770672004008 
0.0781563126252505 0.16840466462925835 
0.08016032064128256 0.11375178579158311 
0.08216432865731463 0.14198971464929874 
0.08416833667334668 0.1450010985571145 
0.08617234468937875 0.12456070843687371 
0.08817635270541081 0.16253737336673363 
0.09018036072144288 0.12249872094188376 
0.09218436873747494 0.16646725098196394 
0.09418837675350701 0.13078154012024046 
0.09619238476953906 0.16427587515030057 
0.09819639278557113 0.14182938332665346 
0.1002004008016032 0.1620892221843687 
0.10220440881763526 0.1516413513627255 
0.10420841683366733 0.1618448863927857 
0.1062124248496994 0.1595876030460922 
0.10821643286573146 0.16311143296593203 
0.11022044088176351 0.16669549883767565 
0.11222444889779558 0.16384369338677343 
0.11422845691382764 0.17597856360721437 
0.11623246492985971 0.160156133026052 
0.11823647294589178 0.19136842905811607 
0.12024048096192384 0.14940056014028075 
0.1222444889779559 0.21247704671342713 
0.12424849699398796 0.1359873968136269 
0.12625250501002003 0.23050668869739488 
0.1282565130260521 0.1315602673747495 
0.13026052104208416 0.23346945474949907 
0.13226452905811623 0.14502910200400768 
0.1342685370741483 0.21858639312625275 
0.13627254509018036 0.17133072280561074 
0.13827655310621242 0.19829242581162324 
0.1402805611222445 0.1933720399599197 
0.14228456913827653 0.1899847869138273 
0.1442885771543086 0.1981504803807616 
0.14629258517034066 0.19860862208416832 
0.14829659318637273 0.19021786621242484 
0.1503006012024048 0.21174732529058116 
0.15230460921843686 0.18590492198396796 
0.15430861723446893 0.21451225759519038 
0.156312625250501 0.1937303481763528 
0.15831663326653306 0.20769562919839676 
0.16032064128256512 0.20384982350701403 
0.1623246492985972 0.20707489308617227 
0.16432865731462926 0.20018439404809643 
0.16633266533066132 0.22344417190380722 
0.16833667334669336 0.18167500711422835 
0.17034068136272543 0.24699977647294602 
0.1723446893787575 0.1667398802805612 
0.17434869739478956 0.25607440745490934 
0.17635270541082163 0.17388257028056164 
0.1783567134268537 0.24132103865731425 
0.18036072144288576 0.20033140032064134 
0.18236472945891782 0.21721965633266554 
0.1843687374749499 0.22422464801603165 
0.18637274549098196 0.2066919292785576 
0.18837675350701402 0.22840968997995983 
0.1903807615230461 0.2163745918236474 
0.19238476953907813 0.21827934763527065 
0.1943887775551102 0.2313361039679356 
0.19639278557114226 0.21307142274549126 
0.19839679358717432 0.23462972354709394 
0.2004008016032064 0.22194222056112237 
0.20240480961923846 0.22763015787575153 
0.20440881763527052 0.23388696531062114 
0.2064128256513026 0.2266028424649298 
0.20841683366733466 0.23325744134268536 
0.21042084168336672 0.24057916298597196 
0.2124248496993988 0.22105933372745493 
0.21442885771543085 0.2581373767735472 
0.21643286573146292 0.21554297232464897 
0.21843687374749496 0.259839231162324 
0.22044088176352702 0.23093452416833712 
0.2224448897795591 0.24138258304609203 
0.22444889779559116 0.259847823266534 
0.22645290581162322 0.2197857533066127 
0.2284569138276553 0.2804757726653308 
0.23046092184368736 0.21521564729458906 
0.23246492985971942 0.28002125292585167 
0.2344689378757515 0.2297294293787575 
0.23647294589178355 0.2673050268336674 
0.23847695390781562 0.24695766410821637 
0.24048096192384769 0.2611483337875752 
0.24248496993987975 0.25151457543086175 
0.2444889779559118 0.26938641867735486 
0.24649298597194386 0.24496912060120232 
0.24849699398797592 0.28243899857715427 
0.250501002004008 0.24144253266533072 
0.25250501002004005 0.28645032412825594 
0.2545090180360721 0.2504684308817634 
0.2565130260521042 0.2787684866132259 
0.25851703406813625 0.26769427460921835 
0.2605210420841683 0.268796729799599 
0.2625250501002004 0.2819175455110218 
0.26452905811623245 0.26613269472945894 
0.2665330661322645 0.2874913069739478 
0.2685370741482966 0.2715005889779559 
0.27054108216432865 0.2877696860521042 
0.2725450901803607 0.2791087051503006 
0.2745490981963928 0.28870325298597194 
0.27655310621242485 0.28438566376753516 
0.2785571142284569 0.2927059768737475 
0.280561122244489 0.2869049447494991 
0.282565130260521 0.2990002799599199 
0.28456913827655306 0.2877602868737475 
0.2865731462925851 0.30656659414829657 
0.2885771543086172 0.28788209947895804 
0.29058116232464926 0.3139977577555109 
0.2925851703406813 0.2895335994589182 
0.2945891783567134 0.31810044350701383 
0.29659318637274545 0.29618421206412876 
0.2985971943887775 0.3164800092384769 
0.3006012024048096 0.30775914581162356 
0.30260521042084165 0.3126490210821645 
0.3046092184368737 0.317331911482966 
0.3066132264529058 0.31544922440881745 
0.30861723446893785 0.3166469580360721 
0.3106212424849699 0.32957583342685365 
0.312625250501002 0.3069425401202404 
0.31462925851703405 0.346965464308617 
0.3166332665330661 0.30199586831663267 
0.3186372745490982 0.3513056401002004 
0.32064128256513025 0.31626746769538905 
0.3226452905811623 0.33428250270541143 
0.3246492985971944 0.3487699210220419 
0.32665330661322645 0.3067585125851712 
0.3286573146292585 0.3807053053907816 
0.3306613226452906 0.29107987420841674 
0.33266533066132264 0.39158698468937897 
0.33466933867735466 0.30087832861723446 
0.3366733466933867 0.37787750030060047 
0.3386773547094188 0.3286919140881765 
0.34068136272545085 0.355734032264528 
0.3426853707414829 0.35447258971943874 
0.344689378757515 0.3437595911623241 
0.34669338677354705 0.36546646967935953 
0.3486973947895791 0.34646910082164317 
0.3507014028056112 0.36541949735470974 
0.35270541082164325 0.354183250480962 
0.3547094188376753 0.3663047501803609 
0.3567134268537074 0.35659338907815646 
0.35871743486973945 0.37393457755511034 
0.3607214428857715 0.3536129900801606 
0.3627254509018036 0.38347320733466933 
0.36472945891783565 0.352852031763527 
0.3667334669338677 0.38737749815631267 
0.3687374749498998 0.35927571356713434 
0.37074148296593185 0.38461291643286605 
0.3727454909819639 0.36991333308617225 
0.374749498997996 0.38090336523046153 
0.37675350701402804 0.3782682570941882 
0.3787575150300601 0.3815150350901811 
0.3807615230460922 0.38169657851703376 
0.38276553106212424 0.38584267649298604 
0.38476953907815625 0.38353166118236526 
0.3867735470941883 0.38889367026052 
0.3887775551102204 0.3890390261923853 
0.39078156312625245 0.386384050761522 
0.3927855711422845 0.40065802366733494 
0.3947895791583166 0.3781974884569126 
0.39679358717434865 0.4163167863527053 
0.3987975951903807 0.36842183476953844 
0.4008016032064128 0.4304001519639286 
0.40280561122244485 0.36362714625250486 
0.4048096192384769 0.43605921162324646 
0.406813627254509 0.3699875228857715 
0.40881763527054105 0.4289262301402803 
0.4108216432865731 0.38902328014028015 
0.4128256513026052 0.41130358210420787 
0.41482965931863724 0.41435004292585076 
0.4168336673346693 0.39307039106212416 
0.4188376753507014 0.43399106689378786 
0.42084168336673344 0.38608288116232475 
0.4228456913827655 0.4386296387975952 
0.4248496993987976 0.39509651116232436 
0.42685370741482964 0.42910507172344725 
0.4288577154308617 0.41393860509017943 
0.4308617234468938 0.4153077625050102 
0.43286573146292584 0.4315141701001991 
0.4348697394789579 0.40673918775551154 
0.4368737474949899 0.44203377190380877 
0.438877755511022 0.4045008235470935 
0.44088176352705405 0.44850166819639337 
0.4428857715430861 0.4033013070140278 
0.4448897795591182 0.4559617909018038 
0.44689378757515025 0.40073865490981964 
0.4488977955911823 0.4628198186372743 
0.4509018036072144 0.402317793006012 
0.45290581162324645 0.4612439318036065 
0.4549098196392785 0.41549348022044197 
0.4569138276553106 0.44698808813627194 
0.45891783567134264 0.43912534176352774 
0.4609218436873747 0.4272464723847694 
0.4629258517034068 0.4610304755511023 
0.46492985971943884 0.4165115123046094 
0.4669338677354709 0.46785099829659327 
0.468937875751503 0.4236176413426852 
0.47094188376753504 0.45750831583166324 
0.4729458917835671 0.4434193238677356 
0.4749498997995992 0.44101308799599215 
0.47695390781563124 0.4620013068136271 
0.4789579158316633 0.4315927633466936 
0.48096192384769537 0.47005462262525044 
0.48296593186372744 0.4325352044288577 
0.4849699398797595 0.47051489865731466 
0.48697394789579157 0.4361987974549095 
0.4889779559118236 0.47291992553106166 
0.49098196392785565 0.43453407186372794 
0.4929859719438877 0.4810142123847689 
0.4949899799599198 0.42963453621242564 
0.49699398797595185 0.48706859569138183 
0.4989979959919839 0.4329729862925861 
0.501002004008016 0.47906951392785285 
0.503006012024048 0.4536405580761528 
0.5050100200400801 0.4539320376352679 
0.5070140280561122 0.48709769827655286 
0.5090180360721442 0.42377182509017913 
0.5110220440881763 0.5156619636072136 
0.5130260521042084 0.40844080727454884 
0.5150300601202404 0.5214386496192385 
0.5170340681362725 0.41998126374749484 
0.5190380761523046 0.5010724812825667 
0.5210420841683366 0.4519853506613223 
0.5230460921843687 0.4697856545090177 
0.5250501002004008 0.4832466756312618 
0.5270541082164328 0.45068005036072134 
0.5290581162324649 0.4933744456713425 
0.531062124248497 0.45738527765531023 
0.533066132264529 0.4781419802805631 
0.5350701402805611 0.48398259733466875 
0.5370741482965932 0.452188602965932 
0.5390781563126252 0.5103712071743478 
0.5410821643286573 0.43678844056112226 
0.5430861723446894 0.5185830040280566 
0.5450901803607214 0.44296155308617163 
0.5470941883767535 0.5064939073346716 
0.5490981963927856 0.46401404533066054 
0.5511022044088176 0.4875527826853713 
0.5531062124248497 0.48321333288577 
0.5551102204408818 0.4776713988577174 
0.5571142284569138 0.4890672777354704 
0.5591182364729459 0.4815445124248501 
0.561122244488978 0.4842467565130255 
0.56312625250501 0.49039344599198426 
0.565130260521042 0.4808764465731476 
0.567134268537074 0.49215940068136155 
0.5691382765531061 0.4877379966933873 
0.5711422845691382 0.48358416745490823 
0.5731462925851702 0.5018826388176365 
0.5751503006012023 0.47289387038076114 
0.5771543086172344 0.5120554300601202 
0.5791583166332664 0.4714329305010026 
0.5811623246492985 0.5096726923446884 
0.5831663326653306 0.4829607905010023 
0.5851703406813626 0.496553102224447 
0.5871743486973947 0.5007122429258533 
0.5891783567134268 0.48260315977955864 
0.5911823647294588 0.5141256249298596 
0.5931863727454909 0.4766236213026051 
0.595190380761523 0.5180496674949897 
0.597194388777555 0.4794083464128257 
0.5991983967935871 0.5156113837675339 
0.6012024048096192 0.48534742060120345 
0.6032064128256512 0.5127983870340678 
0.6052104208416833 0.49005931871743436 
0.6072144288577154 0.5109532876753494 
0.6092184368737474 0.49561423505010105 
0.6112224448897795 0.5053310914028059 
0.6132264529058116 0.5076212791382786 
0.6152304609218436 0.4916754551302598 
0.6172344689378757 0.5268761808016033 
0.6192384769539078 0.473967739358718 
0.6212424849699398 0.5446549517635272 
0.6232464929859719 0.464252725691383 
0.625250501002004 0.5482095479358724 
0.627254509018036 0.4727650517234445 
0.6292585170340681 0.5327331682765524 
0.6312625250501002 0.4970711882164325 
0.6332665330661322 0.5079566642484991 
0.6352705410821643 0.5219369885971955 
0.6372745490981964 0.49123635254509007 
0.6392785571142284 0.5320317236072142 
0.6412825651302605 0.49208670609218436 
0.6432865731462926 0.5259918233667333 
0.6452905811623246 0.5034218181763526 
0.6472945891783567 0.5172672728857718 
0.6492985971943888 0.5093032179959921 
0.6513026052104208 0.519689746513026 
0.6533066132264529 0.5021623350100202 
0.655310621242485 0.5322577612024051 
0.657314629258517 0.49144578350701407 
0.6593186372745491 0.5397298253907822 
0.6613226452905812 0.4936767920841661 
0.6633266533066132 0.5292757481362768 
0.6653306613226453 0.5139161953106206 
0.6673346693386772 0.5054934845090149 
0.6693386773547093 0.5387640433066146 
0.6713426853707414 0.48711671785570726 
0.6733466933867734 0.5494330311422865 
0.6753507014028055 0.487726540360721 
0.6773547094188376 0.5411507778957916 
0.6793587174348696 0.5022923037074155 
0.6813627254509017 0.5269523749699394 
0.6833667334669338 0.5138928983567136 
0.6853707414829658 0.5226015644488978 
0.6873747494989979 0.5124866570741481 
0.68937875751503 0.529803148236473 
0.691382765531062 0.5046320768136272 
0.6933867735470941 0.5363770468537071 
0.6953907815631262 0.5038889948697399 
0.6973947895791582 0.5319777074148295 
0.6993987975951903 0.5140929114629256 
0.7014028056112224 0.5203621769739466 
0.7034068136272544 0.5253198015631267 
0.7054108216432865 0.5141842620240481 
0.7074148296593186 0.5264513804809624 
0.7094188376753506 0.519424816032064 
0.7114228456913827 0.5185257985971944 
0.7134268537074148 0.5285750292785572 
0.7154308617234468 0.5128864474949902 
0.7174348697394789 0.5303756463326652 
0.719438877755511 0.5169820745891782 
0.721442885771543 0.5236328063326661 
0.7234468937875751 0.525546685130261 
0.7254509018036072 0.5181159303406815 
0.7274549098196392 0.527867335791583 
0.7294589178356713 0.5216705651102201 
0.7314629258517034 0.5219393615230461 
0.7334669338677354 0.5295382729859723 
0.7354709418837675 0.5179900661122238 
0.7374749498997996 0.5292019141482963 
0.7394789579158316 0.5267836775751497 
0.7414829659318637 0.5153368251302617 
0.7434869739478958 0.5461591617234478 
0.7454909819639278 0.4975368438276556 
0.7474949899799599 0.561342853186372 
0.749498997995992 0.4920478856713427 
0.751503006012024 0.5587406958517034 
0.7535070140280561 0.506490857975951 
0.7555110220440882 0.53840089961924 
0.7575150300601202 0.5333146842685339 
0.7595190380761523 0.5134059223046101 
0.7615230460921844 0.5568777518637257 
0.7635270541082164 0.4987883072144299 
0.7655310621242485 0.5653604913827655 
0.7675350701402806 0.5015990719839674 
0.7695390781563125 0.5569865806212414 
0.7715430861723446 0.5188791913426869 
0.7735470941883766 0.5386244485571104 
0.7755511022044087 0.5411260287775573 
0.7775551102204408 0.5213226589779538 
0.7795591182364728 0.5569375779158343 
0.7815631262525049 0.5155857769739469 
0.783567134268537 0.5582354001803608 
0.785571142284569 0.5256083309819641 
0.7875751503006011 0.5459404700801594 
0.7895791583166332 0.5447594004609223 
0.7915831663326652 0.5317307354308615 
0.7935871743486973 0.5582118622244489 
0.7955911823647294 0.5304821432064137 
0.7975951903807614 0.5545494048697389 
0.7995991983967935 0.5469718144488989 
0.8016032064128256 0.5373111958917811 
0.8036072144288576 0.569604799539079 
0.8056112224448897 0.5234873382965933 
0.8076152304609218 0.5800656639078157 
0.8096192384769538 0.5278826835470946 
0.8116232464929859 0.5711867150901803 
0.813627254509018 0.5481497744889785 
0.81563126252505 0.5544750504408805 
0.8176352705410821 0.5670667838276555 
0.8196392785571142 0.5482938577955913 
0.8216432865731462 0.5705391148296592 
0.8236472945891783 0.5587360793587178 
0.8256513026052104 0.562244525230461 
0.8276553106212424 0.5739027528256515 
0.8296593186372745 0.5586609748897796 
0.8316633266533066 0.5778302282164328 
0.8336673346693386 0.5702657241883765 
0.8356713426853707 0.5685094722044088 
0.8376753507014028 0.5898232751102205 
0.8396793587174348 0.560015938517034 
0.8416833667334669 0.6002923082965942 
0.843687374749499 0.5671366770541075 
0.845691382765531 0.5929097221442886 
0.8476953907815631 0.5900515584769522 
0.8496993987975952 0.575482029679359 
0.8517034068136272 0.6151527250901808 
0.8537074148296593 0.5632862753707422 
0.8557114228456913 0.6292085989579149 
0.8577154308617234 0.5642949347695392 
0.8597194388777555 0.6305236036873748 
0.8617234468937875 0.5744802232865727 
0.8637274549098196 0.6266598706412838 
0.8657314629258517 0.5853404297194381 
0.8677354709418837 0.6246447722244496 
0.8697394789579158 0.5927861861322632 
0.8717434869739479 0.6255507800400808 
0.8737474949899798 0.5981564556513045 
0.8757515030060119 0.6270203950901789 
0.877755511022044 0.6038894613627261 
0.879759519038076 0.6272951908617216 
0.8817635270541081 0.6111935930460942 
0.8837675350701402 0.6253595848897784 
0.8857715430861722 0.621143538637277 
0.8877755511022043 0.620044509418835 
0.8897795591182364 0.6343432592985986 
0.8917835671342684 0.6122119777955908 
0.8937875751503005 0.6475335067735479 
0.8957915831663326 0.6076868784969938 
0.8977955911823646 0.6530491627655308 
0.8997995991983967 0.6141726169539077 
0.9018036072144288 0.6455640259719428 
0.9038076152304608 0.6325096456713438 
0.9058116232464929 0.6301794674148296 
0.907815631262525 0.6521999314428867 
0.909819639278557 0.620781511082164 
0.9118236472945891 0.6595104906012023 
0.9138276553106212 0.6272199017234467 
0.9158316633266532 0.6516361261923841 
0.9178356713426853 0.6441479610020044 
0.9198396793587174 0.6410449435470943 
0.9218436873747494 0.6552317769539078 
0.9238476953907815 0.6433908193787576 
0.9258517034068136 0.6498359804208416 
0.9278557114228456 0.6610796784769535 
0.9298597194388777 0.634285549839679 
0.9318637274549098 0.6806678236873748 
0.9338677354709418 0.6250495196993986 
0.9358717434869739 0.6870188650100214 
0.937875751503006 0.6316017798997999 
0.939879759519038 0.6782217029258519 
0.9418837675350701 0.6481828623847677 
0.9438877755511021 0.6650112531062115 
0.9458917835671342 0.6625584162525053 
0.9478957915831663 0.6571437291783577 
0.9498997995991983 0.6698146246492966 
0.9519038076152304 0.6534428364328656 
0.9539078156312625 0.6741622924248493 
0.9559118236472945 0.6479814351302616 
0.9579158316633266 0.6810681923246497 
0.9599198396793587 0.6407388634068139 
0.9619238476953907 0.6867959165731462 
0.9639278557114228 0.6385378064729457 
0.9659318637274549 0.6842593679358718 
0.9679358717434869 0.6457166837875749 
0.969939879759519 0.6740783800200408 
0.9719438877755511 0.6561838571743479 
0.9739478957915831 0.6663752365130261 
0.9759519038076151 0.6587484962124247 
0.9779559118236472 0.6699281546292588 
0.9799599198396792 0.6498736395190373 
0.9819639278557113 0.6818326915631265 
0.9839679358717434 0.6380534403807617 
0.9859719438877754 0.6906233089178355 
0.9879759519038075 0.6342357087975972 
0.9899799599198396 0.6890590802204393 
0.9919839679358716 0.6401177201402813 
0.9939879759519037 0.6808996452905774 
0.9959919839679358 0.6483813270140305 
0.9979959919839678 0.674063953286572 
1.0 0.65342589 
