xdata ydata 
0.0 0.01314389 
0.002004008016032064 0.06175263779559118 
0.004008016032064128 -0.0428846885771543 
0.0060120240480961915 -0.060018504989979966 
0.008016032064128256 0.023494058436873747 
0.01002004008016032 -0.03661047829659318 
0.012024048096192383 0.03162957879759518 
0.014028056112224447 0.05651740981963928 
0.01603206412825651 0.0005660299398797654 
0.018036072144288574 -0.044100631703406876 
0.02004008016032064 0.02917568386773547 
0.022044088176352703 -0.01645568114228452 
0.024048096192384766 -0.013553923507014039 
0.026052104208416832 0.006604173426853702 
0.028056112224448895 0.011178940681362723 
0.03006012024048096 0.021276525591182358 
0.03206412825651302 0.006250138136272546 
0.03406813627254509 0.013689784509018081 
0.03607214428857715 0.004820220541082288 
0.038076152304609215 -0.045668326092184346 
0.04008016032064128 0.015972690200400798 
0.04208416833667334 -0.01213966933867731 
0.044088176352705406 0.01861334901803588 
0.04609218436873747 0.06164594957915828 
0.04809619238476953 -0.01727038593186369 
0.0501002004008016 -0.03222147685370746 
0.052104208416833664 0.024638044168336745 
0.05410821643286573 -0.0016911616232465673 
0.05611222444889779 -0.06822425983967938 
0.058116232464929855 0.0511118793987975 
0.06012024048096192 0.051594375110220345 
0.06212424849699398 -0.0024363002404808763 
0.06412825651302605 -0.03351739765531062 
0.06613226452905811 0.0026199955310621794 
0.06813627254509018 -0.012485882745491166 
0.07014028056112225 -0.000929028176352608 
0.0721442885771543 0.03153377254509035 
0.07414829659318636 -0.03349815681362723 
0.07615230460921843 0.018368378496994037 
0.0781563126252505 0.04120705517034079 
0.08016032064128256 0.001231154709418838 
0.08216432865731463 -0.01760840006012035 
0.08416833667334668 -0.06419062879759543 
0.08617234468937875 0.06586756893787572 
0.08817635270541081 0.014773526412825823 
0.09018036072144288 0.06911339861723445 
0.09218436873747494 -0.016395027454909897 
0.09418837675350701 -0.04816473032064074 
0.09619238476953906 0.06763077741482973 
0.09819639278557113 0.010917135230460848 
0.1002004008016032 0.04424359563126253 
0.10220440881763526 0.03262800074148296 
0.10420841683366733 0.017675851643286503 
0.1062124248496994 0.04197438729458916 
0.10821643286573146 0.06422913993987957 
0.11022044088176351 0.02001710775551083 
0.11222444889779558 0.042165049438877826 
0.11422845691382764 0.05305201841683377 
0.11623246492985971 0.10379050777555121 
0.11823647294589178 0.032421288296593305 
0.12024048096192384 0.11913300661322639 
0.1222444889779559 0.020156017995992013 
0.12424849699398796 0.0948076589579157 
0.12625250501002003 0.04702482529058116 
0.1282565130260521 0.16296498529058123 
0.13026052104208416 0.10290248645290528 
0.13226452905811623 0.09335008531062199 
0.1342685370741483 0.12173185737474915 
0.13627254509018036 0.0413601259919843 
0.13827655310621242 0.18543440162324648 
0.1402805611222445 0.14207819056112184 
0.14228456913827653 0.10120138454909722 
0.1442885771543086 0.17836055845691412 
0.14629258517034066 0.11071769298597188 
0.14829659318637273 0.19198222909819634 
0.1503006012024048 0.14732675138276544 
0.15230460921843686 0.16596505779559112 
0.15430861723446893 0.13629968244488974 
0.156312625250501 0.1774223975150297 
0.15831663326653306 0.19618850821643294 
0.16032064128256512 0.19770889535070146 
0.1623246492985972 0.23087771288577147 
0.16432865731462926 0.17089408444889734 
0.16633266533066132 0.14797568370741512 
0.16833667334669336 0.1912535003206412 
0.17034068136272543 0.2380012220641277 
0.1723446893787575 0.2771386902004011 
0.17434869739478956 0.16198820286573204 
0.17635270541082163 0.2110867756913822 
0.1783567134268537 0.2287608806813628 
0.18036072144288576 0.259935898256513 
0.18236472945891782 0.24891479040080144 
0.1843687374749499 0.1746124607014027 
0.18637274549098196 0.20723824050100248 
0.18837675350701402 0.26114508464929864 
0.1903807615230461 0.2799564458316635 
0.19238476953907813 0.3050198236072146 
0.1943887775551102 0.20274938965931993 
0.19639278557114226 0.17441837765531007 
0.19839679358717432 0.2692842833867732 
0.2004008016032064 0.28148224845691394 
0.20240480961923846 0.22726470288577152 
0.20440881763527052 0.25904422212424866 
0.2064128256513026 0.2838727934468938 
0.20841683366733466 0.27255768446893786 
0.21042084168336672 0.23742215354709406 
0.2124248496993988 0.21235386116232463 
0.21442885771543085 0.2502317314428858 
0.21643286573146292 0.23537331422845703 
0.21843687374749496 0.33393058579158263 
0.22044088176352702 0.2515586719038083 
0.2224448897795591 0.21202509565130245 
0.22444889779559116 0.29335214108216445 
0.22645290581162322 0.2594094842284569 
0.2284569138276553 0.23040471643286603 
0.23046092184368736 0.19570749020040032 
0.23246492985971942 0.3065374357314629 
0.2344689378757515 0.2487337212024048 
0.23647294589178355 0.3298722082364729 
0.23847695390781562 0.1916113017835666 
0.24048096192384769 0.2946059685971954 
0.24248496993987975 0.1843896947695389 
0.2444889779559118 0.22328281981963716 
0.24649298597194386 0.31951651529058134 
0.24849699398797592 0.2847002252304612 
0.250501002004008 0.20943311164328682 
0.25250501002004005 0.2601283566332649 
0.2545090180360721 0.24798444486973925 
0.2565130260521042 0.261239768276552 
0.25851703406813625 0.2730030314629257 
0.2605210420841683 0.18461539905811605 
0.2625250501002004 0.3042921598998001 
0.26452905811623245 0.25353996148296587 
0.2665330661322645 0.22770231102204422 
0.2685370741482966 0.2579954717434872 
0.27054108216432865 0.28241101561122245 
0.2725450901803607 0.27046662657314613 
0.2745490981963928 0.23192634200400802 
0.27655310621242485 0.20847359456913836 
0.2785571142284569 0.24517157260521066 
0.280561122244489 0.2857572808416836 
0.282565130260521 0.26804956867735474 
0.28456913827655306 0.31162699294589163 
0.2865731462925851 0.21494964503006184 
0.2885771543086172 0.22465137370741262 
0.29058116232464926 0.2138914901202411 
0.2925851703406813 0.2819153320440844 
0.2945891783567134 0.3383350055310629 
0.29659318637274545 0.2015617877955914 
0.2985971943887775 0.28300259995991983 
0.3006012024048096 0.2302600275951907 
0.30260521042084165 0.27098008084168357 
0.3046092184368737 0.276677713006012 
0.3066132264529058 0.2518151964128266 
0.30861723446893785 0.2555821483967937 
0.3106212424849699 0.2985121059519046 
0.312625250501002 0.1968356835470942 
0.31462925851703405 0.3230267397995988 
0.3166332665330661 0.26536343605210366 
0.3186372745490982 0.2974303909218437 
0.32064128256513025 0.20001075877755434 
0.3226452905811623 0.3266762134869745 
0.3246492985971944 0.2014340585771508 
0.32665330661322645 0.3185962405010043 
0.3286573146292585 0.27474671444889803 
0.3306613226452906 0.24431507442885975 
0.33266533066132264 0.30154577851703385 
0.33466933867735466 0.2786650278156306 
0.3366733466933867 0.28509379775551386 
0.3386773547094188 0.20495482086172317 
0.34068136272545085 0.28961278793587214 
0.3426853707414829 0.26915610945891805 
0.344689378757515 0.3457973840280565 
0.34669338677354705 0.24302084953907968 
0.3486973947895791 0.24149766492985947 
0.3507014028056112 0.2852410646893787 
0.35270541082164325 0.29155130280561126 
0.3547094188376753 0.3155096448897798 
0.3567134268537074 0.23730124016031998 
0.35871743486973945 0.2024299159919836 
0.3607214428857715 0.30470693781563246 
0.3627254509018036 0.38175443581162327 
0.36472945891783565 0.2865639967935887 
0.3667334669338677 0.1943833200000003 
0.3687374749498998 0.2685427818436873 
0.37074148296593185 0.29223905707414866 
0.3727454909819639 0.2985099696192383 
0.374749498997996 0.2398576103807621 
0.37675350701402804 0.3278020682565133 
0.3787575150300601 0.31164440819639105 
0.3807615230460922 0.25318688505010006 
0.38276553106212424 0.24206457268537077 
0.38476953907815625 0.2811032938476946 
0.3867735470941883 0.2923242640681373 
0.3887775551102204 0.2687738891983964 
0.39078156312625245 0.3132753426252508 
0.3927855711422845 0.2577909823647296 
0.3947895791583166 0.2855690658316624 
0.39679358717434865 0.2914769442284568 
0.3987975951903807 0.2579519712224448 
0.4008016032064128 0.2645158488376754 
0.40280561122244485 0.2650716029659318 
0.4048096192384769 0.2971044296993983 
0.406813627254509 0.31781172771543087 
0.40881763527054105 0.24910900362725477 
0.4108216432865731 0.24628986671342704 
0.4128256513026052 0.2685837728056111 
0.41482965931863724 0.3072429940480965 
0.4168336673346693 0.2897983005210421 
0.4188376753507014 0.2677593463126253 
0.42084168336673344 0.23051963907815612 
0.4228456913827655 0.2520382741482966 
0.4248496993987976 0.3020544826653307 
0.42685370741482964 0.30572559513026043 
0.4288577154308617 0.25163832781563045 
0.4308617234468938 0.2711466553306615 
0.43286573146292584 0.27036652695390606 
0.4348697394789579 0.22266016735470967 
0.4368737474949899 0.24750764344689358 
0.438877755511022 0.3046518374949886 
0.44088176352705405 0.2969275815030083 
0.4428857715430861 0.22803409170340613 
0.4448897795591182 0.2930184092384773 
0.44689378757515025 0.23297384955911832 
0.4488977955911823 0.2505857610020037 
0.4509018036072144 0.2650819366132265 
0.45290581162324645 0.2411041254909827 
0.4549098196392785 0.24064759286573023 
0.4569138276553106 0.3078932361122247 
0.45891783567134264 0.2632528140881763 
0.4609218436873747 0.2631373396192385 
0.4629258517034068 0.19967873615230455 
0.46492985971943884 0.27499123176352697 
0.4669338677354709 0.1905792368136275 
0.468937875751503 0.29049054633266663 
0.47094188376753504 0.27068650635270575 
0.4729458917835671 0.18948820208416822 
0.4749498997995992 0.3220191885971947 
0.47695390781563124 0.27025943595190316 
0.4789579158316633 0.15203785076152315 
0.48096192384769537 0.22339319763527105 
0.48296593186372744 0.24057531681362743 
0.4849699398797595 0.2511698448296593 
0.48697394789579157 0.23446178320641348 
0.4889779559118236 0.29611110999999957 
0.49098196392785565 0.24341900551102338 
0.4929859719438877 0.22101572036072156 
0.4949899799599198 0.17129473356713512 
0.49699398797595185 0.17974973785571052 
0.4989979959919839 0.278046868416833 
0.501002004008016 0.29031102058116354 
0.503006012024048 0.24054546505010013 
0.5050100200400801 0.2985641794188376 
0.5070140280561122 0.16671681871743463 
0.5090180360721442 0.16806638438877597 
0.5110220440881763 0.29457570517034054 
0.5130260521042084 0.2277638253907816 
0.5150300601202404 0.2930685025851697 
0.5170340681362725 0.22457679999999977 
0.5190380761523046 0.2503568900801627 
0.5210420841683366 0.29765421977955886 
0.5230460921843687 0.23073748865731467 
0.5250501002004008 0.22770831228456867 
0.5270541082164328 0.20800957012024035 
0.5290581162324649 0.2884178700801599 
0.531062124248497 0.2692083229058114 
0.533066132264529 0.3064660572945908 
0.5350701402805611 0.2876046442685363 
0.5370741482965932 0.1895882694789579 
0.5390781563126252 0.2714998162725468 
0.5410821643286573 0.2670349960120241 
0.5430861723446894 0.2869117669138291 
0.5450901803607214 0.2955636451903797 
0.5470941883767535 0.2414333798597204 
0.5490981963927856 0.30594686282565164 
0.5511022044088176 0.31478792795591193 
0.5531062124248497 0.30312609587174194 
0.5551102204408818 0.247291678156313 
0.5571142284569138 0.2998878179759525 
0.5591182364729459 0.2993043179358721 
0.561122244488978 0.34039761691382797 
0.56312625250501 0.30245355002003976 
0.565130260521042 0.3451560765130239 
0.567134268537074 0.3161359528456932 
0.5691382765531061 0.31227087146292537 
0.5711422845691382 0.3422123196993986 
0.5731462925851702 0.3457771168737474 
0.5751503006012023 0.322476224589179 
0.5771543086172344 0.3203709753907799 
0.5791583166332664 0.3622925024048092 
0.5811623246492985 0.3684067760921838 
0.5831663326653306 0.39172312270541093 
0.5851703406813626 0.29988700304609506 
0.5871743486973947 0.34034980789578817 
0.5891783567134268 0.37944470937875807 
0.5911823647294588 0.3356869498797595 
0.5931863727454909 0.337305531943888 
0.595190380761523 0.36296259048096075 
0.597194388777555 0.39828727250501006 
0.5991983967935871 0.3625830649899806 
0.6012024048096192 0.33215455284569245 
0.6032064128256512 0.32595808821643263 
0.6052104208416833 0.3445172448296592 
0.6072144288577154 0.3454058355511017 
0.6092184368737474 0.34812101741482987 
0.6112224448897795 0.3991875065330665 
0.6132264529058116 0.34836443036072584 
0.6152304609218436 0.2992129825851693 
0.6172344689378757 0.3667649336072145 
0.6192384769539078 0.2908617239879767 
0.6212424849699398 0.4000848909819639 
0.6232464929859719 0.2695370089378763 
0.625250501002004 0.38835470446893905 
0.627254509018036 0.33529165705410524 
0.6292585170340681 0.3209310438476951 
0.6312625250501002 0.3486497167735472 
0.6332665330661322 0.36426705955911715 
0.6352705410821643 0.2416317981963938 
0.6372745490981964 0.3435258587975948 
0.6392785571142284 0.35039379244488916 
0.6412825651302605 0.36388039374749565 
0.6432865731462926 0.30290133450901835 
0.6452905811623246 0.3356762689579164 
0.6472945891783567 0.3066916053506996 
0.6492985971943888 0.31805029525050316 
0.6513026052104208 0.3108678575751501 
0.6533066132264529 0.3598144366533082 
0.655310621242485 0.331192283647291 
0.657314629258517 0.278826057735471 
0.6593186372745491 0.3100008839679363 
0.6613226452905812 0.3507641331863736 
0.6633266533066132 0.3169225073747476 
0.6653306613226453 0.3579283421843692 
0.6673346693386772 0.2797944991984004 
0.6693386773547093 0.27990325917835485 
0.6713426853707414 0.3300791677555147 
0.6733466933867734 0.3100005888977926 
0.6753507014028055 0.35120837819639417 
0.6773547094188376 0.30237888372745464 
0.6793587174348696 0.3524300459919849 
0.6813627254509017 0.2923903537474965 
0.6833667334669338 0.2594039005010021 
0.6853707414829658 0.2900556380360725 
0.6873747494989979 0.35576692653306696 
0.68937875751503 0.31963142583166293 
0.691382765531062 0.3612022576953909 
0.6933867735470941 0.2717269721643318 
0.6953907815631262 0.2737358653707401 
0.6973947895791582 0.2996013497194389 
0.6993987975951903 0.32882468665330694 
0.7014028056112224 0.33205149184368893 
0.7034068136272544 0.29336887204408824 
0.7054108216432865 0.27676092338677355 
0.7074148296593186 0.3173898240480934 
0.7094188376753506 0.35162033468937953 
0.7114228456913827 0.3023141964729459 
0.7134268537074148 0.25281171492985954 
0.7154308617234468 0.30400827833667105 
0.7174348697394789 0.32107506545090236 
0.719438877755511 0.29362457545090204 
0.721442885771543 0.33695747156312456 
0.7234468937875751 0.2610228384168331 
0.7254509018036072 0.3453723104809621 
0.7274549098196392 0.3152051793787568 
0.7294589178356713 0.25200196366733574 
0.7314629258517034 0.2675559678757514 
0.7334669338677354 0.3452382291182354 
0.7354709418837675 0.28250739673346825 
0.7374749498997996 0.3607198974749502 
0.7394789579158316 0.2544771188577151 
0.7414829659318637 0.31353716783567187 
0.7434869739478958 0.2687334020841686 
0.7454909819639278 0.33018917308617257 
0.7474949899799599 0.26400625563126034 
0.749498997995992 0.29643917048096496 
0.751503006012024 0.3144222352304611 
0.7535070140280561 0.301803541863729 
0.7555110220440882 0.33250610202404635 
0.7575150300601202 0.2530230313026063 
0.7595190380761523 0.31887206929859724 
0.7615230460921844 0.2503202000801582 
0.7635270541082164 0.26798752955912153 
0.7655310621242485 0.36917903749499004 
0.7675350701402806 0.3069203896192364 
0.7695390781563125 0.2588102707014021 
0.7715430861723446 0.3159240513026049 
0.7735470941883766 0.25657903238477314 
0.7755511022044087 0.28082213629258146 
0.7775551102204408 0.3597352515430883 
0.7795591182364728 0.2493657161923864 
0.7815631262525049 0.28418507076152216 
0.783567134268537 0.28075959907815584 
0.785571142284569 0.3663961750701395 
0.7875751503006011 0.2774889040481024 
0.7895791583166332 0.22501245420841504 
0.7915831663326652 0.30416316691382744 
0.7935871743486973 0.2949048088977954 
0.7955911823647294 0.34270736991983913 
0.7975951903807614 0.2792036895991995 
0.7995991983967935 0.22718260460921738 
0.8016032064128256 0.3389422101603186 
0.8036072144288576 0.29545524927855876 
0.8056112224448897 0.2551601686573148 
0.8076152304609218 0.3196904424448897 
0.8096192384769538 0.28457758320641396 
0.8116232464929859 0.275545092785571 
0.813627254509018 0.3029384241082164 
0.81563126252505 0.2917643538677359 
0.8176352705410821 0.2624423770340684 
0.8196392785571142 0.2767979213426859 
0.8216432865731462 0.33232845062124244 
0.8236472945891783 0.3087305217034075 
0.8256513026052104 0.2592943204208416 
0.8276553106212424 0.26183522811623205 
0.8296593186372745 0.27180178899799584 
0.8316633266533066 0.303794958356713 
0.8336673346693386 0.32107983050100086 
0.8356713426853707 0.2610291242284569 
0.8376753507014028 0.3450357973747496 
0.8396793587174348 0.23448199140280498 
0.8416833667334669 0.2553174766332683 
0.843687374749499 0.28955265511022055 
0.845691382765531 0.3234265486573147 
0.8476953907815631 0.2810581019839664 
0.8496993987975952 0.2546770931062126 
0.8517034068136272 0.3392436650701401 
0.8537074148296593 0.281426312304608 
0.8557114228456913 0.2596726461122262 
0.8577154308617234 0.2758446720040073 
0.8597194388777555 0.25632631689378793 
0.8617234468937875 0.2991451120240475 
0.8637274549098196 0.2950402062124282 
0.8657314629258517 0.36083091166332537 
0.8677354709418837 0.23205300278557012 
0.8697394789579158 0.2917821618637295 
0.8717434869739479 0.22983589697394632 
0.8737474949899798 0.2493629592785518 
0.8757515030060119 0.3549355586573129 
0.877755511022044 0.32517122042084295 
0.879759519038076 0.2434585637875753 
0.8817635270541081 0.28473800422845635 
0.8837675350701402 0.26870713647294575 
0.8857715430861722 0.30025875703406857 
0.8877755511022043 0.23756215503006137 
0.8897795591182364 0.3069859946292564 
0.8917835671342684 0.30417934601202445 
0.8937875751503005 0.28073238513026033 
0.8957915831663326 0.2884870770741481 
0.8977955911823646 0.26562307054108286 
0.8997995991983967 0.25213553324649324 
0.9018036072144288 0.3287711684168335 
0.9038076152304608 0.2719511139478964 
0.9058116232464929 0.2887349632264529 
0.907815631262525 0.23606977873747517 
0.909819639278557 0.31925916743486804 
0.9118236472945891 0.2659463150501008 
0.9138276553106212 0.31596900418837764 
0.9158316633266532 0.2862591923246514 
0.9178356713426853 0.2165921839078153 
0.9198396793587174 0.3123858673947899 
0.9218436873747494 0.3113850905210439 
0.9238476953907815 0.24983696855711424 
0.9258517034068136 0.25318974879759526 
0.9278557114228456 0.2969856388977978 
0.9298597194388777 0.3788353381763542 
0.9318637274549098 0.16117821260521123 
0.9338677354709418 0.3392655605611239 
0.9358717434869739 0.26442994346692944 
0.937875751503006 0.2673523744889776 
0.939879759519038 0.25409380032064116 
0.9418837675350701 0.3164052610220464 
0.9438877755511021 0.3032609923446904 
0.9458917835671342 0.28381073368737464 
0.9478957915831663 0.24871950286573064 
0.9498997995991983 0.30181210651302937 
0.9519038076152304 0.2774012279358719 
0.9539078156312625 0.21561822607214448 
0.9559118236472945 0.2915335493787596 
0.9579158316633266 0.3557875366733466 
0.9599198396793587 0.2684345540480954 
0.9619238476953907 0.29061421314629365 
0.9639278557114228 0.24039246400801284 
0.9659318637274549 0.28005929971943905 
0.9679358717434869 0.2657046128657303 
0.969939879759519 0.2730202019839704 
0.9719438877755511 0.2937152194388759 
0.9739478957915831 0.3127671921442893 
0.9759519038076151 0.2821940228256545 
0.9779559118236472 0.28549077002003864 
0.9799599198396792 0.2822674700000056 
0.9819639278557113 0.20688788104208367 
0.9839679358717434 0.268569911242484 
0.9859719438877754 0.3286072224849695 
0.9879759519038075 0.3109678100801649 
0.9899799599198396 0.24456235667334583 
0.9919839679358716 0.33313521364729415 
0.9939879759519037 0.2697665987174387 
0.9959919839679358 0.2427442179358722 
0.9979959919839678 0.22093439773547105 
1.0 0.29250811 
