xdata ydata 
0.0 -0.00835022 
0.002004008016032064 0.010590089238476954 
0.004008016032064128 -0.014409665911823646 
0.0060120240480961915 0.014383011462925845 
0.008016032064128256 -0.009158175010020026 
0.01002004008016032 0.00280729052104208 
0.012024048096192383 0.0004992034068136412 
0.014028056112224447 -0.0007886125450901845 
0.01603206412825651 7.126100200400972e-05 
0.018036072144288574 0.0017337482765531062 
0.02004008016032064 -0.004988757254509018 
0.022044088176352703 0.006455227414829652 
0.024048096192384766 -0.0023036013426853364 
0.026052104208416832 -0.004243460801603208 
0.028056112224448895 0.004699057595190367 
0.03006012024048096 0.003009988637274544 
0.03206412825651302 -0.01008450505010021 
0.03406813627254509 0.0089278541482966 
0.03607214428857715 -0.0035179037074148166 
0.038076152304609215 0.001947929939879753 
0.04008016032064128 -0.003327946893787578 
0.04208416833667334 0.001737160781563118 
0.044088176352705406 0.0010727476553106124 
0.04609218436873747 0.0023210963126252477 
0.04809619238476953 -0.010194166312625295 
0.0501002004008016 0.012024550040080146 
0.052104208416833664 -0.005344987655310617 
0.05410821643286573 0.0008805966132264583 
0.05611222444889779 -0.005022809358717447 
0.058116232464929855 0.010031992484969937 
0.06012024048096192 -0.008016472024048097 
0.06212424849699398 0.004079008156312575 
0.06412825651302605 -0.004540355130260501 
0.06613226452905811 0.004068611022044039 
0.06813627254509018 0.003357973126252469 
0.07014028056112225 -0.008323586052104221 
0.0721442885771543 -0.0015114772945893577 
0.07414829659318636 0.019057804689378788 
0.07615230460921843 -0.02427694949899796 
0.0781563126252505 0.013376513106212276 
0.08016032064128256 -0.002605092024048153 
0.08216432865731463 0.0023902156713426913 
0.08416833667334668 -0.003700476853707324 
0.08617234468937875 -0.0021702466733467675 
0.08817635270541081 0.008131658216432922 
0.09018036072144288 -0.0039726082164328585 
0.09218436873747494 -0.0057260867134268515 
0.09418837675350701 0.009908493066132257 
0.09619238476953906 -0.006995442505009851 
0.09819639278557113 0.003620833947895688 
0.1002004008016032 -0.0009746925050098642 
0.10220440881763526 -0.004079187234468921 
0.10420841683366733 0.010001459258517049 
0.1062124248496994 -0.009729599599198394 
0.10821643286573146 0.0022479035470942127 
0.11022044088176351 0.005794991623246519 
0.11222444889779558 -0.006039607294589111 
0.11422845691382764 -0.000769831462925862 
0.11623246492985971 0.008308356372745504 
0.11823647294589178 -0.005412724869739435 
0.12024048096192384 -0.00602799494989976 
0.1222444889779559 0.016066082224448858 
0.12424849699398796 -0.009426832324649035 
0.12625250501002003 -0.006316906472946204 
0.1282565130260521 0.014631129118236422 
0.13026052104208416 -0.005270193627254525 
0.13226452905811623 -0.004092985951903808 
0.1342685370741483 0.0009063267334669095 
0.13627254509018036 0.009688160981963923 
0.13827655310621242 -0.0066581724248496975 
0.1402805611222445 -0.00402582408817626 
0.14228456913827653 0.010609369579158225 
0.1442885771543086 0.005861269078156533 
0.14629258517034066 -0.00949195541082165 
0.14829659318637273 0.012051746252504904 
0.1503006012024048 0.014625763867735564 
0.15230460921843686 -0.0019043933466933692 
0.15430861723446893 0.010034877274548968 
0.156312625250501 0.021142123547094216 
0.15831663326653306 0.009409160661322616 
0.16032064128256512 0.01456084767535072 
0.1623246492985972 0.01940423360721443 
0.16432865731462926 0.023441693547094224 
0.16633266533066132 0.021936400460921806 
0.16833667334669336 0.015677912945891697 
0.17034068136272543 0.03462701010020034 
0.1723446893787575 0.025098083226453044 
0.17434869739478956 0.023523094128256424 
0.17635270541082163 0.028788237234468935 
0.1783567134268537 0.03184825719438876 
0.18036072144288576 0.03415037819639283 
0.18236472945891782 0.01590285040080163 
0.1843687374749499 0.03955235348697377 
0.18637274549098196 0.03582133581162304 
0.18837675350701402 0.013663316172344757 
0.1903807615230461 0.04444948442885772 
0.19238476953907813 0.019443355070140465 
0.1943887775551102 0.03977888204408797 
0.19639278557114226 0.024874350881763874 
0.19839679358717432 0.023569603907815387 
0.2004008016032064 0.04682511801603217 
0.20240480961923846 0.01823276006012041 
0.20440881763527052 0.03435254086172347 
0.2064128256513026 0.03445887641282566 
0.20841683366733466 0.028632736432865697 
0.21042084168336672 0.03595489080160322 
0.2124248496993988 0.029037302885771527 
0.21442885771543085 0.034558074709418865 
0.21643286573146292 0.02997784979959925 
0.21843687374749496 0.04284209713426862 
0.22044088176352702 0.021499197655310765 
0.2224448897795591 0.038542042665330505 
0.22444889779559116 0.03924719519038089 
0.22645290581162322 0.029937870160320627 
0.2284569138276553 0.033230935831663325 
0.23046092184368736 0.037412257214428764 
0.23246492985971942 0.03998695523046103 
0.2344689378757515 0.02900054002004008 
0.23647294589178355 0.041336130521042076 
0.23847695390781562 0.03283134875751506 
0.24048096192384769 0.04340620519038077 
0.24248496993987975 0.03752730967935873 
0.2444889779559118 0.02755885030060096 
0.24649298597194386 0.05479881156312625 
0.24849699398797592 0.034053663567134504 
0.250501002004008 0.033688697535070096 
0.25250501002004005 0.04835301468937854 
0.2545090180360721 0.04502806066132278 
0.2565130260521042 0.029548985991984102 
0.25851703406813625 0.05690265254509014 
0.2605210420841683 0.035254641603206384 
0.2625250501002004 0.047256184328657094 
0.26452905811623245 0.04566340368737465 
0.2665330661322645 0.04437228575150278 
0.2685370741482966 0.05125480615230455 
0.27054108216432865 0.037972249619238486 
0.2725450901803607 0.06089548523046093 
0.2745490981963928 0.0409084991182362 
0.27655310621242485 0.05080751707414829 
0.2785571142284569 0.053210195270540925 
0.280561122244489 0.052237234228456914 
0.282565130260521 0.05029060100200416 
0.28456913827655306 0.05408921973947852 
0.2865731462925851 0.05540578881763546 
0.2885771543086172 0.0562187397595189 
0.29058116232464926 0.054432099759519306 
0.2925851703406813 0.05692640997995979 
0.2945891783567134 0.061231508336673686 
0.29659318637274545 0.05639770931863715 
0.2985971943887775 0.06254167426853725 
0.3006012024048096 0.05715426639278543 
0.30260521042084165 0.06703712557114246 
0.3046092184368737 0.06022301096192375 
0.3066132264529058 0.0648535057314629 
0.30861723446893785 0.060313778356713144 
0.3106212424849699 0.07728713244488977 
0.312625250501002 0.051871702444889804 
0.31462925851703405 0.0772239464328657 
0.3166332665330661 0.06719729675350698 
0.3186372745490982 0.0654077742084168 
0.32064128256513025 0.0707522791382766 
0.3226452905811623 0.07584647539078158 
0.3246492985971944 0.06342766130260516 
0.32665330661322645 0.07711196088176354 
0.3286573146292585 0.07196076136272532 
0.3306613226452906 0.07131580490981954 
0.33266533066132264 0.07815946509018029 
0.33466933867735466 0.06775176466933858 
0.3366733466933867 0.08156833278557107 
0.3386773547094188 0.07312515811623253 
0.34068136272545085 0.07590866204408811 
0.3426853707414829 0.07446690763527052 
0.344689378757515 0.0822697414629258 
0.34669338677354705 0.07521577509018047 
0.3486973947895791 0.07629795096192378 
0.3507014028056112 0.07853934180360708 
0.35270541082164325 0.08748469242484971 
0.3547094188376753 0.06648811951903819 
0.3567134268537074 0.09058609995991972 
0.35871743486973945 0.07687030416833732 
0.3607214428857715 0.0803455300200399 
0.3627254509018036 0.08311138931863722 
0.36472945891783565 0.08424245821643271 
0.3667334669338677 0.0760114291783568 
0.3687374749498998 0.08657702885771498 
0.37074148296593185 0.09227299845691365 
0.3727454909819639 0.06451045050100204 
0.374749498997996 0.0986627823246493 
0.37675350701402804 0.08392776543086174 
0.3787575150300601 0.08071982248496994 
0.3807615230460922 0.07966147132264569 
0.38276553106212424 0.10027453823647296 
0.38476953907815625 0.07289019993987979 
0.3867735470941883 0.09141807911823621 
0.3887775551102204 0.08369848539078162 
0.39078156312625245 0.08958360256513027 
0.3927855711422845 0.08312479645290571 
0.3947895791583166 0.09234772601202414 
0.39679358717434865 0.07735884945891784 
0.3987975951903807 0.09693083773547082 
0.4008016032064128 0.08551363715430914 
0.40280561122244485 0.08246797823647281 
0.4048096192384769 0.09186575022044087 
0.406813627254509 0.08942985124248501 
0.40881763527054105 0.08675296198396792 
0.4108216432865731 0.08550760823647291 
0.4128256513026052 0.09366764827655309 
0.41482965931863724 0.08708912022044114 
0.4168336673346693 0.0855347653306613 
0.4188376753507014 0.09682065525050097 
0.42084168336673344 0.08134137873747496 
0.4228456913827655 0.09241679577154306 
0.4248496993987976 0.09391068476953908 
0.42685370741482964 0.08576314757515016 
0.4288577154308617 0.08455814254509003 
0.4308617234468938 0.10439731647294584 
0.43286573146292584 0.0787274383567135 
0.4348697394789579 0.09121558797595203 
0.4368737474949899 0.0979407808016033 
0.438877755511022 0.08411215466933897 
0.44088176352705405 0.08992905332665288 
0.4428857715430861 0.10262833254509071 
0.4448897795591182 0.07285521675350706 
0.44689378757515025 0.10466147739478865 
0.4488977955911823 0.09332384701402865 
0.4509018036072144 0.07879875907815596 
0.45290581162324645 0.09970755412825641 
0.4549098196392785 0.09639603308617237 
0.4569138276553106 0.08403502466933892 
0.45891783567134264 0.09004890517034056 
0.4609218436873747 0.10505237943887805 
0.4629258517034068 0.07868467841683371 
0.46492985971943884 0.09814574046092135 
0.4669338677354709 0.09477315154308633 
0.468937875751503 0.08789967641282563 
0.47094188376753504 0.09478558969939879 
0.4729458917835671 0.09401285112224447 
0.4749498997995992 0.09191676881763526 
0.47695390781563124 0.09295758474949899 
0.4789579158316633 0.08964063507014024 
0.48096192384769537 0.10469411260521042 
0.48296593186372744 0.0785061963126254 
0.4849699398797595 0.10304137637274546 
0.48697394789579157 0.09191554713426808 
0.4889779559118236 0.09221074993987881 
0.49098196392785565 0.09595927689378804 
0.4929859719438877 0.08983572729458848 
0.4949899799599198 0.0990570548096195 
0.49699398797595185 0.09240899993987962 
0.4989979959919839 0.09253744515030081 
0.501002004008016 0.09626372138276541 
0.503006012024048 0.09229182344689423 
0.5050100200400801 0.09869566016031954 
0.5070140280561122 0.09449350715430845 
0.5090180360721442 0.08266601867735429 
0.5110220440881763 0.11440916997996024 
0.5130260521042084 0.08472213498997981 
0.5150300601202404 0.09069637705410821 
0.5170340681362725 0.0992574234068133 
0.5190380761523046 0.10572508254509107 
0.5210420841683366 0.07640060803607224 
0.5230460921843687 0.10775396569138272 
0.5250501002004008 0.09365228164328694 
0.5270541082164328 0.09398169885771535 
0.5290581162324649 0.09731619210420837 
0.531062124248497 0.09351690865731464 
0.533066132264529 0.09679345300601186 
0.5350701402805611 0.0986373396392784 
0.5370741482965932 0.09370178424849701 
0.5390781563126252 0.09469791693386777 
0.5410821643286573 0.09659018521042116 
0.5430861723446894 0.101790669038076 
0.5450901803607214 0.09198679448897794 
0.5470941883767535 0.09058420871743483 
0.5490981963927856 0.10688903196392845 
0.5511022044088176 0.09696764264529004 
0.5531062124248497 0.08381776300601201 
0.5551102204408818 0.10853188254509016 
0.5571142284569138 0.09458399923847688 
0.5591182364729459 0.09673482466933861 
0.561122244488978 0.09302506931863723 
0.56312625250501 0.10162620693386737 
0.565130260521042 0.0947088515030055 
0.567134268537074 0.10608158565130357 
0.5691382765531061 0.07751241815631253 
0.5711422845691382 0.11508841839679283 
0.5731462925851702 0.09979620619238654 
0.5751503006012023 0.07881244551102111 
0.5771543086172344 0.11048624921843664 
0.5791583166332664 0.10411927905811698 
0.5811623246492985 0.08405728104208408 
0.5831663326653306 0.10068817416833595 
0.5851703406813626 0.10717199394789587 
0.5871743486973947 0.09121479851703454 
0.5891783567134268 0.09510037921843593 
0.5911823647294588 0.10364712166332671 
0.5931863727454909 0.09858588188376738 
0.595190380761523 0.09699138406813697 
0.597194388777555 0.09111311677354579 
0.5991983967935871 0.11447882519038084 
0.6012024048096192 0.08337030494989997 
0.6032064128256512 0.10723368737474871 
0.6052104208416833 0.09516468246493054 
0.6072144288577154 0.09854561811623226 
0.6092184368737474 0.10456834354709456 
0.6112224448897795 0.09044932989979959 
0.6132264529058116 0.10294392012024052 
0.6152304609218436 0.10067209006012037 
0.6172344689378757 0.0995563211022042 
0.6192384769539078 0.09452834839679347 
0.6212424849699398 0.09781425639278556 
0.6232464929859719 0.11429277420841721 
0.625250501002004 0.08063360765531072 
0.627254509018036 0.10770987749499021 
0.6292585170340681 0.09904982647294594 
0.6312625250501002 0.10642584985971931 
0.6332665330661322 0.08523648805611263 
0.6352705410821643 0.10525538230460961 
0.6372745490981964 0.11306583256513054 
0.6392785571142284 0.07883306975951894 
0.6412825651302605 0.11052655977955961 
0.6432865731462926 0.10370506286573133 
0.6452905811623246 0.09036534777555101 
0.6472945891783567 0.10722869310621261 
0.6492985971943888 0.09851868695390747 
0.6513026052104208 0.09474421885771546 
0.6533066132264529 0.11081162563126258 
0.655310621242485 0.09117060883767496 
0.657314629258517 0.10183179533066163 
0.6593186372745491 0.10473868038076155 
0.6613226452905812 0.0960691884569138 
0.6633266533066132 0.10287867458917828 
0.6653306613226453 0.09759098196392788 
0.6673346693386772 0.1042730512224447 
0.6693386773547093 0.09957737541082184 
0.6713426853707414 0.09725628815631246 
0.6733466933867734 0.10574213705410791 
0.6753507014028055 0.09873850775551148 
0.6773547094188376 0.09723656831663281 
0.6793587174348696 0.1097088287575155 
0.6813627254509017 0.08975977767535075 
0.6833667334669338 0.11052931284569123 
0.6853707414829658 0.09484340026052163 
0.6873747494989979 0.10478312977955806 
0.68937875751503 0.09950354963928001 
0.691382765531062 0.09803960470941839 
0.6933867735470941 0.11009071048096257 
0.6953907815631262 0.09152096853707391 
0.6973947895791582 0.10424717679358711 
0.6993987975951903 0.10626994917835664 
0.7014028056112224 0.095707763547095 
0.7034068136272544 0.09915201328657125 
0.7054108216432865 0.11421804198396818 
0.7074148296593186 0.08175353965931825 
0.7094188376753506 0.12170124963927834 
0.7114228456913827 0.0871657509819638 
0.7134268537074148 0.10746469945891758 
0.7154308617234468 0.10035017296593222 
0.7174348697394789 0.10631143332665317 
0.719438877755511 0.08998149551102204 
0.721442885771543 0.11541752705410795 
0.7234468937875751 0.09359215168336762 
0.7254509018036072 0.10424498777555101 
0.7274549098196392 0.09854767981963931 
0.7294589178356713 0.10928673709418787 
0.7314629258517034 0.09612298366733608 
0.7334669338677354 0.09769742557114282 
0.7354709418837675 0.11754563585170358 
0.7374749498997996 0.0820184249699397 
0.7394789579158316 0.11765304450901848 
0.7414829659318637 0.09640721825651277 
0.7434869739478958 0.09615457803607187 
0.7454909819639278 0.11700999388777598 
0.7474949899799599 0.08556695134268523 
0.749498997995992 0.11242574651302614 
0.751503006012024 0.10104203979959953 
0.7535070140280561 0.09889525132264546 
0.7555110220440882 0.10374197298597185 
0.7575150300601202 0.10564782851703407 
0.7595190380761523 0.0952728389979961 
0.7615230460921844 0.11132964893787621 
0.7635270541082164 0.09347197278557078 
0.7655310621242485 0.10806271591182352 
0.7675350701402806 0.10539284593186443 
0.7695390781563125 0.08776382663326521 
0.7715430861723446 0.12475055777555152 
0.7735470941883766 0.08604412254509203 
0.7755511022044087 0.10084934022043993 
0.7775551102204408 0.12163863983968022 
0.7795591182364728 0.08212863048096272 
0.7815631262525049 0.11042732581162183 
0.783567134268537 0.10614433783567212 
0.785571142284569 0.10033832939879696 
0.7875751503006011 0.09878009170340761 
0.7895791583166332 0.10762615148296562 
0.7915831663326652 0.10239106064128341 
0.7935871743486973 0.10087989376753381 
0.7955911823647294 0.10546442224449068 
0.7975951903807614 0.09672248410821598 
0.7995991983967935 0.11370545749499057 
0.8016032064128256 0.09354347659318614 
0.8036072144288576 0.10682654358717435 
0.8056112224448897 0.10066222394789572 
0.8076152304609218 0.10850882418837683 
0.8096192384769538 0.09869816006012039 
0.8116232464929859 0.10076142416833664 
0.813627254509018 0.10784571318637257 
0.81563126252505 0.10498942723446945 
0.8176352705410821 0.0963222019238477 
0.8196392785571142 0.104369298016032 
0.8216432865731462 0.11078855881763523 
0.8236472945891783 0.09800628112224537 
0.8256513026052104 0.0960309643687375 
0.8276553106212424 0.11802556344689377 
0.8296593186372745 0.09640351575150383 
0.8316633266533066 0.09391652719438844 
0.8336673346693386 0.12246762951903807 
0.8356713426853707 0.09013875234468999 
0.8376753507014028 0.10103874404809561 
0.8396793587174348 0.1169004462725449 
0.8416833667334669 0.09251984052104212 
0.843687374749499 0.1037471807414826 
0.845691382765531 0.1107397973747493 
0.8476953907815631 0.09480271959919838 
0.8496993987975952 0.11250400535070124 
0.8517034068136272 0.0965351371543094 
0.8537074148296593 0.10056899799599271 
0.8557114228456913 0.11977435140280555 
0.8577154308617234 0.0870863091382767 
0.8597194388777555 0.10418539412825649 
0.8617234468937875 0.11678141214428842 
0.8637274549098196 0.09477419188376755 
0.8657314629258517 0.1002677285170338 
0.8677354709418837 0.10845736448897794 
0.8697394789579158 0.1079266754108216 
0.8717434869739479 0.09577467078156315 
0.8737474949899798 0.10622158989979923 
0.8757515030060119 0.10515974687374789 
0.877755511022044 0.10469087829659286 
0.879759519038076 0.10158016196392837 
0.8817635270541081 0.1034424619639277 
0.8837675350701402 0.10372812919839682 
0.8857715430861722 0.10946449364729458 
0.8877755511022043 0.09539736222444939 
0.8897795591182364 0.10852731174348647 
0.8917835671342684 0.10315378689378829 
0.8937875751503005 0.10512093525050027 
0.8957915831663326 0.10176229082164345 
0.8977955911823646 0.10464662270541056 
0.8997995991983967 0.10245251743486984 
0.9018036072144288 0.11083464541082164 
0.9038076152304608 0.09155740597194402 
0.9058116232464929 0.1186267758517027 
0.907815631262525 0.08868377587174535 
0.909819639278557 0.11698088697394758 
0.9118236472945891 0.10045956384769687 
0.9138276553106212 0.0956217693987953 
0.9158316633266532 0.11500363388777712 
0.9178356713426853 0.09964547739478924 
0.9198396793587174 0.10806434781563241 
0.9218436873747494 0.08842708426853531 
0.9238476953907815 0.12680888262525047 
0.9258517034068136 0.09268324737474956 
0.9278557114228456 0.09892756054108233 
0.9298597194388777 0.10846607911823486 
0.9318637274549098 0.11661419166332668 
0.9338677354709418 0.0809995742685367 
0.9358717434869739 0.12104478214428849 
0.937875751503006 0.09791894102204401 
0.939879759519038 0.1087393250701403 
0.9418837675350701 0.09481140867735458 
0.9438877755511021 0.11494944753507011 
0.9458917835671342 0.09760572929859715 
0.9478957915831663 0.10618674719438877 
0.9498997995991983 0.10189386248496969 
0.9519038076152304 0.11241179685370721 
0.9539078156312625 0.08948747637274551 
0.9559118236472945 0.11857755188376742 
0.9579158316633266 0.09729146643286621 
0.9599198396793587 0.10614004859719457 
0.9619238476953907 0.09799737791583166 
0.9639278557114228 0.11613155621242466 
0.9659318637274549 0.09616424344689407 
0.9679358717434869 0.10243631607214466 
0.969939879759519 0.1083578352705411 
0.9719438877755511 0.10620472513026041 
0.9739478957915831 0.10011906537074103 
0.9759519038076151 0.10094889967935763 
0.9779559118236472 0.1137592911623253 
0.9799599198396792 0.09786582545090199 
0.9819639278557113 0.10378113609218408 
0.9839679358717434 0.10600645805611231 
0.9859719438877754 0.10470533052104213 
0.9879759519038075 0.10354410302605215 
0.9899799599198396 0.10330066903807605 
0.9919839679358716 0.10528967965931871 
0.9939879759519037 0.10277754486973942 
0.9959919839679358 0.10774280274549093 
0.9979959919839678 0.1002118907815635 
1.0 0.10436897 
