xdata ydata 
0.0 0.00204508 
0.002004008016032064 0.030193309218436874 
0.004008016032064128 -0.005727973066132264 
0.0060120240480961915 -0.03328360044088176 
0.008016032064128256 -0.024919272525050103 
0.01002004008016032 0.011363585611222445 
0.012024048096192383 0.04610475298597194 
0.014028056112224447 0.0426100264729459 
0.01603206412825651 -0.07656874286573147 
0.018036072144288574 0.021117782565130163 
0.02004008016032064 0.03378984320641283 
0.022044088176352703 -0.0114773629058116 
0.024048096192384766 -0.03420269981963929 
0.026052104208416832 0.05191608462925856 
0.028056112224448895 0.03081020659318639 
0.03006012024048096 -0.02113223729458915 
0.03206412825651302 -0.0011452479358717415 
0.03406813627254509 0.011901743747495074 
0.03607214428857715 0.0064171041282566135 
0.038076152304609215 0.010300556513026114 
0.04008016032064128 0.048006603927855725 
0.04208416833667334 -0.009179720981963922 
0.044088176352705406 -0.02223882827655302 
0.04609218436873747 -0.011249855490981876 
0.04809619238476953 0.09215862330661324 
0.0501002004008016 0.011425573346693436 
0.052104208416833664 0.00013238324649292093 
0.05410821643286573 -0.06095955523046091 
0.05611222444889779 0.048611209118236444 
0.058116232464929855 0.06059249152304619 
0.06012024048096192 0.022319498537074153 
0.06212424849699398 -0.025032576212424672 
0.06412825651302605 -0.00789665859719452 
0.06613226452905811 0.060650481943887655 
0.06813627254509018 0.002889893947896004 
0.07014028056112225 0.05085807993987968 
0.0721442885771543 -0.0427181888777555 
0.07414829659318636 0.045930647515029885 
0.07615230460921843 0.03248567919839675 
0.0781563126252505 0.0010844073146292423 
0.08016032064128256 0.011705358496994011 
0.08216432865731463 0.06895528709418837 
0.08416833667334668 -0.01976086476953879 
0.08617234468937875 0.0023934420040079667 
0.08817635270541081 0.07031620917835676 
0.09018036072144288 0.029486788276553128 
0.09218436873747494 -0.04305528691382766 
0.09418837675350701 0.0485496393386777 
0.09619238476953906 0.04213381440881779 
0.09819639278557113 0.0225086054509014 
0.1002004008016032 0.0843251213827656 
0.10220440881763526 -0.023575147695390722 
0.10420841683366733 -0.03838082555110206 
0.1062124248496994 0.055717085591182346 
0.10821643286573146 0.07431127861723442 
0.11022044088176351 0.0333074857915835 
0.11222444889779558 0.001952189378757351 
0.11422845691382764 0.11279748837675346 
0.11623246492985971 -0.08287881470941869 
0.11823647294589178 0.048739413426854145 
0.12024048096192384 0.06921365418837638 
0.1222444889779559 -0.021308832565130532 
0.12424849699398796 0.061082632124248346 
0.12625250501002003 0.13905505599198384 
0.1282565130260521 -0.010450395290581407 
0.13026052104208416 -0.06825248735470851 
0.13226452905811623 0.10835675755510979 
0.1342685370741483 0.003247468517034077 
0.13627254509018036 0.04133818378757514 
0.13827655310621242 0.06778368450901803 
0.1402805611222445 0.07460602989979928 
0.14228456913827653 0.02863650597194306 
0.1442885771543086 0.04395721118236574 
0.14629258517034066 -0.0700270343687378 
0.14829659318637273 0.09978204300601197 
0.1503006012024048 0.0460120913226452 
0.15230460921843686 0.08012536026052093 
0.15430861723446893 0.07352210949899796 
0.156312625250501 -0.016391476633266178 
0.15831663326653306 0.027393769378757246 
0.16032064128256512 0.0884641236272544 
0.1623246492985972 -0.01876287911823643 
0.16432865731462926 0.0598581762525054 
0.16633266533066132 0.10072621679358752 
0.16833667334669336 0.04631969595190421 
0.17034068136272543 -0.01184959034068226 
0.1723446893787575 0.10611111539078172 
0.17434869739478956 0.0005329119639281531 
0.17635270541082163 0.04658756280561107 
0.1783567134268537 0.038431838897795494 
0.18036072144288576 0.08447562907815631 
0.18236472945891782 0.04617699190380761 
0.1843687374749499 0.05963213751502992 
0.18637274549098196 0.024684047274549193 
0.18837675350701402 0.02936744695390773 
0.1903807615230461 0.05404888470941951 
0.19238476953907813 0.12847898811623326 
0.1943887775551102 -0.02936702042084147 
0.19639278557114226 0.06993383999999962 
0.19839679358717432 0.02390925937875753 
0.2004008016032064 0.11912251891783554 
0.20240480961923846 0.04944234450901801 
0.20440881763527052 0.0374156973747495 
0.2064128256513026 0.012719021242484925 
0.20841683366733466 0.07643151551102204 
0.21042084168336672 0.05162793939879762 
0.2124248496993988 0.10735613136272544 
0.21442885771543085 0.03182067462925843 
0.21643286573146292 0.08601038112224463 
0.21843687374749496 0.002869584028056659 
0.22044088176352702 0.051474228036071774 
0.2224448897795591 0.08140673781563125 
0.22444889779559116 0.10312453847695421 
0.22645290581162322 0.011522793026052202 
0.2284569138276553 0.13935685196392752 
0.23046092184368736 0.010334315851704405 
0.23246492985971942 0.024249851102204067 
0.2344689378757515 0.08248806270541079 
0.23647294589178355 0.08430114671342703 
0.23847695390781562 0.08070711284569106 
0.24048096192384769 0.07414319625250533 
0.24248496993987975 0.07504976104208413 
0.2444889779559118 0.04927582939879785 
0.24649298597194386 0.01152052989979968 
0.24849699398797592 0.0987142119839669 
0.250501002004008 0.10714063078156329 
0.25250501002004005 0.08817563583166334 
0.2545090180360721 0.03816213781563114 
0.2565130260521042 0.09105487194388687 
0.25851703406813625 0.06483269226452894 
0.2605210420841683 0.04289200737474919 
0.2625250501002004 0.0965190864729459 
0.26452905811623245 0.09736113559118237 
0.2665330661322645 0.06400553645290499 
0.2685370741482966 0.0681204425651307 
0.27054108216432865 0.11536478246492986 
0.2725450901803607 0.0868521347695386 
0.2745490981963928 0.020136213046092193 
0.27655310621242485 0.12022940795591365 
0.2785571142284569 0.08413748611222358 
0.280561122244489 0.04091415054108439 
0.282565130260521 0.14827204741483008 
0.28456913827655306 0.07485671535070142 
0.2865731462925851 0.1001021729859725 
0.2885771543086172 0.04745988002003904 
0.29058116232464926 0.15220114969939863 
0.2925851703406813 0.021811235531064226 
0.2945891783567134 0.09630605488977889 
0.29659318637274545 0.07359008843687453 
0.2985971943887775 0.17198646298597187 
0.3006012024048096 0.12702055729459083 
0.30260521042084165 0.02872431669338689 
0.3046092184368737 0.096635069779559 
0.3066132264529058 0.07975324234468953 
0.30861723446893785 0.10577819987975955 
0.3106212424849699 0.09620154190380792 
0.312625250501002 0.12598929330661363 
0.31462925851703405 0.18628433032064143 
0.3166332665330661 0.027377727595188882 
0.3186372745490982 0.06996531194388778 
0.32064128256513025 0.09880583803607171 
0.3226452905811623 0.1523478316633272 
0.3246492985971944 0.14215562132264306 
0.32665330661322645 0.0572540256513024 
0.3286573146292585 0.09263100416833661 
0.3306613226452906 0.15984395138276644 
0.33266533066132264 0.10661546492985934 
0.33466933867735466 0.14169252787575076 
0.3366733466933867 0.0994352711823686 
0.3386773547094188 0.02481039406813579 
0.34068136272545085 0.18049346979959977 
0.3426853707414829 0.11701866565130271 
0.344689378757515 0.1787004385170344 
0.34669338677354705 0.083813760480963 
0.3486973947895791 0.09672750028056093 
0.3507014028056112 0.1296396718236468 
0.35270541082164325 0.15253835941883762 
0.3547094188376753 0.07798573106212454 
0.3567134268537074 0.11342227470941944 
0.35871743486973945 0.1806709607815631 
0.3607214428857715 0.1335550799398785 
0.3627254509018036 0.06714372382765532 
0.36472945891783565 0.1971634848296585 
0.3667334669338677 0.15627068735470845 
0.3687374749498998 0.04448883450901786 
0.37074148296593185 0.12606356290581183 
0.3727454909819639 0.11580032835671353 
0.374749498997996 0.2122091008016039 
0.37675350701402804 0.14302294100200355 
0.3787575150300601 0.15582840358717653 
0.3807615230460922 0.11795301717434675 
0.38276553106212424 0.03429573276553138 
0.38476953907815625 0.19677316709418854 
0.3867735470941883 0.13616525204408783 
0.3887775551102204 0.19372950126252517 
0.39078156312625245 0.10913690619238575 
0.3927855711422845 0.14614907026052065 
0.3947895791583166 0.1924730756713436 
0.39679358717434865 0.09614835951903795 
0.3987975951903807 0.0972005048296584 
0.4008016032064128 0.16517108474949888 
0.40280561122244485 0.1824074146292583 
0.4048096192384769 0.1828109337074157 
0.406813627254509 0.11673063200400802 
0.40881763527054105 0.12846360655310635 
0.4108216432865731 0.14649358685370806 
0.4128256513026052 0.22784018350701443 
0.41482965931863724 0.10080951645290502 
0.4168336673346693 0.11265785352705406 
0.4188376753507014 0.17055502370741446 
0.42084168336673344 0.1963178508817632 
0.4228456913827655 0.13795487913827656 
0.4248496993987976 0.20690430448897756 
0.42685370741482964 0.11552195406813624 
0.4288577154308617 0.1765666090781561 
0.4308617234468938 0.07557286715430857 
0.43286573146292584 0.23579452108216797 
0.4348697394789579 0.18992919278556933 
0.4368737474949899 0.10780079334669118 
0.438877755511022 0.17876624104208405 
0.44088176352705405 0.1935707964328655 
0.4428857715430861 0.1497246475551108 
0.4448897795591182 0.19395180573146156 
0.44689378757515025 0.17058102340681452 
0.4488977955911823 0.05198700212424749 
0.4509018036072144 0.20068477394789586 
0.45290581162324645 0.26734684020040117 
0.4549098196392785 0.17760912454909933 
0.4569138276553106 0.15919822036072126 
0.45891783567134264 0.13118080957915884 
0.4609218436873747 0.14082087390781553 
0.4629258517034068 0.20664209416833673 
0.46492985971943884 0.17334221517034076 
0.4669338677354709 0.18407756164328676 
0.468937875751503 0.19038278454909888 
0.47094188376753504 0.21802940747495006 
0.4729458917835671 0.1228333143687375 
0.4749498997995992 0.18034770082164348 
0.47695390781563124 0.19523370839679352 
0.4789579158316633 0.15499684400801556 
0.48096192384769537 0.16024970575150393 
0.48296593186372744 0.23935455184368706 
0.4849699398797595 0.17812983871743487 
0.48697394789579157 0.22389104895791564 
0.4889779559118236 0.1234086702605228 
0.49098196392785565 0.18217711096192132 
0.4929859719438877 0.20040129250501135 
0.4949899799599198 0.16848676801603146 
0.49699398797595185 0.19640973543086196 
0.4989979959919839 0.17498425953907798 
0.501002004008016 0.24349032637274412 
0.503006012024048 0.212766711903808 
0.5050100200400801 0.11813709773547075 
0.5070140280561122 0.19778025090180368 
0.5090180360721442 0.16480281547094233 
0.5110220440881763 0.20260987064128327 
0.5130260521042084 0.2313929980360723 
0.5150300601202404 0.21442927939879775 
0.5170340681362725 0.1708309318837674 
0.5190380761523046 0.17127409034068208 
0.5210420841683366 0.17894550527054104 
0.5230460921843687 0.2284624171543083 
0.5250501002004008 0.21718781084168184 
0.5270541082164328 0.14170669573146286 
0.5290581162324649 0.205843888316633 
0.531062124248497 0.20223123881763544 
0.533066132264529 0.24995203905811647 
0.5350701402805611 0.180058044388777 
0.5370741482965932 0.1853817443286574 
0.5390781563126252 0.18215476579158235 
0.5410821643286573 0.19648098537074146 
0.5430861723446894 0.20302811625250394 
0.5450901803607214 0.19559783080160437 
0.5470941883767535 0.2780267240280556 
0.5490981963927856 0.17591201276553023 
0.5511022044088176 0.17262490515030077 
0.5531062124248497 0.18097623078156372 
0.5551102204408818 0.2394596849499015 
0.5571142284569138 0.2128206371342675 
0.5591182364729459 0.18215929877755485 
0.561122244488978 0.19879013184368952 
0.56312625250501 0.2565564467935871 
0.565130260521042 0.19107720096192538 
0.567134268537074 0.22927370414829615 
0.5691382765531061 0.14342891727454998 
0.5711422845691382 0.23487730585169803 
0.5731462925851702 0.22499422623246895 
0.5751503006012023 0.21319943921843548 
0.5771543086172344 0.19914952559118693 
0.5791583166332664 0.19536111921843363 
0.5811623246492985 0.27856601831663425 
0.5831663326653306 0.18086764232464958 
0.5851703406813626 0.20415242659318583 
0.5871743486973947 0.19532570062124227 
0.5891783567134268 0.22211346192384762 
0.5911823647294588 0.20319188418837675 
0.5931863727454909 0.24180829855711342 
0.595190380761523 0.24324742060120255 
0.597194388777555 0.2303891378156313 
0.5991983967935871 0.14747740376753662 
0.6012024048096192 0.23856778146292226 
0.6032064128256512 0.22994444691382865 
0.6052104208416833 0.15550437627254576 
0.6072144288577154 0.2908085829859704 
0.6092184368737474 0.2581779867535078 
0.6112224448897795 0.19263033126252466 
0.6132264529058116 0.15463929745490762 
0.6152304609218436 0.30302116374749444 
0.6172344689378757 0.15851710002004035 
0.6192384769539078 0.22928654703407053 
0.6212424849699398 0.24015687565130395 
0.6232464929859719 0.232420624328657 
0.625250501002004 0.21631884010020014 
0.627254509018036 0.28909659831663553 
0.6292585170340681 0.1592723759719456 
0.6312625250501002 0.16201444284569205 
0.6332665330661322 0.29074864262524985 
0.6352705410821643 0.21203638817635276 
0.6372745490981964 0.2719394323847695 
0.6392785571142284 0.22239303052104137 
0.6412825651302605 0.2067039176753504 
0.6432865731462926 0.1984650571543086 
0.6452905811623246 0.2261272747494993 
0.6472945891783567 0.2602867211222447 
0.6492985971943888 0.2140905180561102 
0.6513026052104208 0.25438919961923884 
0.6533066132264529 0.22646972404809462 
0.655310621242485 0.23308300861723674 
0.657314629258517 0.18574878170340706 
0.6593186372745491 0.19111617256513225 
0.6613226452905812 0.3239070650100205 
0.6633266533066132 0.22990080813626937 
0.6653306613226453 0.24771319096192398 
0.6673346693386772 0.18649918983968158 
0.6693386773547093 0.15568880803607124 
0.6713426853707414 0.2756058042885691 
0.6733466933867734 0.32156190008016533 
0.6753507014028055 0.19167971849699458 
0.6773547094188376 0.21067788513026034 
0.6793587174348696 0.23717243062124077 
0.6813627254509017 0.25226401384769703 
0.6833667334669338 0.18130379599198404 
0.6853707414829658 0.23754050941883795 
0.6873747494989979 0.259020221202406 
0.68937875751503 0.26105167414829566 
0.691382765531062 0.27042094366733505 
0.6933867735470941 0.14655864691382817 
0.6953907815631262 0.22876152861723217 
0.6973947895791582 0.2491318789178359 
0.6993987975951903 0.2630074625250504 
0.7014028056112224 0.24335778184369017 
0.7034068136272544 0.20413832244488905 
0.7054108216432865 0.24411280535070143 
0.7074148296593186 0.23231299831663138 
0.7094188376753506 0.2740039037474957 
0.7114228456913827 0.1975058875751503 
0.7134268537074148 0.20836826334669403 
0.7154308617234468 0.2565509697595193 
0.7174348697394789 0.23587058869739463 
0.719438877755511 0.28570552008016037 
0.721442885771543 0.21108853478957762 
0.7234468937875751 0.2285313394589169 
0.7254509018036072 0.2083057831663321 
0.7274549098196392 0.22862741947896004 
0.7294589178356713 0.30203842677354953 
0.7314629258517034 0.1964876568136272 
0.7334669338677354 0.2755314179358709 
0.7354709418837675 0.17663573749498998 
0.7374749498997996 0.26807262352705363 
0.7394789579158316 0.2584375926853703 
0.7414829659318637 0.2473476256513022 
0.7434869739478958 0.18661883092184384 
0.7454909819639278 0.26458309949899844 
0.7474949899799599 0.2458251508216408 
0.749498997995992 0.21506937785571373 
0.751503006012024 0.28716161022044095 
0.7535070140280561 0.23163469669338616 
0.7555110220440882 0.23185123547094244 
0.7575150300601202 0.2547894425450898 
0.7595190380761523 0.20483453076152244 
0.7615230460921844 0.2172495873547123 
0.7635270541082164 0.3137972776953911 
0.7655310621242485 0.25922704859719403 
0.7675350701402806 0.20617983230460932 
0.7695390781563125 0.2526569473146281 
0.7715430861723446 0.24884426094188541 
0.7735470941883766 0.2023300196192365 
0.7755511022044087 0.2732399544689371 
0.7775551102204408 0.2744691219038074 
0.7795591182364728 0.2677222354108247 
0.7815631262525049 0.20351775501001984 
0.783567134268537 0.25020548791583147 
0.785571142284569 0.24019761681362659 
0.7875751503006011 0.313909249038076 
0.7895791583166332 0.2160954880561141 
0.7915831663326652 0.24908625204408602 
0.7935871743486973 0.2374893418236478 
0.7955911823647294 0.26165579807615 
0.7975951903807614 0.2659448527254514 
0.7995991983967935 0.29930615444889636 
0.8016032064128256 0.2632509919839736 
0.8036072144288576 0.18038215521041945 
0.8056112224448897 0.28508278565130263 
0.8076152304609218 0.2539803025450902 
0.8096192384769538 0.2873820244488973 
0.8116232464929859 0.2775386480360722 
0.813627254509018 0.27891620088176344 
0.81563126252505 0.256850917374751 
0.8176352705410821 0.2117146181362724 
0.8196392785571142 0.2972714063527061 
0.8216432865731462 0.2842248116032066 
0.8236472945891783 0.24745572182364645 
0.8256513026052104 0.306468303987976 
0.8276553106212424 0.3037001151102208 
0.8296593186372745 0.21667473891783506 
0.8316633266533066 0.275486086713426 
0.8336673346693386 0.3446867676553092 
0.8356713426853707 0.2149516396993988 
0.8376753507014028 0.3009452863927848 
0.8396793587174348 0.2781243351503003 
0.8416833667334669 0.31396378657314844 
0.843687374749499 0.3395624167134262 
0.845691382765531 0.2302476776553106 
0.8476953907815631 0.24744020446894013 
0.8496993987975952 0.38138963450901814 
0.8517034068136272 0.2618241974749509 
0.8537074148296593 0.25949758256513245 
0.8557114228456913 0.38827243629258384 
0.8577154308617234 0.27224308985971896 
0.8597194388777555 0.32256726308617234 
0.8617234468937875 0.2239857210020029 
0.8637274549098196 0.3755359785972024 
0.8657314629258517 0.3366257797194342 
0.8677354709418837 0.2622635304609232 
0.8697394789579158 0.31719111178356657 
0.8717434869739479 0.3269081261122253 
0.8737474949899798 0.32734744861723697 
0.8757515030060119 0.3391691174749478 
0.877755511022044 0.30446449921843866 
0.879759519038076 0.2680613569338636 
0.8817635270541081 0.3812943830260529 
0.8837675350701402 0.29512424070140314 
0.8857715430861722 0.36750816659318436 
0.8877755511022043 0.31885384869739775 
0.8897795591182364 0.30796559390781514 
0.8917835671342684 0.32133650190380747 
0.8937875751503005 0.35418817839679334 
0.8957915831663326 0.32762616819639323 
0.8977955911823646 0.37082393248496937 
0.8997995991983967 0.30551026242484924 
0.9018036072144288 0.3054171724048072 
0.9038076152304608 0.3742701630661334 
0.9058116232464929 0.3034858161523045 
0.907815631262525 0.43035059090180244 
0.909819639278557 0.2940933351903842 
0.9118236472945891 0.36548433386773443 
0.9138276553106212 0.29233289056112066 
0.9158316633266532 0.33230871248496674 
0.9178356713426853 0.3771230799599213 
0.9198396793587174 0.3918780239879764 
0.9218436873747494 0.3766336301202453 
0.9238476953907815 0.2813826218036064 
0.9258517034068136 0.38350473567134286 
0.9278557114228456 0.2913308582164338 
0.9298597194388777 0.4397514456312623 
0.9318637274549098 0.2875943250701411 
0.9338677354709418 0.41743707010020165 
0.9358717434869739 0.3504104891983934 
0.937875751503006 0.37220297308617195 
0.939879759519038 0.3418051976753505 
0.9418837675350701 0.3694490152505029 
0.9438877755511021 0.3366618820841698 
0.9458917835671342 0.3158619062725447 
0.9478957915831663 0.4760712077955921 
0.9498997995991983 0.36375353008015543 
0.9519038076152304 0.32736859374749494 
0.9539078156312625 0.36436078629258506 
0.9559118236472945 0.33958437691382803 
0.9579158316633266 0.3961950436472943 
0.9599198396793587 0.35552817661322594 
0.9619238476953907 0.36440360957915924 
0.9639278557114228 0.387917175330661 
0.9659318637274549 0.3583729064529058 
0.9679358717434869 0.35431119839679387 
0.969939879759519 0.3871547746693394 
0.9719438877755511 0.3683557245691361 
0.9739478957915831 0.30939478498997947 
0.9759519038076151 0.3647482394188336 
0.9779559118236472 0.4413803487575153 
0.9799599198396792 0.34124929432866113 
0.9819639278557113 0.3813942078557092 
0.9839679358717434 0.332335378797597 
0.9859719438877754 0.3575150947294585 
0.9879759519038075 0.35421906859719743 
0.9899799599198396 0.37190493376753186 
0.9919839679358716 0.4607878403607217 
0.9939879759519037 0.2921430195190465 
0.9959919839679358 0.3199304554508972 
0.9979959919839678 0.4358379631262518 
1.0 0.34998016 
