xdata ydata 
0.0 -0.00711915 
0.002004008016032064 -0.004871145531062128 
0.004008016032064128 0.02739927004008016 
0.0060120240480961915 -0.026174499599198386 
0.008016032064128256 0.011269240080160293 
0.01002004008016032 0.005879804388777561 
0.012024048096192383 0.006135694769539058 
0.014028056112224447 -0.009199750240480946 
0.01603206412825651 0.010212466973947868 
0.018036072144288574 0.015932349839679446 
0.02004008016032064 -0.014770801202404793 
0.022044088176352703 0.01841788785571144 
0.024048096192384766 0.0008748300601201771 
0.026052104208416832 0.01633802847695392 
0.028056112224448895 -0.013755513166332719 
0.03006012024048096 0.030531352945891783 
0.03206412825651302 -0.005668347014028051 
0.03406813627254509 0.015302546513026054 
0.03607214428857715 -0.003242216833667342 
0.038076152304609215 0.02944645418837673 
0.04008016032064128 0.00036297006012020645 
0.04208416833667334 -0.0070548499198397705 
0.044088176352705406 0.044538677214428786 
0.04609218436873747 -0.0023662052905811842 
0.04809619238476953 -0.013989297254509495 
0.0501002004008016 0.05999815268537088 
0.052104208416833664 -0.023076803627254512 
0.05410821643286573 0.03295524567134269 
0.05611222444889779 -0.00992739767535073 
0.058116232464929855 0.05222169561122243 
0.06012024048096192 -0.01768616743486974 
0.06212424849699398 0.025315773627254266 
0.06412825651302605 0.01736539925851709 
0.06613226452905811 0.024700300661322606 
0.06813627254509018 -0.0008281142084168964 
0.07014028056112225 0.02643063743486979 
0.0721442885771543 0.020293163026052212 
0.07414829659318636 0.0205140161723447 
0.07615230460921843 0.0009062566733466517 
0.0781563126252505 0.04504827184368737 
0.08016032064128256 -0.0042296037074148595 
0.08216432865731463 0.04342663072144289 
0.08416833667334668 -0.0025062780961922397 
0.08617234468937875 0.03919884625250486 
0.08817635270541081 0.01297356651302628 
0.09018036072144288 0.029613308757514938 
0.09218436873747494 0.013473204028056095 
0.09418837675350701 0.03389425122244485 
0.09619238476953906 0.012824761182365004 
0.09819639278557113 0.047339326192384595 
0.1002004008016032 -0.0034200754308613013 
0.10220440881763526 0.040234690080160396 
0.10420841683366733 0.042703795571142365 
0.1062124248496994 0.0037016068537073007 
0.10821643286573146 0.030841988276553073 
0.11022044088176351 0.048596357474949683 
0.11222444889779558 0.018642434709419384 
0.11422845691382764 0.017883218016032012 
0.11623246492985971 0.054327445631262634 
0.11823647294589178 0.018279658697394712 
0.12024048096192384 0.03582591759519035 
0.1222444889779559 0.03602802242484956 
0.12424849699398796 0.02602720050100227 
0.12625250501002003 0.045519489238476436 
0.1282565130260521 0.03498749374749466 
0.13026052104208416 0.019834530420841844 
0.13226452905811623 0.05789395408817635 
0.1342685370741483 0.026250886753506956 
0.13627254509018036 0.04131848937875749 
0.13827655310621242 0.028644642925851695 
0.1402805611222445 0.06073467633266502 
0.14228456913827653 0.013744538136272338 
0.1442885771543086 0.06058067012024043 
0.14629258517034066 0.029366480581162372 
0.14829659318637273 0.04410085366733463 
0.1503006012024048 0.040953107494989954 
0.15230460921843686 0.046525391122244526 
0.15430861723446893 0.037340017354709404 
0.156312625250501 0.036504764969939894 
0.15831663326653306 0.06234080597194402 
0.16032064128256512 0.033801481603206285 
0.1623246492985972 0.02146098961923842 
0.16432865731462926 0.0940227134869738 
0.16633266533066132 0.002009278076152221 
0.16833667334669336 0.05485403699398755 
0.17034068136272543 0.0650347598396796 
0.1723446893787575 0.026370837815631654 
0.17434869739478956 0.0403524148096183 
0.17635270541082163 0.08343070783567143 
0.1783567134268537 0.001915850701402842 
0.18036072144288576 0.0738752904609216 
0.18236472945891782 0.04825830332665356 
0.1843687374749499 0.043920302124248335 
0.18637274549098196 0.04126609771543074 
0.18837675350701402 0.05579113995991999 
0.1903807615230461 0.07137771677354707 
0.19238476953907813 0.011474609719439156 
0.1943887775551102 0.06656997496993909 
0.19639278557114226 0.08153082480961998 
0.19839679358717432 0.007224769939879793 
0.2004008016032064 0.07395773376753445 
0.20240480961923846 0.05965328468937948 
0.20440881763527052 0.04460745957915836 
0.2064128256513026 0.06494644182364732 
0.20841683366733466 0.028863215470941804 
0.21042084168336672 0.09902657258517031 
0.2124248496993988 0.0280740904008018 
0.21442885771543085 0.05445235787575118 
0.21643286573146292 0.07980957927855682 
0.21843687374749496 0.04072815985971895 
0.22044088176352702 0.0782180230460925 
0.2224448897795591 0.03519810208416837 
0.22444889779559116 0.07739611208416801 
0.22645290581162322 0.07814802092184392 
0.2284569138276553 0.027949306412825843 
0.23046092184368736 0.07429258006011939 
0.23246492985971942 0.09269097659318713 
0.2344689378757515 0.03233428204408818 
0.23647294589178355 0.0648786591783567 
0.23847695390781562 0.08514260929859709 
0.24048096192384769 0.07594297104208414 
0.24248496993987975 0.017538965891783543 
0.2444889779559118 0.12249703539078122 
0.24649298597194386 0.04762543647294685 
0.24849699398797592 0.0650955192785562 
0.250501002004008 0.0730859823647296 
0.25250501002004005 0.07760368070140218 
0.2545090180360721 0.0762520988577157 
0.2565130260521042 0.05280982464929882 
0.25851703406813625 0.08932274815631253 
0.2605210420841683 0.08476230496993985 
0.2625250501002004 0.05431844601202431 
0.26452905811623245 0.07591301352705447 
0.2665330661322645 0.11514032867735524 
0.2685370741482966 0.029683373126252414 
0.27054108216432865 0.10345914420841691 
0.2725450901803607 0.09474755446893773 
0.2745490981963928 0.04903887014028132 
0.27655310621242485 0.10926931683366733 
0.2785571142284569 0.07184151376753474 
0.280561122244489 0.08807064683366732 
0.282565130260521 0.08658477276553139 
0.28456913827655306 0.08134019809619195 
0.2865731462925851 0.09808470124248489 
0.2885771543086172 0.0803912849499001 
0.29058116232464926 0.09080619480961842 
0.2925851703406813 0.10002349859719466 
0.2945891783567134 0.07697695226452847 
0.29659318637274545 0.11056122595190386 
0.2985971943887775 0.07912743633266543 
0.3006012024048096 0.1063536753707413 
0.30260521042084165 0.0901678391983971 
0.3046092184368737 0.1029434239078155 
0.3066132264529058 0.08927535406813626 
0.30861723446893785 0.11636367779559094 
0.3106212424849699 0.08318672372745492 
0.312625250501002 0.1091730979158307 
0.31462925851703405 0.11123792853707425 
0.3166332665330661 0.09291244420841688 
0.3186372745490982 0.10555924466933875 
0.32064128256513025 0.11259053771543125 
0.3226452905811623 0.114354206933868 
0.3246492985971944 0.08657001925851728 
0.32665330661322645 0.1238342582765531 
0.3286573146292585 0.1210682517034068 
0.3306613226452906 0.0959195093386776 
0.33266533066132264 0.10586528060120279 
0.33466933867735466 0.14294031547094246 
0.3366733466933867 0.09067895763527013 
0.3386773547094188 0.1269834781162326 
0.34068136272545085 0.10233349971943817 
0.3426853707414829 0.14830426829659335 
0.344689378757515 0.08706069979959945 
0.34669338677354705 0.1410699550701396 
0.3486973947895791 0.10763253306613318 
0.3507014028056112 0.1322426799599189 
0.35270541082164325 0.12815513631262543 
0.3547094188376753 0.10185629649298586 
0.3567134268537074 0.13860915907815602 
0.35871743486973945 0.1512182967735485 
0.3607214428857715 0.07124666108216418 
0.3627254509018036 0.17941098488977975 
0.36472945891783565 0.10418482182364815 
0.3667334669338677 0.13775876258516997 
0.3687374749498998 0.12860990294589272 
0.37074148296593185 0.1276507303006015 
0.3727454909819639 0.14865321032064116 
0.374749498997996 0.1184227805611223 
0.37675350701402804 0.1379495411022045 
0.3787575150300601 0.14321797783567136 
0.3807615230460922 0.13640367667334596 
0.38276553106212424 0.12670805324649292 
0.38476953907815625 0.14913345364729497 
0.3867735470941883 0.14508522875751428 
0.3887775551102204 0.12964714062124347 
0.39078156312625245 0.13619426452905717 
0.3927855711422845 0.17122441815631378 
0.3947895791583166 0.11592422398797576 
0.39679358717434865 0.1514462061523044 
0.3987975951903807 0.14894302975951892 
0.4008016032064128 0.15648277442885833 
0.40280561122244485 0.12922233729458915 
0.4048096192384769 0.1492653927054106 
0.406813627254509 0.16685322993987947 
0.40881763527054105 0.14777415340681346 
0.4108216432865731 0.12103000915831585 
0.4128256513026052 0.18730765791583165 
0.41482965931863724 0.14703441779559162 
0.4168336673346693 0.14070486136272548 
0.4188376753507014 0.15033565000000015 
0.42084168336673344 0.1910229808216434 
0.4228456913827655 0.11653954587174357 
0.4248496993987976 0.17659283318637242 
0.42685370741482964 0.16232577062124195 
0.4288577154308617 0.15121215222444873 
0.4308617234468938 0.15841934837675345 
0.43286573146292584 0.17499565390781552 
0.4348697394789579 0.15332148372745458 
0.4368737474949899 0.1517535496192378 
0.438877755511022 0.19144948863727523 
0.44088176352705405 0.14537082296593207 
0.4428857715430861 0.16893070146292527 
0.4448897795591182 0.16694810521042097 
0.44689378757515025 0.17291424979959888 
0.4488977955911823 0.17244591112224467 
0.4509018036072144 0.15357311675350732 
0.45290581162324645 0.17118458929859628 
0.4549098196392785 0.20400018771543094 
0.4569138276553106 0.1378164734669346 
0.45891783567134264 0.16672408058116203 
0.4609218436873747 0.20745809933867723 
0.4629258517034068 0.16983639761523092 
0.46492985971943884 0.13053365422845575 
0.4669338677354709 0.2318774216833664 
0.468937875751503 0.15558598458917866 
0.47094188376753504 0.16183019314629157 
0.4729458917835671 0.2090145902004006 
0.4749498997995992 0.1563248013827656 
0.47695390781563124 0.18252991318637282 
0.4789579158316633 0.1990265095190381 
0.48096192384769537 0.1647958142084168 
0.48296593186372744 0.17711385222444848 
0.4849699398797595 0.1977217970741483 
0.48697394789579157 0.1892369857915831 
0.4889779559118236 0.162779905771544 
0.49098196392785565 0.1860556504208404 
0.4929859719438877 0.2176639832064142 
0.4949899799599198 0.15559830647294642 
0.49699398797595185 0.18666837765530964 
0.4989979959919839 0.2067604847895797 
0.501002004008016 0.17796507615230464 
0.503006012024048 0.18636562517034055 
0.5050100200400801 0.19237527947895725 
0.5070140280561122 0.1964827873346692 
0.5090180360721442 0.16925245989979934 
0.5110220440881763 0.22657466008015992 
0.5130260521042084 0.16587927501001912 
0.5150300601202404 0.18694462464929865 
0.5170340681362725 0.21028165569138274 
0.5190380761523046 0.2134496680761533 
0.5210420841683366 0.13682548749498954 
0.5230460921843687 0.23076278326653277 
0.5250501002004008 0.21812153767535297 
0.5270541082164328 0.15963359340681332 
0.5290581162324649 0.1904907298597195 
0.531062124248497 0.232553559579158 
0.533066132264529 0.19168289498998245 
0.5350701402805611 0.1647977624048116 
0.5370741482965932 0.232419837775551 
0.5390781563126252 0.1949429941683367 
0.5410821643286573 0.19161303486973902 
0.5430861723446894 0.20568062436873827 
0.5450901803607214 0.20164208376753492 
0.5470941883767535 0.20136398028056038 
0.5490981963927856 0.20754502927855517 
0.5511022044088176 0.1965544374549109 
0.5531062124248497 0.21606085242484974 
0.5551102204408818 0.1752872372144292 
0.5571142284569138 0.25601667200400696 
0.5591182364729459 0.15846775464929833 
0.561122244488978 0.2286180494789577 
0.56312625250501 0.19959126278556963 
0.565130260521042 0.22315265278557014 
0.567134268537074 0.19221335859719685 
0.5691382765531061 0.20586854180360342 
0.5711422845691382 0.22551734803607282 
0.5731462925851702 0.20157953835671316 
0.5751503006012023 0.21591521675350725 
0.5771543086172344 0.19402282478957925 
0.5791583166332664 0.2277275616232453 
0.5811623246492985 0.22075259164328861 
0.5831663326653306 0.19564329112224402 
0.5851703406813626 0.20394514362725447 
0.5871743486973947 0.24175410204408662 
0.5891783567134268 0.21398725645291045 
0.5911823647294588 0.1782444277354705 
0.5931863727454909 0.25025216515030096 
0.595190380761523 0.20343235655310585 
0.597194388777555 0.2353560795591196 
0.5991983967935871 0.17357338206412823 
0.6012024048096192 0.2588657586372733 
0.6032064128256512 0.20634722038076467 
0.6052104208416833 0.21452305216432674 
0.6072144288577154 0.21845535715430905 
0.6092184368737474 0.21869964651302476 
0.6112224448897795 0.233047823667336 
0.6132264529058116 0.20786243332665338 
0.6152304609218436 0.22692691573146323 
0.6172344689378757 0.20593927647294502 
0.6192384769539078 0.25454461270541084 
0.6212424849699398 0.19988338813627257 
0.6232464929859719 0.21694863476953824 
0.625250501002004 0.23687112629258558 
0.627254509018036 0.2288381606412825 
0.6292585170340681 0.21184632719438884 
0.6312625250501002 0.22624085821643236 
0.6332665330661322 0.2237425637074151 
0.6352705410821643 0.24070513306613253 
0.6372745490981964 0.2191702858517039 
0.6392785571142284 0.20030752440881652 
0.6412825651302605 0.26413974895791587 
0.6432865731462926 0.21890014637274527 
0.6452905811623246 0.21096909490981944 
0.6472945891783567 0.23066606178356752 
0.6492985971943888 0.24763990679358716 
0.6513026052104208 0.21790222855711416 
0.6533066132264529 0.21351419256512966 
0.655310621242485 0.2536397292184367 
0.657314629258517 0.2112055631262522 
0.6593186372745491 0.2458809506212424 
0.6613226452905812 0.21794868849699434 
0.6633266533066132 0.22348136773547286 
0.6653306613226453 0.2570686014028052 
0.6673346693386772 0.2066527281162325 
0.6693386773547093 0.23850254579158256 
0.6713426853707414 0.2337494275150306 
0.6733466933867734 0.22889734651302576 
0.6753507014028055 0.2346314432865731 
0.6773547094188376 0.2313028882965933 
0.6793587174348696 0.2281101945490984 
0.6813627254509017 0.23104311412825534 
0.6833667334669338 0.2518785035671344 
0.6853707414829658 0.2081082445891791 
0.6873747494989979 0.23999244713426643 
0.68937875751503 0.23822914132264675 
0.691382765531062 0.24584012887775522 
0.6933867735470941 0.20313723094188568 
0.6953907815631262 0.24345341204408252 
0.6973947895791582 0.268429061823649 
0.6993987975951903 0.18092591721442813 
0.7014028056112224 0.27066804981963827 
0.7034068136272544 0.21901196689379016 
0.7054108216432865 0.2403420743687371 
0.7074148296593186 0.24026952745491084 
0.7094188376753506 0.218091056953907 
0.7114228456913827 0.2468315977755511 
0.7134268537074148 0.23697385026052106 
0.7154308617234468 0.24066016476953947 
0.7174348697394789 0.20896762837675362 
0.719438877755511 0.2616959967735472 
0.721442885771543 0.23806869595190472 
0.7234468937875751 0.22064000999999903 
0.7254509018036072 0.23470982929859724 
0.7274549098196392 0.25080272092184364 
0.7294589178356713 0.2393454236272553 
0.7314629258517034 0.22306550947895723 
0.7334669338677354 0.22975155430861718 
0.7354709418837675 0.26693680799599173 
0.7374749498997996 0.2327865515230484 
0.7394789579158316 0.1979015296994008 
0.7414829659318637 0.28766488336673346 
0.7434869739478958 0.22289989034068175 
0.7454909819639278 0.2320237771142278 
0.7474949899799599 0.24102412152304603 
0.749498997995992 0.24223793184368742 
0.751503006012024 0.25671298605210424 
0.7535070140280561 0.21421744422845657 
0.7555110220440882 0.24906444068136407 
0.7575150300601202 0.2608364077154308 
0.7595190380761523 0.21777405280561063 
0.7615230460921844 0.2606469047895788 
0.7635270541082164 0.22877039296593182 
0.7655310621242485 0.25068155110220436 
0.7675350701402806 0.2585546363326654 
0.7695390781563125 0.22098948358717602 
0.7715430861723446 0.24678537336672865 
0.7735470941883766 0.27802656863727976 
0.7755511022044087 0.21197177436873688 
0.7775551102204408 0.26061709785571163 
0.7795591182364728 0.24259698036071967 
0.7815631262525049 0.2753045705611239 
0.783567134268537 0.20598708515030043 
0.785571142284569 0.2865020009819621 
0.7875751503006011 0.23581751482966265 
0.7895791583166332 0.2594707400801597 
0.7915831663326652 0.24353951490982084 
0.7935871743486973 0.265810106613224 
0.7955911823647294 0.25163777042084584 
0.7975951903807614 0.24155735605210302 
0.7995991983967935 0.2935463116432876 
0.8016032064128256 0.2185786033466953 
0.8036072144288576 0.27075234030060075 
0.8056112224448897 0.28868651803607365 
0.8076152304609218 0.22215725839679337 
0.8096192384769538 0.2779042578156301 
0.8116232464929859 0.27351327232464956 
0.813627254509018 0.255269810721443 
0.81563126252505 0.263208013707414 
0.8176352705410821 0.27664028615230457 
0.8196392785571142 0.2554493079358717 
0.8216432865731462 0.29155593446893746 
0.8236472945891783 0.25309365651302823 
0.8256513026052104 0.26865271046092193 
0.8276553106212424 0.3017419740080166 
0.8296593186372745 0.25183381082164347 
0.8316633266533066 0.2865081715631259 
0.8336673346693386 0.2786368353106213 
0.8356713426853707 0.28731138414829627 
0.8376753507014028 0.2793614346292588 
0.8396793587174348 0.2874440223847698 
0.8416833667334669 0.2827533570140282 
0.843687374749499 0.2958206280160311 
0.845691382765531 0.3018775687174339 
0.8476953907815631 0.2678549838677356 
0.8496993987975952 0.31161601593186344 
0.8517034068136272 0.3098095237274555 
0.8537074148296593 0.2799615400601199 
0.8557114228456913 0.30192452148296606 
0.8577154308617234 0.319384246152305 
0.8597194388777555 0.2958640535270541 
0.8617234468937875 0.3083664917635269 
0.8637274549098196 0.2990569225250501 
0.8657314629258517 0.33181098715430857 
0.8677354709418837 0.2993653902605203 
0.8697394789579158 0.3063550087975955 
0.8717434869739479 0.33095350234468934 
0.8737474949899798 0.315166885771544 
0.8757515030060119 0.30215243356713317 
0.877755511022044 0.34080427681362685 
0.879759519038076 0.3169161881963946 
0.8817635270541081 0.30943302545090157 
0.8837675350701402 0.3382826037875738 
0.8857715430861722 0.3359087853507041 
0.8877755511022043 0.30087230719438773 
0.8897795591182364 0.34680228102204363 
0.8917835671342684 0.3323951510621246 
0.8937875751503005 0.33569519863727565 
0.8957915831663326 0.3059450418837673 
0.8977955911823646 0.3697630430460912 
0.8997995991983967 0.32002758527054403 
0.9018036072144288 0.3401383783567126 
0.9038076152304608 0.3331655771543098 
0.9058116232464929 0.3380332662925823 
0.907815631262525 0.3732853398998028 
0.909819639278557 0.29992369749499 
0.9118236472945891 0.35200425815631153 
0.9138276553106212 0.3752285599198396 
0.9158316633266532 0.33360838905811907 
0.9178356713426853 0.3092593227254502 
0.9198396793587174 0.4043241706412823 
0.9218436873747494 0.3305652023046117 
0.9238476953907815 0.3456090103406814 
0.9258517034068136 0.34020782657314624 
0.9278557114228456 0.3937254933867726 
0.9298597194388777 0.3314743894188416 
0.9318637274549098 0.3469027662324649 
0.9338677354709418 0.3733298159318644 
0.9358717434869739 0.3663999030661312 
0.937875751503006 0.3509231124649291 
0.939879759519038 0.34553719228456886 
0.9418837675350701 0.3896070912825656 
0.9438877755511021 0.3607374203807615 
0.9458917835671342 0.3451575450100197 
0.9478957915831663 0.36365442617234406 
0.9498997995991983 0.4029880256112241 
0.9519038076152304 0.32454419108216437 
0.9539078156312625 0.37598093404809635 
0.9559118236472945 0.3703505577154308 
0.9579158316633266 0.3777341642885779 
0.9599198396793587 0.3371736215631263 
0.9619238476953907 0.38025570939879766 
0.9639278557114228 0.37025744062124266 
0.9659318637274549 0.3650712904809621 
0.9679358717434869 0.3478909263927858 
0.969939879759519 0.3837798045891783 
0.9719438877755511 0.3614969269138279 
0.9739478957915831 0.3634513443687375 
0.9759519038076151 0.36114848170340613 
0.9779559118236472 0.37225577048096326 
0.9799599198396792 0.35746839795591073 
0.9819639278557113 0.38797763480962055 
0.9839679358717434 0.3237448166332664 
0.9859719438877754 0.40332896523045747 
0.9879759519038075 0.3519988371943905 
0.9899799599198396 0.3670969213827637 
0.9919839679358716 0.3509114128256532 
0.9939879759519037 0.389350007074145 
0.9959919839679358 0.35375903060120467 
0.9979959919839678 0.36325422438877425 
1.0 0.36455772 
