xdata ydata 
0.0 0.0 
0.0005002501250625312 0.0 
0.0010005002501250625 0.0 
0.0015007503751875936 0.0 
0.002001000500250125 0.0 
0.0025012506253126563 0.0 
0.003001500750375187 0.0 
0.0035017508754377185 0.0 
0.00400200100050025 0.0 
0.004502251125562781 0.0 
0.0050025012506253125 0.0 
0.005502751375687844 0.0 
0.006003001500750374 0.0 
0.006503251625812906 0.0 
0.007003501750875437 0.0 
0.007503751875937968 0.0 
0.0080040020010005 0.0 
0.00850425212606303 0.0 
0.009004502251125562 0.0 
0.009504752376188093 0.0 
0.010005002501250625 0.0 
0.010505252626313155 0.0 
0.011005502751375688 0.0 
0.011505752876438218 0.0 
0.012006003001500749 0.0 
0.01250625312656328 0.0 
0.013006503251625811 0.0 
0.013506753376688344 0.0 
0.014007003501750874 0.0 
0.014507253626813406 0.0 
0.015007503751875937 0.0 
0.015507753876938469 0.0 
0.016008004002001 0.0 
0.01650825412706353 0.0 
0.01700850425212606 0.0 
0.017508754377188594 0.0 
0.018009004502251125 0.0 
0.018509254627313655 0.0 
0.019009504752376186 0.0 
0.01950975487743872 0.0 
0.02001000500250125 0.0 
0.02051025512756378 0.0 
0.02101050525262631 0.0 
0.02151075537768884 0.0 
0.022011005502751375 0.0 
0.022511255627813906 0.0 
0.023011505752876436 0.0 
0.023511755877938967 0.0 
0.024012006003001497 0.0 
0.02451225612806403 0.0 
0.02501250625312656 0.0 
0.025512756378189092 0.0 
0.026013006503251623 0.0 
0.026513256628314157 0.0 
0.027013506753376687 0.0 
0.027513756878439218 0.0 
0.028014007003501748 0.0 
0.02851425712856428 0.0 
0.029014507253626812 0.0 
0.029514757378689343 0.0 
0.030015007503751873 0.0 
0.030515257628814404 0.0 
0.031015507753876938 0.0 
0.03151575787893947 0.0 
0.032016008004002 0.0 
0.03251625812906453 0.0 
0.03301650825412706 0.0001422343466517741 
0.03351675837918959 0.00035768117397780216 
0.03401700850425212 0.0005709767641143539 
0.03451725862931466 0.0007819471617620329 
0.03501750875437719 0.000990420321014223 
0.03551775887943972 0.0011962262670736773 
0.03601800900450225 0.0013991972573203 
0.03651825912956478 0.0015991679416029255 
0.03701850925462731 0.0017959755215540367 
0.03751875937968984 0.0019894599088041143 
0.03801900950475237 0.0021794638819052914 
0.0385192596298149 0.0023658332418182606 
0.03901950975487744 0.002548416965780921 
0.03951975987993997 0.0027270673594023413 
0.0400200100050025 0.002901640206813462 
0.04052026013006503 0.0030719949186999197 
0.04102051025512756 0.0032379946780575113 
0.04152076038019009 0.00339950658349097 
0.04202101050525262 0.0035564017898960312 
0.04252126063031515 0.003708555646354198 
0.04302151075537768 0.0038558478310671716 
0.04352176088044022 0.003998162483172853 
0.04402201100550275 0.004135388331268064 
0.04452226113056528 0.004267418818474659 
0.04502251125562781 0.0043941522238950224 
0.04552276138069034 0.004515491780278023 
0.04602301150575287 0.004631345787750513 
0.0465232616308154 0.00474162772345163 
0.047023511755877934 0.004846256346906387 
0.047523761880940464 0.004945155801006542 
0.048024012006002995 0.005038255708420623 
0.04852426213106553 0.005125491263311502 
0.04902451225612806 0.005206803318207042 
0.04952476238119059 0.005282138465883014 
0.05002501250625312 0.005351449116122426 
0.050525262631315654 0.005414693567230296 
0.051025512756378184 0.005471836072158798 
0.051525762881440715 0.005522846899133961 
0.052026013006503245 0.005567702386661028 
0.052526263131565776 0.005606384992790251 
0.05302651325662831 0.005638883338548199 
0.053526763381690844 0.005665192245413599 
0.054027013506753374 0.005685312766758553 
0.054527263631815905 0.005699252213153839 
0.055027513756878435 0.005707024171453581 
0.055527763881940966 0.005708648517582073 
0.056028014007003496 0.005704151422954212 
0.056528264132066026 0.005693565354453902 
0.05702851425712856 0.005676929067919555 
0.057528764382191094 0.0056542875950784015 
0.058029014507253625 0.005625692223890897 
0.058529264632316155 0.0055912004722597575 
0.059029514757378686 0.0055508760550767 
0.059529764882441216 0.005504788844579728 
0.06003001500750375 0.005453014824013607 
0.06053026513256628 0.005395636034574054 
0.06103051525762881 0.005332740515644429 
0.06153076538269134 0.005264422238324612 
0.062031015507753876 0.005190781032277537 
0.0625312656328164 0.005111922505903387 
0.06303151575787894 0.0050279579598886065 
0.06353176588294146 0.004939004294157925 
0.064032016008004 0.00484518390827778 
0.06453226613306653 0.004746624595381139 
0.06503251625812906 0.004643459429658026 
0.0655327663831916 0.004535826647501763 
0.06603301650825412 0.004423869522381692 
0.06653326663331666 0.004307736233541004 
0.06703351675837918 0.0041875797286056345 
0.06753376688344172 0.004063557580224401 
0.06803401700850424 0.003935831836841812 
0.06853426713356678 0.003804568867739397 
0.06903451725862932 0.0036699392024588822 
0.06953476738369184 0.0035321173647660203 
0.07003501750875438 0.0033912817012837224 
0.0705352676338169 0.0032476142049633967 
0.07103551775887944 0.0031013003335425664 
0.07153576788394196 0.0029525288231743536 
0.0720360180090045 0.002801491497390527 
0.07253626813406702 0.002648383071593064 
0.07303651825912956 0.0024934009532619895 
0.0735367683841921 0.002336745038074858 
0.07403701850925462 0.0021786175021551316 
0.07453726863431716 0.002019222590641041 
0.07503751875937968 0.001858766402813279 
0.07553776888444222 0.001697456673997859 
0.07603801900950474 0.0015355025544624013 
0.07653826913456728 0.001373114385571861 
0.0770385192596298 0.0012105034734067285 
0.07753876938469234 0.0010478818601230243 
0.07803901950975488 0.000885462093284984 
0.0785392696348174 0.0007234569934347279 
0.07903951975987994 0.0005620794201573959 
0.07953976988494246 0.0004015420369026619 
0.080040020010005 0.00024205707483900408 
0.08054027013506752 8.383609599488847e-05 
0.08104052026013006 0.0 
0.08154077038519258 0.0 
0.08204102051025512 0.0 
0.08254127063531766 0.0 
0.08304152076038018 0.0 
0.08354177088544272 0.0 
0.08404202101050524 0.0 
0.08454227113556778 0.0 
0.0850425212606303 0.0 
0.08554277138569284 0.0 
0.08604302151075537 0.0 
0.0865432716358179 0.0 
0.08704352176088044 0.0 
0.08754377188594296 0.0 
0.0880440220110055 0.0 
0.08854427213606803 0.0 
0.08904452226113056 0.0 
0.08954477238619309 0.0 
0.09004502251125562 0.0 
0.09054527263631815 0.0 
0.09104552276138068 0.0 
0.09154577288644322 0.0 
0.09204602301150575 0.0 
0.09254627313656828 0.0 
0.0930465232616308 0.0 
0.09354677338669334 0.0 
0.09404702351175587 0.0 
0.0945472736368184 0.0 
0.09504752376188093 0.0 
0.09554777388694347 0.0 
0.09604802401200599 0.0 
0.09654827413706853 0.0 
0.09704852426213106 0.0 
0.09754877438719359 0.0 
0.09804902451225612 0.0 
0.09854927463731865 0.0 
0.09904952476238119 0.0 
0.09954977488744371 0.0 
0.10005002501250625 0.0 
0.10055027513756877 0.0 
0.10105052526263131 0.0 
0.10155077538769385 0.0 
0.10205102551275637 0.0 
0.1025512756378189 0.0 
0.10305152576288143 0.0 
0.10355177588794397 0.0 
0.10405202601300649 0.0 
0.10455227613806903 0.0 
0.10505252626313155 0.0 
0.10555277638819409 0.0 
0.10605302651325663 0.0 
0.10655327663831915 0.0 
0.10705352676338169 0.0 
0.10755377688844421 0.0 
0.10805402701350675 0.0 
0.10855427713856927 0.0 
0.10905452726363181 0.0 
0.10955477738869433 0.0 
0.11005502751375687 0.0 
0.11055527763881941 0.0 
0.11105552776388193 0.0 
0.11155577788894447 0.0 
0.11205602801400699 0.0 
0.11255627813906953 0.0 
0.11305652826413205 0.0 
0.11355677838919459 0.0 
0.11405702851425711 8.486583706400547e-05 
0.11455727863931965 0.0002781732154036576 
0.11505752876438219 0.0004754162012174296 
0.11555777888944471 0.0006764032229900447 
0.11605802901450725 0.0008809378165946803 
0.11655827913956977 0.0010888188350165631 
0.11705852926463231 0.0012998406637473893 
0.11755877938969483 0.0015137934416112476 
0.11805902951475737 0.0017304632867585518 
0.1185592796398199 0.0019496325275525771 
0.11905952976488243 0.0021710799380795912 
0.11955977988994497 0.0023945809780021275 
0.1200600300150075 0.0026199080364657993 
0.12056028014007003 0.002846830679771861 
0.12106053026513255 0.003075115902517158 
0.12156078039019509 0.0033045283819102137 
0.12206103051525762 0.0035348307349429143 
0.12256128064032015 0.0037657837781257565 
0.12306153076538268 0.003997146789471993 
0.12356178089044521 0.004228677772414372 
0.12406203101550775 0.004460133721343759 
0.12456228114057027 0.004691270888450849 
0.1250625312656328 0.004921845051556948 
0.12556278139069535 0.005151611782601918 
0.12606303151575787 0.0053803267164925245 
0.1265632816408204 0.005607745819970147 
0.12706353176588292 0.005833625660190003 
0.12756378189094547 0.006057723672693388 
0.128064032016008 0.0062797984284490484 
0.12856428214107052 0.006499609899663065 
0.12906453226613307 0.0067169197240233595 
0.1295647823911956 0.006931491467087979 
0.13006503251625812 0.00714309088249713 
0.13056528264132064 0.0073514861697071224 
0.1310655327663832 0.007556448228952539 
0.13156578289144572 0.007757750913125077 
0.13206603301650824 0.007955171276292815 
0.13256628314157076 0.008148489818560574 
0.1330665332666333 0.008337490726997574 
0.13356678339169584 0.008521962112345538 
0.13406703351675836 0.008701696241247604 
0.1345672836418209 0.008876489763726519 
0.13506753376688344 0.009046143935653008 
0.13556778389194596 0.009210464835957442 
0.13606803401700848 0.009369263578336898 
0.13656828414207103 0.009522356517221555 
0.13706853426713356 0.009669565447775313 
0.13756878439219608 0.0098107177996972 
0.13806903451725863 0.009945646824633851 
0.13856928464232116 0.010074191776968977 
0.13906953476738368 0.010196198087818978 
0.1395697848924462 0.010311517532035285 
0.14007003501750875 0.010420008388039137 
0.14057028514257128 0.010521535590324186 
0.1410705352676338 0.010615970874457795 
0.14157078539269632 0.01070319291444438 
0.14207103551775888 0.010783087452306583 
0.1425712856428214 0.010855547419753444 
0.14307153576788392 0.010920473051819434 
0.14357178589294647 0.010977771992362544 
0.144072036018009 0.011027359391331678 
0.14457228614307152 0.011069157993705723 
0.14507253626813404 0.011103098220028085 
0.1455727863931966 0.011129118238480614 
0.14607303651825912 0.011147164028430273 
0.14657328664332164 0.0111571894354046 
0.1470735367683842 0.011159156217468096 
0.14757378689344672 0.01115303408296674 
0.14807403701850924 0.011138800719642145 
0.14857428714357176 0.011116441815086983 
0.14907453726863432 0.011085951068586685 
0.14957478739369684 0.01104733019432845 
0.15007503751875936 0.01100058891603495 
0.1505752876438219 0.010945744953053553 
0.15107553776888444 0.010882823997940182 
0.15157578789394696 0.010811859685622498 
0.15207603801900949 0.010732893554191455 
0.15257628814407204 0.010645974997412285 
0.15307653826913456 0.010551161209045014 
0.15357678839419708 0.010448517119073145 
0.1540770385192596 0.01033811532195007 
0.15457728864432216 0.010220035996989837 
0.15507753876938468 0.01009436682101982 
0.1555777888944472 0.009961202873439587 
0.15607803901950976 0.009820646533837638 
0.15657828914457228 0.009672807372304503 
0.1570785392696348 0.009517802032630928 
0.15757878939469733 0.00935575410853557 
0.15807903951975988 0.009186794013121873 
0.1585792896448224 0.009011058841743916 
0.15907953976988493 0.008828692228472435 
0.15957978989494745 0.00863984419636673 
0.16008004002001 0.008444671001765418 
0.16058029014507252 0.008243334972792584 
0.16108054027013505 0.008036004342325887 
0.1615807903951976 0.007822853075627552 
0.16208104052026012 0.0076040606928918265 
0.16258129064532265 0.007379812086925926 
0.16308154077038517 0.007150297336227198 
0.16358179089544772 0.006915711513683298 
0.16408204102051024 0.0066762544911576505 
0.16458229114557277 0.006432130740213292 
0.16508254127063532 0.0061835491292271975 
0.16558279139569784 0.005930722717159097 
0.16608304152076037 0.005673868544241898 
0.1665832916458229 0.005413207419851662 
0.16708354177088544 0.005148963707826384 
0.16758379189594796 0.004881365109510858 
0.1680840420210105 0.004610642444785533 
0.168584292146073 0.004337029431359835 
0.16908454227113556 0.004060762462595239 
0.1695847923961981 0.0037820803841341257 
0.1700850425212606 0.0035012242696016173 
0.17058529264632316 0.0032184371956578087 
0.17108554277138568 0.0029339640166596926 
0.1715857928964482 0.0026480511392093925 
0.17208604302151073 0.0023609462968507532 
0.17258629314657328 0.002072898325183124 
0.1730865432716358 0.0017841569376458228 
0.17358679339669833 0.0014949725022436822 
0.17408704352176088 0.0012055958194567293 
0.1745872936468234 0.0009162779015973889 
0.17508754377188593 0.0006272697538595194 
0.17558779389694845 0.00033882215730020684 
0.176088044022011 5.118545400213544e-05 
0.17658829414707353 0.0 
0.17708854427213605 0.0 
0.17758879439719857 0.0 
0.17808904452226113 0.0 
0.17858929464732365 0.0 
0.17908954477238617 0.0 
0.17958979489744872 0.0 
0.18009004502251125 0.0 
0.18059029514757377 0.0 
0.1810905452726363 0.0 
0.18159079539769885 0.0 
0.18209104552276137 0.0 
0.1825912956478239 0.0 
0.18309154577288644 0.0 
0.18359179589794897 0.0 
0.1840920460230115 0.0 
0.18459229614807401 0.0 
0.18509254627313657 0.0 
0.1855927963981991 0.0 
0.1860930465232616 0.0 
0.18659329664832414 0.0 
0.1870935467733867 0.0 
0.1875937968984492 0.0 
0.18809404702351173 0.0 
0.18859429714857429 0.0 
0.1890945472736368 0.0 
0.18959479739869933 0.0 
0.19009504752376186 0.0 
0.1905952976488244 0.0 
0.19109554777388693 0.0 
0.19159579789894945 0.0 
0.19209604802401198 0.0 
0.19259629814907453 0.0 
0.19309654827413705 0.0 
0.19359679839919958 0.0 
0.19409704852426213 0.0 
0.19459729864932465 0.0 
0.19509754877438718 0.0 
0.1955977988994497 0.0 
0.19609804902451225 0.0 
0.19659829914957477 0.0 
0.1970985492746373 0.0 
0.19759879939969985 0.0 
0.19809904952476237 0.0 
0.1985992996498249 0.0 
0.19909954977488742 0.0 
0.19959979989994997 0.0 
0.2001000500250125 0.0 
0.20060030015007502 0.0 
0.20110055027513754 0.0 
0.2016008004002001 0.0 
0.20210105052526262 0.0 
0.20260130065032514 0.0 
0.2031015507753877 0.0 
0.2036018009004502 0.0 
0.20410205102551274 0.0 
0.20460230115057526 0.0 
0.2051025512756378 0.0 
0.20560280140070034 0.0 
0.20610305152576286 0.0 
0.2066033016508254 0.0 
0.20710355177588793 0.0 
0.20760380190095046 0.0 
0.20810405202601298 0.0 
0.20860430215107553 0.0 
0.20910455227613806 0.0 
0.20960480240120058 0.0 
0.2101050525262631 0.0 
0.21060530265132565 0.0 
0.21110555277638818 0.0 
0.2116058029014507 0.0 
0.21210605302651325 0.0 
0.21260630315157578 0.0 
0.2131065532766383 0.0 
0.21360680340170082 0.0 
0.21410705352676337 0.0 
0.2146073036518259 0.0 
0.21510755377688842 0.0 
0.21560780390195097 0.0 
0.2161080540270135 0.0 
0.21660830415207602 0.0 
0.21710855427713854 0.0 
0.2176088044022011 0.0 
0.21810905452726362 0.0 
0.21860930465232614 0.0 
0.21910955477738867 0.0 
0.21960980490245122 0.0 
0.22011005502751374 0.0 
0.22061030515257626 0.0 
0.22111055527763882 0.0 
0.22161080540270134 3.970871110809193e-05 
0.22211105552776386 0.00043305943481380054 
0.22261130565282639 0.0008344622762420265 
0.22311155577788894 0.0012438502736793363 
0.22361180590295146 0.001661156725135258 
0.22411205602801398 0.002086315324475993 
0.22461230615307654 0.0025192602963904787 
0.22511255627813906 0.002959926530092802 
0.22561280640320158 0.0034082497116845957 
0.2261130565282641 0.003864166455069255 
0.22661330665332666 0.004327614431345166 
0.22711355677838918 0.0047985324965950866 
0.2276138069034517 0.005276860817990547 
0.22811405702851423 0.005762540998141615 
0.22861430715357678 0.0062555161976135506 
0.2291145572786393 0.0067557312555482025 
0.22961480740370183 0.007263132808331347 
0.23011505752876438 0.0077776694062228514 
0.2306153076538269 0.008299291627923136 
0.23111555777888942 0.008827952192997021 
0.23161580790395195 0.009363606072116408 
0.2321160580290145 0.009906210595066566 
0.23261630815407702 0.010455725556489147 
0.23311655827913955 0.011012113319291882 
0.2336168084042021 0.011575338915722887 
0.23411705852926462 0.012145370146046488 
0.23461730865432714 0.01272217767480228 
0.23511755877938967 0.013305735124632378 
0.23561780890445222 0.013896019167625508 
0.23611805902951474 0.014493009614181963 
0.23661830915457727 0.015096689499371116 
0.2371185592796398 0.01570704516676689 
0.23761880940470234 0.016324066349760188 
0.23811905952976486 0.016947746250325833 
0.2386193096548274 0.017578081615250072 
0.23911955977988994 0.018215072809814728 
0.23961980990495246 0.01885872388893956 
0.240120060030015 0.019509042665789213 
0.2406203101550775 0.020166040777840663 
0.24112056028014006 0.020829733750447443 
0.24162081040520259 0.021500141057879656 
0.2421210605302651 0.02217728618189002 
0.24262131065532766 0.02286119666779745 
0.24312156078039018 0.02355190417812879 
0.2436218109054527 0.0242494445438288 
0.24412206103051523 0.024953857813079138 
0.24462231115557778 0.025665188297741438 
0.2451225612806403 0.0263834846174667 
0.24562281140570283 0.02710879974150314 
0.24612306153076535 0.02784119102823021 
0.2466233116558279 0.02858072026247428 
0.24712356178089043 0.029327453690631174 
0.24762381190595295 0.03008146205364394 
0.2481240620310155 0.030842820617884258 
0.24862431215607803 0.03161160920397927 
0.24912456228114055 0.032387912213634705 
0.24962481240620307 0.033171818654504096 
0.2501250625312656 0.03396342216315743 
0.25062531265632815 0.03476282102619844 
0.2511255627813907 0.03557011819959162 
0.2516258129064532 0.03638542132624921 
0.25212606303151575 0.037208842751942195 
0.2526263131565783 0.03804049953958226 
0.2531265632816408 0.038880513481954225 
0.25362681340670334 0.039729011112935246 
0.25412706353176584 0.04058612371727842 
0.2546273136568284 0.04145198733902515 
0.25512756378189094 0.042326742788590416 
0.25562781390695344 0.04321053564860498 
0.256128064032016 0.04410351627856148 
0.25662831415707854 0.045005839818347236 
0.25712856428214104 0.04591766619069584 
0.2576288144072036 0.04683916010266074 
0.25812906453226614 0.04777049104614455 
0.25862931465732864 0.04871183329755479 
0.2591295647823912 0.04966336591666059 
0.2596298149074537 0.05062527274469298 
0.26013006503251623 0.05159774240177227 
0.2606303151575788 0.05258096828370619 
0.2611305652826413 0.0535751485582231 
0.26163081540770383 0.054580486160713634 
0.2621310655327664 0.05559718878951705 
0.2626313156578289 0.05662546890082247 
0.26313156578289143 0.057665543703242624 
0.263631815907954 0.05871763515210991 
0.2641320660330165 0.059781969943543366 
0.26463231615807903 0.06085877950834708 
0.2651325662831415 0.06194830000578877 
0.2656328164082041 0.06305077231729717 
0.2661330665332666 0.06416644204013364 
0.2666333166583291 0.06529555948108243 
0.2671335667833917 0.06643837965019138 
0.2676338169084542 0.06759516225461483 
0.2681340670335167 0.06876617169258946 
0.26863431715857927 0.06995167704758506 
0.2691345672836418 0.0711519520826454 
0.2696348174087043 0.07236727523498179 
0.27013506753376687 0.07359792961081245 
0.2706353176588294 0.07484420298049761 
0.2711355677838919 0.07610638777398286 
0.27163581790895447 0.0773847810765721 
0.27213606803401696 0.0786796846250518 
0.2726363181590795 0.07999140480417198 
0.27313656828414207 0.08132025264350927 
0.27363681840920456 0.08266654381471115 
0.2741370685342671 0.08403059862913297 
0.27463731865932967 0.08541274203585923 
0.27513756878439216 0.08681330362014006 
0.2756378189094547 0.0882326176022014 
0.27613806903451726 0.08967102283645191 
0.27663831915957976 0.09112886281107095 
0.2771385692846423 0.0926064856479647 
0.2776388194097048 0.09410424410307829 
0.27813906953476736 0.09562249556704697 
0.2786393196598299 0.09716160206616788 
0.2791395697848924 0.09872193026367808 
0.27963981990995496 0.10030385146129021 
0.2801400700350175 0.10190774160099625 
0.28064032016008 0.10353398126706873 
0.28114057028514255 0.10518295568825724 
0.2816408204102051 0.10685505474013268 
0.2821410705352676 0.10855067294753688 
0.28264132066033015 0.11027020948711068 
0.28314157078539265 0.11201406818983922 
0.2836418209104552 0.11378265754359394 
0.28414207103551775 0.11557639069559797 
0.28464232116058025 0.1173956854547807 
0.2851425712856428 0.11924096429396928 
0.28564282141070535 0.12111265435185956 
0.28614307153576785 0.12301118743470212 
0.2866433216608304 0.12493700001766839 
0.28714357178589295 0.1268905332458108 
0.28764382191095544 0.12887223293457334 
0.288144072036018 0.13088254956978057 
0.28864432216108055 0.13292193830704768 
0.28914457228614304 0.13499085897053448 
0.2896448224112056 0.13708977605098135 
0.2901450725362681 0.13921915870296403 
0.29064532266133064 0.14137948074128304 
0.2911455727863932 0.14357122063642772 
0.2916458229114557 0.14579486150903456 
0.29214607303651824 0.1480508911232697 
0.2926463231615808 0.15033980187906798 
0.2931465732866433 0.15266209080312526 
0.29364682341170584 0.1550182595386144 
0.2941470735367684 0.1574088143334976 
0.2946473236618309 0.15983426602739476 
0.29514757378689344 0.16229513003691537 
0.29564782391195593 0.16479192633937054 
0.2961480740370185 0.16732517945480177 
0.29664832416208103 0.16989541842623412 
0.29714857428714353 0.17250317679808308 
0.2976488244122061 0.1751489925926354 
0.29814907453726863 0.1778334082845256 
0.29864932466233113 0.18055697077312155 
0.2991495747873937 0.18332023135276304 
0.29964982491245623 0.18612374568075354 
0.3001500750375187 0.1889680737430387 
0.3006503251625813 0.19185377981749765 
0.3011505752876438 0.1947814324347733 
0.3016508254127063 0.1977516043365521 
0.3021510755377689 0.20076487243124516 
0.30265132566283137 0.20382181774698124 
0.3031515757878939 0.20692302538183666 
0.3036518259129565 0.21006908445126135 
0.30415207603801897 0.21326058803258638 
0.3046523261630815 0.21649813310660315 
0.3051525762881441 0.21978232049608967 
0.30565282641320657 0.2231137548012788 
0.3061530765382691 0.22649304433215406 
0.30665332666333167 0.2299208010375556 
0.30715357678839417 0.23339764043101835 
0.3076538269134567 0.23692418151328593 
0.3081540770385192 0.24050104669145794 
0.30865432716358177 0.24412886169471243 
0.3091545772886443 0.24780825548656432 
0.3096548274137068 0.2515398601735964 
0.31015507753876936 0.25532431091064306 
0.3106553276638319 0.25916224580237135 
0.3111555777888944 0.26305430580123146 
0.31165582791395696 0.2670011346017244 
0.3121560780390195 0.27100337853099576 
0.312656328164082 0.2750616864356748 
0.31315657828914456 0.2791767095649819 
0.31365682841420706 0.28334910145005177 
0.3141570785392696 0.2875795177794738 
0.31465732866433216 0.2918686162710314 
0.31515757878939465 0.2962170565396128 
0.3156578289144572 0.3006254999613276 
0.31615807903951976 0.30509460953377765 
0.31665832916458225 0.30962504973252336 
0.3171585792896448 0.31421748636372976 
0.31765882941470736 0.31887258641300725 
0.31815907953976985 0.3235910178904709 
0.3186593296648324 0.32837344967201376 
0.3191595797898949 0.33322055133684986 
0.31965982991495745 0.33813299300131594 
0.32016008004002 0.3431114451490023 
0.3206603301650825 0.34815657845721804 
0.32116058029014505 0.35326906361985044 
0.3216608304152076 0.35844957116665405 
0.3221610805402701 0.3636987712790267 
0.32266133066533265 0.3690173336023253 
0.3231615807903952 0.37440592705477627 
0.3236618309154577 0.37986521963305436 
0.32416208104052024 0.38539587821458815 
0.32466233116558274 0.39099856835668634 
0.3251625812906453 0.39667395409253015 
0.32566283141570784 0.402422697724156 
0.32616308154077034 0.408245459612484 
0.3266633316658329 0.41414289796450426 
0.32716358179089544 0.42011566861771915 
0.32766383191595794 0.4261644248219221 
0.3281640820410205 0.43228981701846203 
0.32866433216608304 0.4384924926170611 
0.32916458229114554 0.4447730957703337 
0.3296648324162081 0.45113226714611127 
0.33016508254127064 0.45757064369771233 
0.33066533266633313 0.4640888584322692 
0.3311655827913957 0.4706875401772653 
0.3316658329164582 0.4773673133454085 
0.33216608304152073 0.48412879769797884 
0.3326663331665833 0.490972608106827 
0.3331665832916458 0.49789935431511806 
0.33366683341670833 0.5049096406970325 
0.3341670835417709 0.5120040660165501 
0.3346673336668334 0.5191832231854653 
0.33516758379189593 0.5264476990208312 
0.3356678339169585 0.5337980740019829 
0.336168084042021 0.5412349220272886 
0.3366683341670835 0.5487588101708278 
0.337168584292146 0.5563702984391716 
0.3376688344172086 0.5640699395284052 
0.3381690845422711 0.5718582785816156 
0.3386693346673336 0.5797358529469873 
0.3391695847923962 0.5877031919367158 
0.3396698349174587 0.5957608165868956 
0.3401700850425212 0.6039092394185827 
0.34067033516758377 0.6121489642002051 
0.3411705852926463 0.6204804857115178 
0.3416708354177088 0.6289042895092688 
0.34217108554277137 0.6374208516947744 
0.34267133566783387 0.6460306386835865 
0.3431715857928964 0.6547341069774248 
0.34367183591795897 0.663531702938567 
0.34417208604302146 0.6724238625668768 
0.344672336168084 0.6814110112796427 
0.34517258629314657 0.690493563694418 
0.34567283641820906 0.6996719234150167 
0.3461730865432716 0.708946482820871 
0.34667333666833416 0.7183176228598931 
0.34717358679339666 0.7277857128450197 
0.3476738369184592 0.7373511102546129 
0.34817408704352176 0.7470141605368763 
0.34867433716858426 0.7567751969184224 
0.3491745872936468 0.766634540217192 
0.3496748374187093 0.7765924986598277 
0.35017508754377186 0.7866493677036848 
0.3506753376688344 0.7968054298636005 
0.3511755877938969 0.8070609545435578 
0.35167583791895946 0.8174161978734005 
0.352176088044022 0.8278714025506894 
0.3526763381690845 0.8384267976878472 
0.35317658829414705 0.8490825986646965 
0.3536768384192096 0.8598390069865094 
0.3541770885442721 0.8706962101476439 
0.35467733866933465 0.8816543815009162 
0.35517758879439715 0.892713680132737 
0.3556778389194597 0.9038742507441336 
0.35617808904452225 0.9151362235377436 
0.35667833916958475 0.9264997141107959 
0.3571785892946473 0.937964823354211 
0.35767883941970985 0.9495316373578159 
0.35817908954477234 0.9612002273217591 
0.3586793396698349 0.9729706494741404 
0.35917958979489745 0.984842944994919 
0.35967983991995994 0.9968171399460728 
0.3601800900450225 1.0088932452080868 
0.360680340170085 1.0210712564227333 
0.36118059029514754 1.0333511539421585 
0.3616808404202101 1.0457329027842857 
0.3621810905452726 1.0582164525944802 
0.36268134067033514 1.070801737613502 
0.3631815907953977 1.0834886766516723 
0.3636818409204602 1.0962771730692409 
0.36418209104552274 1.109167114762893 
0.3646823411705853 1.1221583741583594 
0.3651825912956478 1.1352508082090338 
0.36568284142071034 1.1484442584005632 
0.3661830915457729 1.1617385507613263 
0.3666833416708354 1.1751334958786626 
0.36718359179589793 1.1886288889208672 
0.36768384192096043 1.2022245096647222 
0.368184092046023 1.2159201225285619 
0.36868434217108553 1.2297154766106968 
0.36918459229614803 1.2436103057331012 
0.3696848424212106 1.2576043284902134 
0.37018509254627313 1.2716972483027533 
0.3706853426713356 1.2858887534763677 
0.3711855927963982 1.300178517264979 
0.37168584292146073 1.314566197938707 
0.3721860930465232 1.3290514388561427 
0.3726863431715858 1.3436338685408888 
0.3731865932966483 1.358313100762118 
0.3736868434217108 1.3730887346190317 
0.3741870935467734 1.3879603546290125 
0.37468734367183587 1.40292753081929 
0.3751875937968984 1.4179898188219326 
0.375687843921961 1.4331467599719803 
0.37618809404702347 1.4483978814084977 
0.376688344172086 1.4637426961783735 
0.37718859429714857 1.4791807033426652 
0.37768884442221107 1.4947113880852445 
0.3781890945472736 1.5103342218235885 
0.3786893446723361 1.5260486623214693 
0.37918959479739867 1.5418541538033295 
0.3796898449224612 1.5577501270701748 
0.3801900950475237 1.5737359996166957 
0.38069034517258626 1.5898111757494686 
0.3811905952976488 1.605975046705991 
0.3816908454227113 1.6222269907743203 
0.38219109554777386 1.6385663734131386 
0.3826913456728364 1.6549925473720026 
0.3831915957978989 1.6715048528115501 
0.38369184592296146 1.6881026174234899 
0.38419209604802396 1.7047851565501295 
0.3846923461730865 1.7215517733032382 
0.38519259629814906 1.7384017586820546 
0.38569284642321155 1.7553343916902 
0.3861930965482741 1.77234893945134 
0.38669334667333666 1.7894446573233476 
0.38719359679839915 1.8066207890108084 
0.3876938469234617 1.823876566675661 
0.38819409704852426 1.8412112110457923 
0.38869434717358675 1.858623931521384 
0.3891945972986493 1.8761139262788724 
0.38969484742371185 1.8936803823723172 
0.39019509754877435 1.911322475832002 
0.3906953476738369 1.9290393717601706 
0.3911955977988994 1.9468302244236455 
0.39169584792396195 1.9646941773432673 
0.3921960980490245 1.9826303633799767 
0.392696348174087 2.0006379048173923 
0.39319659829914955 2.018715913440779 
0.3936968484242121 2.036863490612296 
0.3941970985492746 2.055079727342354 
0.39469734867433715 2.073363704357071 
0.3951975987993997 2.091714492161646 
0.3956978489244622 2.1101311510996017 
0.39619809904952474 2.1286127314078227 
0.39669834917458724 2.1471582732673022 
0.3971985992996498 2.165766806849546 
0.39769884942471234 2.1844373523585814 
0.39819909954977484 2.203168920068524 
0.3986993496748374 2.22196051035668 
0.39919959979989994 2.2408111137321605 
0.39969984992496244 2.2597197108599674 
0.400200100050025 2.2786852725806 
0.40070035017508754 2.2977067599251435 
0.40120060030015003 2.316783124125878 
0.4017008504252126 2.335913306622426 
0.4022011005502751 2.355096239063498 
0.40270135067533763 2.374330843304242 
0.4032016008004002 2.3936160313993127 
0.4037018509254627 2.4129507055916646 
0.40420210105052523 2.4323337582972004 
0.4047023511755878 2.451764072085359 
0.4052026013006503 2.4712405196556837 
0.40570285142571283 2.4907619638105674 
0.4062031015507754 2.510327257424242 
0.4067033516758379 2.529935243408133 
0.4072036018009004 2.5495847546727557 
0.407703851925963 2.569274614086292 
0.4082041020510255 2.5890036344299685 
0.408704352176088 2.608770618350481 
0.4092046023011505 2.6285743583095402 
0.4097048524262131 2.648413636530846 
0.4102051025512756 2.668287224944575 
0.4107053526763381 2.6881938851296554 
0.41120560280140067 2.7081323682540144 
0.4117058529264632 2.7281014150130414 
0.4122061030515257 2.7480997555664417 
0.41270635317658827 2.768126109473803 
0.4132066033016508 2.788179185629038 
0.4137068534267133 2.8082576821939975 
0.41420710355177587 2.8283602865314936 
0.41470735367683836 2.8484856751380225 
0.4152076038019009 2.868632513576409 
0.41570785392696347 2.8887994564086994 
0.41620810405202596 2.9089851471295436 
0.4167083541770885 2.929188218100376 
0.41720860430215106 2.9494072904846735 
0.41770885442721356 2.9696409741845806 
0.4182091045522761 2.989887867779202 
0.41870935467733866 3.0101465584648777 
0.41920960480240116 3.030415621997704 
0.4197098549274637 3.0506936226386396 
0.4202101050525262 3.0709791131015045 
0.42071035517758876 3.0912706345041325 
0.4212106053026513 3.1115667163230505 
0.4217108554277138 3.1318658763519323 
0.42221110555277636 3.152166620664169 
0.4227113556778389 3.172467443579869 
0.4232116058029014 3.1927668276375516 
0.42371185592796395 3.2130632435708684 
0.4242121060530265 3.2333551502906683 
0.424712356178089 3.253640994872659 
0.42521260630315155 3.2739192125509837 
0.4257128564282141 3.29418822671803 
0.4262131065532766 3.3144464489306844 
0.42671335667833915 3.3346922789234137 
0.42721360680340165 3.354924104628346 
0.4277138569284642 3.375140302202697 
0.42821410705352675 3.395339236063784 
0.42871435717858924 3.4155192589318393 
0.4292146073036518 3.4356787118809584 
0.42971485742871435 3.455815924398357 
0.43021510755377684 3.475929214452177 
0.4307153576788394 3.4960168885680982 
0.43121560780390195 3.516077241914956 
0.43171585792896444 3.536108558399541 
0.432216108054027 3.5561091107708376 
0.4327163581790895 3.576077160733821 
0.43321660830415204 3.5960109590730385 
0.4337168584292146 3.615908745786125 
0.4342171085542771 3.6357687502273603 
0.43471735867933964 3.6555891912615035 
0.4352176088044022 3.6753682774279453 
0.4357178589294647 3.6951042071153166 
0.43621810905452724 3.7147951687466945 
0.4367183591795898 3.734439340975452 
0.4372186093046523 3.75403489289185 
0.43771885942971483 3.773579984240425 
0.43821910955477733 3.7930727656482386 
0.4387193596798399 3.8125113788640084 
0.43921960980490243 3.8318939570081527 
0.43971985992996493 3.851218624833754 
0.4402201100550275 3.8704834989984356 
0.44072036018009003 3.889686688347145 
0.4412206103051525 3.9088262942057774 
0.4417208604302151 3.9279004106856235 
0.44222111055527763 3.946907124998579 
0.4427213606803401 3.965844517782994 
0.4432216108054027 3.984710663440135 
0.44372186093046523 4.003503630481109 
0.4442221110555277 4.022221481884126 
0.4447223611805903 4.040862275462019 
0.44522261130565277 4.059424064239794 
0.4457228614307153 4.0779048968421066 
0.4462231115557779 4.096302817890494 
0.44672336168084037 4.11461586841009 
0.4472236118059029 4.132842086245751 
0.44772386193096547 4.150979506487248 
0.44822411205602797 4.16902616190337 
0.4487243621810905 4.186980083384692 
0.44922461230615307 4.20483930039472 
0.44972486243121557 4.222601841429173 
0.4502251125562781 4.240265734483112 
0.4507253626813406 4.257829007525626 
0.45122561280640316 4.275289688981796 
0.4517258629314657 4.29264580822158 
0.4522261130565282 4.3098953960553334 
0.45272636318159076 4.327036485235633 
0.4532266133066533 4.344067110965025 
0.4537268634317158 4.360985311409398 
0.45422711355677836 4.377789128216588 
0.4547273636818409 4.394476607039841 
0.4552276138069034 4.411045798065795 
0.45572786393196596 4.427494756546543 
0.45622811405702846 4.443821543335464 
0.456728364182091 4.4600242254263405 
0.45722861430715356 4.476100876495419 
0.45772886443221605 4.4920495774459885 
0.4582291145572786 4.507868416955062 
0.45872936468234116 4.523555492021766 
0.45922961480740365 4.539108908516967 
0.4597298649324662 4.554526781733778 
0.46023011505752875 4.569807236938491 
0.46073036518259125 4.58494840992148 
0.4612306153076538 4.5999484475476855 
0.4617308654327163 4.61480550830626 
0.46223111555777885 4.629517762858883 
0.4627313656828414 4.6440833945864 
0.4632316158079039 4.658500600133262 
0.46373186593296645 4.672767589949444 
0.464232116058029 4.686882588829328 
0.4647323661830915 4.700843836447164 
0.46523261630815405 4.714649587888706 
0.4657328664332166 4.72829811417857 
0.4662331165582791 4.741787702802928 
0.46673336668334164 4.755116658227113 
0.4672336168084042 4.76828330240776 
0.4677338669334667 4.781285975299038 
0.46823411705852924 4.794123035352654 
0.46873436718359174 4.806792860011143 
0.4692346173086543 4.819293846194178 
0.46973486743371684 4.831624410777473 
0.47023511755877934 4.843782991063872 
0.4707353676838419 4.855768045246384 
0.47123561780890444 4.867578052862727 
0.47173586793396693 4.879211515241077 
0.4722361180590295 4.890666955936691 
0.47273636818409204 4.901942921159119 
0.47323661830915453 4.913037980189642 
0.4737368684342171 4.923950725788702 
0.4742371185592796 4.934679774592994 
0.47473736868434213 4.945223767501992 
0.4752376188094047 4.955581370053621 
0.4757378689344672 4.965751272788814 
0.47623811905952973 4.975732191604767 
0.4767383691845923 4.985522868096649 
0.4772386193096548 4.99512206988752 
0.47773886943471733 5.004528590946323 
0.4782391195597799 5.013741251893732 
0.4787393696848424 5.022758900295694 
0.4792396198099049 5.031580410944502 
0.4797398699349674 5.040204686127289 
0.48024012006003 5.048630655881763 
0.4807403701850925 5.056857278239136 
0.481240620310155 5.064883539454064 
0.48174087043521757 5.0727084542216225 
0.4822411205602801 5.080331065881138 
0.4827413706853426 5.087750446606886 
0.48324162081040517 5.094965697585607 
0.4837418709354677 5.101975949180785 
0.4842421210605302 5.1087803610837055 
0.48474237118559277 5.115378122451267 
0.4852426213106553 5.121768452030618 
0.4857428714357178 5.127950598270547 
0.48624312156078037 5.1339238394197855 
0.48674337168584286 5.139687483612193 
0.4872436218109054 5.145240868938953 
0.48774387193596797 5.150583363507816 
0.48824412206103046 5.155714365489534 
0.488744372186093 5.160633303151575 
0.48924462231115556 5.165339634879221 
0.48974487243621806 5.169832849184239 
0.4902451225612806 5.174112464701227 
0.49074537268634316 5.178178030171819 
0.49124562281140566 5.182029124416905 
0.4917458729364682 5.185665356297082 
0.4922461230615307 5.189086364661506 
0.49274637318659326 5.192291818285349 
0.4932466233116558 5.195281415796099 
0.4937468734367183 5.198054885588916 
0.49424712356178085 5.20061198573129 
0.4947473736868434 5.202952503857235 
0.4952476238119059 5.2050762570512745 
0.49574787393696845 5.2069830917225275 
0.496248124062031 5.208672883469072 
0.4967483741870935 5.210145536932981 
0.49724862431215605 5.211400985646225 
0.49774887443721855 5.2124391918677695 
0.4982491245622811 5.213260146412197 
0.49874937468734365 5.213863868470102 
0.49924962481240615 5.214250405420602 
0.4997498749374687 5.2144198326362945 
0.5002501250625312 5.214372253280936 
0.5007503751875938 5.214107798100219 
0.5012506253126563 5.213626625205912 
0.5017508754377188 5.21292891985377 
0.5022511255627814 5.212014894215476 
0.5027513756878439 5.210884787144965 
0.5032516258129064 5.209538863939522 
0.503751875937969 5.207977416095894 
0.5042521260630315 5.206200761061825 
0.504752376188094 5.2042092419833335 
0.5052526263131566 5.202003227448033 
0.5057528764382191 5.199583111224871 
0.5062531265632816 5.196949312000613 
0.5067533766883441 5.194102273113351 
0.5072536268134067 5.191042462283444 
0.5077538769384692 5.1877703713421335 
0.5082541270635317 5.184286515958211 
0.5087543771885943 5.180591435363021 
0.5092546273136568 5.176685692074115 
0.5097548774387193 5.172569871617875 
0.5102551275637819 5.168244582251371 
0.5107553776888444 5.163710454683818 
0.5112556278139069 5.158968141797809 
0.5117558779389695 5.154018318370713 
0.512256128064032 5.148861680796444 
0.5127563781890945 5.143498946807883 
0.5132566283141571 5.137930855200225 
0.5137568784392196 5.132158165555486 
0.5142571285642821 5.1261816579683925 
0.5147573786893447 5.120002132773929 
0.5152576288144072 5.11362041027674 
0.5157578789394697 5.10703733048257 
0.5162581290645323 5.100253752832023 
0.5167583791895948 5.0932705559367495 
0.5172586293146573 5.086088637318293 
0.5177588794397199 5.078708913149781 
0.5182591295647824 5.0711323180005365 
0.5187593796898449 5.063359804583914 
0.5192596298149074 5.055392343508341 
0.51975987993997 5.047230923031784 
0.5202601300650325 5.0388765488197595 
0.520760380190095 5.0303302437069535 
0.5212606303151576 5.021593047462589 
0.5217608804402201 5.012666016559587 
0.5222611305652826 5.003550223947649 
0.5227613806903452 4.994246758830271 
0.5232616308154077 4.984756726445747 
0.5237618809404702 4.975081247852272 
0.5242621310655328 4.965221459717069 
0.5247623811905953 4.955178514109631 
0.5252626313156578 4.944953578299085 
0.5257628814407204 4.934547834555627 
0.5262631315657829 4.923962479956062 
0.5267633816908454 4.913198726193425 
0.527263631815908 4.902257799390603 
0.5277638819409705 4.891140939917964 
0.528264132066033 4.8798494022149335 
0.5287643821910956 4.868384454615414 
0.5292646323161581 4.856747379177029 
0.5297648824412206 4.844939471514088 
0.530265132566283 4.832962040634166 
0.5307653826913457 4.820816408778216 
0.5312656328164082 4.808503911264124 
0.5317658829414706 4.796025896333568 
0.5322661330665333 4.7833837250020395 
0.5327663831915957 4.770578770911968 
0.5332666333166582 4.7576124201887255 
0.5337668834417209 4.7444860712994545 
0.5342671335667833 4.731201134914483 
0.5347673836918458 4.7177590337712525 
0.5352676338169085 4.7041612025405515 
0.535767883941971 4.690409087694883 
0.5362681340670334 4.676504147378857 
0.536768384192096 4.6624478512813505 
0.5372686343171585 4.648241680509314 
0.537768884442221 4.633887127463062 
0.5382691345672836 4.6193856957127615 
0.5387693846923461 4.604738899876061 
0.5392696348174086 4.589948265496617 
0.5397698849424712 4.575015328923257 
0.5402701350675337 4.559941637189717 
0.5407703851925962 4.544728747894693 
0.5412706353176588 4.529378229081973 
0.5417708854427213 4.513891659120552 
0.5422711355677838 4.498270626584461 
0.5427713856928463 4.482516730132144 
0.5432716358179089 4.4666315783852095 
0.5437718859429714 4.450616789806315 
0.5442721360680339 4.434473992576082 
0.5447723861930965 4.418204824468752 
0.545272636318159 4.401810932726475 
0.5457728864432215 4.3852939739320655 
0.5462731365682841 4.36865561387993 
0.5467733866933466 4.351897527445153 
0.5472736368184091 4.335021398450469 
0.5477738869434717 4.318028919530966 
0.5482741370685342 4.3009217919963705 
0.5487743871935967 4.283701725690819 
0.5492746373186593 4.266370438849843 
0.5497748874437218 4.248929657954511 
0.5502751375687843 4.231381117582586 
0.5507753876938469 4.213726560256532 
0.5512756378189094 4.195967736288227 
0.5517758879439719 4.178106403620336 
0.5522761380690345 4.160144327664154 
0.552776388194097 4.142083281133828 
0.5532766383191595 4.12392504387692 
0.5537768884442221 4.1056714027010806 
0.5542771385692846 4.087324151196931 
0.5547773886943471 4.068885089556864 
0.5552776388194096 4.05035602438991 
0.5557778889444722 4.031738768532397 
0.5562781390695347 4.01303514085451 
0.5567783891945972 3.994246966062621 
0.5572786393196598 3.975376074497323 
0.5577788894447223 3.9564243019272216 
0.5582791395697848 3.937393489338394 
0.5587793896948474 3.9182854827194884 
0.5592796398199099 3.8991021328424957 
0.5597798899449724 3.8798452950391913 
0.560280140070035 3.860516828973177 
0.5607803901950975 3.841118598407638 
0.56128064032016 3.821652470968785 
0.5617808904452226 3.8021203179049605 
0.5622811405702851 3.7825240138415634 
0.5627813906953476 3.7628654365317225 
0.5632816408204102 3.743146466602823 
0.5637818909454727 3.723368987298927 
0.5642821410705352 3.703534884219187 
0.5647823911955978 3.683646045052241 
0.5652826413206603 3.6637043593067613 
0.5657828914457228 3.6437117180381997 
0.5662831415707853 3.6236700135717816 
0.5667833916958479 3.603581139221922 
0.5672836418209104 3.5834469890081158 
0.5677838919459729 3.5632694573674226 
0.5682841420710355 3.5430504388636463 
0.568784392196098 3.5227918278933625 
0.5692846423211605 3.50249551838892 
0.5697848924462231 3.4821634035184506 
0.5702851425712856 3.4617973753831826 
0.5707853926963481 3.44139932471208 
0.5712856428214107 3.4209711405539456 
0.5717858929464732 3.4005147099672333 
0.5722861430715357 3.380031917707619 
0.5727863931965983 3.359524645913539 
0.5732866433216608 3.3389947737898273 
0.5737868934467233 3.3184441772896616 
0.5742871435717859 3.2978747287948837 
0.5747873936968484 3.2772882967949717 
0.5752876438219109 3.256686745564783 
0.5757878939469735 3.236071934841183 
0.576288144072036 3.2154457194988475 
0.5767883941970985 3.194809949225321 
0.5772886443221611 3.1741664681955286 
0.5777888944472236 3.1535171147459318 
0.5782891445722861 3.1328637210484924 
0.5787893946973486 3.112208112784631 
0.5792896448224112 3.0915521088193167 
0.5797898949474737 3.0708975208755334 
0.5802901450725362 3.050246153209244 
0.5807903951975988 3.0295998022850257 
0.5812906453226613 3.008960256452597 
0.5817908954477238 2.988329295624385 
0.5822911455727864 2.967708690954261 
0.5827913956978489 2.9471002045176853 
0.5832916458229114 2.926505588993427 
0.583791895947974 2.9059265873469298 
0.5842921460730365 2.885364932515618 
0.584792396198099 2.86482234709623 
0.5852926463231616 2.844300543034327 
0.5857928964482241 2.8238012213162005 
0.5862931465732866 2.8033260716632835 
0.5867933966983492 2.7828767722292067 
0.5872936468234117 2.7624549892996906 
0.5877938969484742 2.742062376995409 
0.5882941470735368 2.7217005769779234 
0.5887943971985993 2.701371218158873 
0.5892946473236618 2.6810759164125737 
0.5897948974487243 2.660816274292054 
0.5902951475737869 2.640593880748796 
0.5907953976988494 2.6204103108561854 
0.5912956478239119 2.600267125536892 
0.5917958979489745 2.580165871294171 
0.592296148074037 2.5601080799473372 
0.5927963981990995 2.540095268371431 
0.5932966483241621 2.5201289382411813 
0.5937968984492246 2.5002105757794095 
0.5942971485742871 2.48034165150994 
0.5947973986993497 2.460523620015106 
0.5952976488244122 2.440757919697938 
0.5957978989494747 2.4210459725491664 
0.5962981490745373 2.401389183919006 
0.5967983991995998 2.381788942293922 
0.5972986493246623 2.3622466190783835 
0.5977988994497249 2.342763568381652 
0.5982991495747874 2.3233411268097184 
0.5987993996998499 2.3039806132624214 
0.5992996498249125 2.284683328735799 
0.599799899949975 2.265450556129721 
0.6003001500750375 2.2462835600608972 
0.6008004002001001 2.2271835866812064 
0.6013006503251626 2.2081518635014916 
0.601800900450225 2.18918959922082 
0.6023011505752875 2.1702979835611806 
0.6028014007003502 2.1514781871077693 
0.6033016508254126 2.132731361154778 
0.6038019009504751 2.1140586375568065 
0.6043021510755378 2.095461128585795 
0.6048024012006002 2.076939926793664 
0.6053026513256627 2.0584961048805233 
0.6058029014507254 2.04013071556854 
0.6063031515757878 2.0218447914814903 
0.6068034017008503 2.003639345029959 
0.607303651825913 1.9855153683022064 
0.6078039019509754 1.9674738329607386 
0.6083041520760379 1.949515690144569 
0.6088044022011005 1.9316418703771274 
0.609304652326163 1.9138532834799042 
0.6098049024512255 1.8961508184917681 
0.6103051525762881 1.8785353435939471 
0.6108054027013506 1.8610077060407342 
0.6113056528264131 1.8435687320958478 
0.6118059029514757 1.8262192269744697 
0.6123061530765382 1.8089599747909477 
0.6128064032016007 1.791791738512197 
0.6133066533266633 1.774715259916698 
0.6138069034517258 1.7577312595591945 
0.6143071535767883 1.7408404367410066 
0.6148074037018508 1.7240434694860025 
0.6153076538269134 1.7073410145221537 
0.6158079039519759 1.6907337072687425 
0.6163081540770384 1.674222161829183 
0.616808404202101 1.657806970989398 
0.6173086543271635 1.6414887062218335 
0.617808904452226 1.6252679176950557 
0.6183091545772886 1.609145134288872 
0.6188094047023511 1.5931208636150844 
0.6193096548274136 1.5771955920437808 
0.6198099049524762 1.5613697847351544 
0.6203101550775387 1.545643885676903 
0.6208104052026012 1.5300183177271691 
0.6213106553276638 1.5144934826629792 
0.6218109054527263 1.4990697612342447 
0.6223111555777888 1.4837475132232836 
0.6228114057028514 1.4685270775098296 
0.6233116558279139 1.4534087721415803 
0.6238119059529764 1.4383928944102526 
0.624312156078039 1.423479720933114 
0.6248124062031015 1.4086695077400375 
0.625312656328164 1.3939624903660313 
0.6258129064532265 1.3793588839492605 
0.6263131565782891 1.3648588833345527 
0.6268134067033516 1.350462663182373 
0.6273136568284141 1.3361703780832819 
0.6278139069534767 1.3219821626778454 
0.6283141570785392 1.3078981317819993 
0.6288144072036017 1.2939183805178986 
0.6293146573286643 1.2800429844501686 
0.6298149074537268 1.2662719997276073 
0.6303151575787893 1.2526054632303414 
0.6308154077038519 1.2390433927223425 
0.6313156578289144 1.225585787009402 
0.6318159079539769 1.2122326261024752 
0.6323161580790395 1.1989838713863874 
0.632816408204102 1.1858394657939313 
0.6333166583291645 1.1727993339852982 
0.6338169084542271 1.1598633825328182 
0.6343171585792896 1.1470315001110198 
0.6348174087043521 1.1343035576919844 
0.6353176588294147 1.121679408745909 
0.6358179089544772 1.1091588894469473 
0.6363181590795397 1.0967418188842164 
0.6368184092046023 1.0844279992779673 
0.6373186593296648 1.0722172162008905 
0.6378189094547273 1.0601092388045077 
0.6383191595797898 1.048103820050608 
0.6388194097048524 1.0362006969476716 
0.6393196598299149 1.0243995907922532 
0.6398199099549774 1.012700207415274 
0.64032016008004 1.0011022374331355 
0.6408204102051025 0.9896053565036194 
0.641320660330165 0.9782092255865192 
0.6418209104552276 0.9669134912089101 
0.6423211605802901 0.9557177857349867 
0.6428214107053526 0.9446217276404437 
0.6433216608304152 0.9336249217912215 
0.6438219109554777 0.9227269597266341 
0.6443221610805402 0.9119274199467337 
0.6448224112056028 0.9012258682038123 
0.6453226613306653 0.8906218577979853 
0.6458229114557278 0.8801149298767087 
0.6463231615807904 0.869704613738156 
0.6468234117058529 0.8593904271383047 
0.6473236618309154 0.8491718766016844 
0.647823911955978 0.8390484577355509 
0.6483241620810405 0.829019655547485 
0.648824412206103 0.8190849447662099 
0.6493246623311655 0.8092437901654768 
0.6498249124562281 0.7994956468909448 
0.6503251625812906 0.7898399607898478 
0.6508254127063531 0.780276168743333 
0.6513256628314157 0.7708036990012751 
0.6518259129564782 0.7614219715194634 
0.6523261630815407 0.7521303982989431 
0.6528264132066033 0.7429283837273551 
0.6533266633316658 0.7338153249221299 
0.6538269134567283 0.7247906120753067 
0.6543271635817909 0.7158536287998303 
0.6548274137068534 0.7070037524771174 
0.6553276638319159 0.6982403546057293 
0.6558279139569785 0.6895628011508941 
0.656328164082041 0.6809704528947638 
0.6568284142071035 0.6724626657871244 
0.6573286643321661 0.6640387912963882 
0.6578289144572286 0.6556981767606609 
0.6583291645822911 0.6474401657386548 
0.6588294147073537 0.6392640983602352 
0.6593296648324162 0.6311693116763691 
0.6598299149574787 0.623155140008293 
0.6603301650825413 0.6152209152956105 
0.6608304152076038 0.607365967443137 
0.6613306653326663 0.5995896246662639 
0.6618309154577288 0.5918912138345749 
0.6623311655827914 0.584270060813508 
0.6628314157078539 0.5767254908038217 
0.6633316658329164 0.5692568286786398 
0.663831915957979 0.561863399317799 
0.6643321660830415 0.5545445279393 
0.664832416208104 0.5472995404276385 
0.6653326663331666 0.5401277636586944 
0.6658329164582291 0.5330285258210481 
0.6663331665832916 0.5260011567334135 
0.6668334167083542 0.519044988157965 
0.6673336668334167 0.512159354109343 
0.6678339169584792 0.5053435911590868 
0.6683341670835418 0.4985970387352573 
0.6688344172086043 0.4919190394170248 
0.6693346673336668 0.485308939224012 
0.6698349174587294 0.47876608790011094 
0.6703351675837919 0.4722898391916309 
0.6708354177088544 0.4658795511194793 
0.671335667833917 0.4595345862451963 
0.6718359179589795 0.45325431193064414 
0.672336168084042 0.4470381005911062 
0.6728364182091046 0.44088532994160756 
0.673336668334167 0.4347953832362694 
0.6738369184592296 0.4287676495004884 
0.674337168584292 0.4228015237557425 
0.6748374187093547 0.4168964072368686 
0.6753376688344171 0.4110517076015995 
0.6758379189594796 0.40526683913222283 
0.6763381690845423 0.39954122292915856 
0.6768384192096047 0.393874287096333 
0.6773386693346672 0.38826546691818536 
0.6778389194597298 0.38271420502813464 
0.6783391695847923 0.37721995156842164 
0.6788394197098548 0.37178216434116723 
0.6793396698349174 0.366400308950513 
0.6798399199599799 0.3610738589357623 
0.6803401700850424 0.3558022958954143 
0.680840420210105 0.35058510960196493 
0.6813406703351675 0.34542179810742923 
0.68184092046023 0.34031186783948664 
0.6823411705852926 0.33525483368817943 
0.6828414207103551 0.33025021908312113 
0.6833416708354176 0.3252975560611719 
0.6838419209604802 0.32039638532449066 
0.6843421710855427 0.31554625628903293 
0.6848424212106052 0.3107467271233766 
0.6853426713356677 0.3059973647779359 
0.6858429214607303 0.3012977450045332 
0.6863431715857928 0.2966474523663677 
0.6868434217108553 0.2920460802383761 
0.6873436718359179 0.28749323079804207 
0.6878439219609804 0.28298851500670563 
0.6883441720860429 0.2785315525813904 
0.6888444222111055 0.27412197195728016 
0.689344672336168 0.2697594102408544 
0.6898449224612305 0.26544351315382314 
0.6903451725862931 0.2611739349679366 
0.6908454227113556 0.25695033843077825 
0.6913456728364181 0.25277239468268736 
0.6918459229614807 0.24863978316489788 
0.6923461730865432 0.2445521915190873 
0.6928464232116057 0.2405093154784495 
0.6933466733366683 0.23651085875046274 
0.6938469234617308 0.232556532891542 
0.6943471735867933 0.22864605717373437 
0.6948474237118559 0.2247791584436613 
0.6953476738369184 0.22095557097391144 
0.6958479239619809 0.21717503630709223 
0.6963481740870435 0.21343730309274128 
0.696848424212106 0.20974212691737312 
0.6973486743371685 0.20608927012783101 
0.697848924462231 0.20247850164825743 
0.6983491745872936 0.19890959679088008 
0.6988494247123561 0.19538233706091057 
0.6993496748374186 0.19189650995580723 
0.6998499249624812 0.18845190875916681 
0.7003501750875437 0.1850483323295626 
0.7008504252126062 0.18168558488456896 
0.7013506753376688 0.1783634757803028 
0.7018509254627313 0.17508181928675592 
0.7023511755877938 0.17184043435924 
0.7028514257128564 0.16863914440624395 
0.7033516758379189 0.16547777705400055 
0.7038519259629814 0.1623561639081227 
0.704352176088044 0.15927414031256848 
0.7048524262131065 0.1562315451063076 
0.705352676338169 0.15322822037799091 
0.7058529264632316 0.1502640112189556 
0.7063531765882941 0.14733876547487154 
0.7068534267133566 0.144452333496418 
0.7073536768384192 0.1416045678892377 
0.7078539269634817 0.13879532326356603 
0.7083541770885442 0.1360244559838368 
0.7088544272136067 0.13329182391857852 
0.7093546773386693 0.13059728619097255 
0.7098549274637318 0.12794070293033713 
0.7103551775887943 0.1253219350249292 
0.7108554277138569 0.12274084387631988 
0.7113556778389194 0.1201972911556949 
0.7118559279639819 0.11769113856240788 
0.7123561780890445 0.11522224758503515 
0.712856428214107 0.11279047926532199 
0.7133566783391695 0.11039569396523347 
0.7138569284642321 0.10803775113746066 
0.7143571785892946 0.10571650909965746 
0.7148574287143571 0.10343182481267305 
0.7153576788394197 0.1011835536630693 
0.7158579289644822 0.09897154925018435 
0.7163581790895447 0.09679566317801713 
0.7168584292146073 0.0946557448521508 
0.7173586793396698 0.09255164128199844 
0.7178589294647323 0.09048319688858061 
0.7183591795897949 0.08845025331806279 
0.7188594297148574 0.08645264926127949 
0.7193596798399199 0.08449022027945174 
0.7198599299649825 0.08256279863627566 
0.720360180090045 0.08067021313659649 
0.7208604302151075 0.07881228897182524 
0.72136068034017 0.07698884757227431 
0.7218609304652326 0.07519970646656295 
0.7223611805902951 0.07344467914822948 
0.7228614307153576 0.07172357494971059 
0.7233616808404202 0.07003619892376843 
0.7238619309654827 0.06838235173251571 
0.7243621810905452 0.06676182954410641 
0.7248624312156078 0.06517442393719844 
0.7253626813406703 0.06361992181326258 
0.7258629314657328 0.06209810531678735 
0.7263631815907954 0.06060875176343977 
0.7268634317158579 0.05915163357623941 
0.7273636818409204 0.05772651822973199 
0.727863931965983 0.056333168202222755 
0.7283641820910455 0.05497134093605421 
0.728864432216108 0.05364078880591167 
0.7293646823411706 0.05234125909515673 
0.7298649324662331 0.0510724939801503 
0.7303651825912956 0.04983423052252865 
0.7308654327163582 0.04862620066935764 
0.7313656828414207 0.04744813126114984 
0.7318659329664832 0.04629974404760115 
0.7323661830915458 0.04518075571104074 
0.7328664332166083 0.044090877897423816 
0.7333666833416708 0.043029817254823445 
0.7338669334667333 0.04199727547925828 
0.7343671835917959 0.04099294936775937 
0.7348674337168584 0.04001653087854692 
0.7353676838419209 0.03906770719813095 
0.7358679339669835 0.03814616081523696 
0.736368184092046 0.037251569601367385 
0.7368684342171085 0.03638360689782334 
0.7373686843421711 0.03554194160903106 
0.7378689344672336 0.03472623830197342 
0.7383691845922961 0.033936157311542564 
0.7388694347173587 0.03317135485161477 
0.7393696848424212 0.032431483131641854 
0.7398699349674837 0.03171619047854496 
0.7403701850925463 0.031025121463707398 
0.7408704352176088 0.030357917034842752 
0.7413706853426713 0.02971421465249182 
0.7418709354677339 0.029093648430962366 
0.7423711855927964 0.028495849283426307 
0.7428714357178589 0.02792044507098663 
0.7433716858429215 0.02736706075543676 
0.743871935967984 0.026835318555505524 
0.7443721860930465 0.026324838106292787 
0.744872436218109 0.02583523662171077 
0.7453726863431716 0.02536612905964205 
0.745872936468234 0.024917128289578885 
0.7463731865932965 0.024487845262499433 
0.7468734367183592 0.02407788918270973 
0.7473736868434216 0.02368686768145685 
0.7478739369684841 0.023314386991992668 
0.7483741870935467 0.02296005212591103 
0.7488744372186092 0.022623467050465758 
0.7493746873436717 0.022304234866647146 
0.7498749374687343 0.022001957987778674 
0.7503751875937968 0.021716238318391982 
0.7508754377188593 0.02144667743315125 
0.751375687843922 0.021192876755578214 
0.7518759379689844 0.020954437736372955 
0.7523761880940469 0.020730962031103854 
0.7528764382191095 0.020522051677037582 
0.753376688344172 0.020327309268903842 
0.7538769384692345 0.020146338133382857 
0.7543771885942971 0.01997874250212708 
0.7548774387193596 0.019824127683079854 
0.7553776888444221 0.01968210022997253 
0.7558779389694847 0.01955226810971391 
0.7563781890945472 0.019434240867609823 
0.7568784392196097 0.01932762979012291 
0.7573786893446722 0.019232048065116174 
0.7578789394697348 0.019147110939336083 
0.7583791895947973 0.019072435873035684 
0.7588794397198598 0.019007642691575274 
0.7593796898449224 0.018952353733870376 
0.7598799399699849 0.018906193997544677 
0.7603801900950474 0.01886879128070592 
0.76088044022011 0.01883977632016966 
0.7613806903451725 0.01881878292609671 
0.761880940470235 0.018805448112892382 
0.7623811905952976 0.01879941222630593 
0.7628814407203601 0.0188003190666502 
0.7633816908454226 0.01880781600805594 
0.7638819409704852 0.018821554113721838 
0.7643821910955477 0.01884118824706278 
0.7648824412206102 0.018866377178759716 
0.7653826913456728 0.018896783689633868 
0.7658829414707353 0.018932074669333068 
0.7663831915957978 0.01897192121080755 
0.7668834417208604 0.019015998700541454 
0.7673836918459229 0.0190639869045568 
0.7678839419709854 0.019115570050180098 
0.7683841920960479 0.019170436903578034 
0.7688844422211105 0.019228280843085987 
0.769384692346173 0.019288799928335834 
0.7698849424712355 0.01935169696523483 
0.7703851925962981 0.019416679566824097 
0.7708854427213606 0.01948346021005898 
0.7713856928464231 0.01955175628855099 
0.7718859429714857 0.019621290161364397 
0.7723861930965482 0.01969178919788502 
0.7728864432216107 0.019762985818877275 
0.7733866933466733 0.01983461753375419 
0.7738869434717358 0.019906426974192454 
0.7743871935967983 0.019978161924139055 
0.7748874437218609 0.020049575346324826 
0.7753876938469234 0.020120425405365867 
0.7758879439719859 0.020190475487559915 
0.7763881940970485 0.020259494217485755 
0.776888444222111 0.020327255471488073 
0.7773886943471735 0.02039353838821418 
0.7778889444722361 0.02045812737624496 
0.7783891945972986 0.020520812118991753 
0.7788894447223611 0.020581387576966974 
0.7793896948474237 0.020639653987538573 
0.7798899449724862 0.020695416862280356 
0.7803901950975487 0.020748486982097695 
0.7808904452226112 0.020798680390185738 
0.7813906953476738 0.020845818383001105 
0.7818909454727363 0.020889727499346297 
0.7823911955977988 0.0209302395076992 
0.7828914457228614 0.020967191391928416 
0.7833916958479239 0.021000425335503933 
0.7838919459729864 0.021029788704348663 
0.784392196098049 0.021055134028436555 
0.7848924462231115 0.021076318982266223 
0.785392696348174 0.021093206364353967 
0.7858929464732366 0.02110566407582959 
0.7863931965982991 0.021113565098294713 
0.7868934467233616 0.021116787470998787 
0.7873936968484242 0.02111521426751616 
0.7878939469734867 0.02110873357198286 
0.7883941970985492 0.021097238455010135 
0.7888944472236118 0.021080626949383507 
0.7893946973486743 0.021058802025629385 
0.7898949474737368 0.021031671567562072 
0.7903951975987994 0.020999148347879675 
0.7908954477238619 0.0209611500039046 
0.7913956978489244 0.020917599013531997 
0.791895947973987 0.020868422671484636 
0.7923961980990495 0.0208135530658962 
0.792896448224112 0.020752927055347047 
0.7933966983491745 0.020686486246352446 
0.7938969484742371 0.020614176971363713 
0.7943971985992996 0.02053595026736293 
0.7948974487243621 0.020451761855041165 
0.7953976988494247 0.020361572118606498 
0.7958979489744872 0.020265346086270286 
0.7963981990995497 0.0201630534113879 
0.7968984492246123 0.02005466835429219 
0.7973986993496748 0.0199401697648306 
0.7978989494747373 0.01981954106556472 
0.7983991995997999 0.01969277023567109 
0.7988994497248624 0.019559849795500555 
0.7993996998499249 0.019420776791780173 
0.7998999499749875 0.019275552783414064 
0.80040020010005 0.019124183827887588 
0.8009004502251125 0.018966680468183787 
0.8014007003501751 0.018803057720203832 
0.8019009504752376 0.018633335060616957 
0.8024012006003001 0.018457536415069573 
0.8029014507253627 0.01827569014672732 
0.8034017008504252 0.018087829045025868 
0.8039019509754877 0.01789399031459839 
0.8044022011005502 0.017694215564266258 
0.8049024512256128 0.017488550796011647 
0.8054027013506753 0.017277046393850432 
0.8059029514757378 0.017059757112493197 
0.8064032016008004 0.016836742065707955 
0.8069034517258629 0.016608064714239153 
0.8074037018509254 0.016373792853234388 
0.807903951975988 0.016133998599007382 
0.8084042021010505 0.015888758375046035 
0.808904452226113 0.015638152897151508 
0.8094047023511756 0.015382267157555652 
0.8099049524762381 0.015121190407923243 
0.8104052026013006 0.01485501614109332 
0.8109054527263632 0.014583842071438546 
0.8114057028514257 0.014307770113697377 
0.8119059529764882 0.014026906360167318 
0.8124062031015508 0.01374136105611323 
0.8129064532266133 0.013451248573265974 
0.8134067033516758 0.013156687381280688 
0.8139069534767384 0.012857800016996728 
0.8144072036018009 0.012554713051434305 
0.8149074537268634 0.01224755705430455 
0.815407703851926 0.011936466556003951 
0.8159079539769885 0.011621580006893948 
0.816408204102051 0.01130303973378276 
0.8169084542271134 0.010980991893473367 
0.817408704352176 0.010655586423287948 
0.8179089544772385 0.010326976988403434 
0.818409204602301 0.009995320925955873 
0.8189094547273637 0.009660779185776 
0.8194097048524261 0.009323516267627435 
0.8199099549774886 0.008983700154943592 
0.8204102051025512 0.008641502244874704 
0.8209104552276137 0.008297097274625747 
0.8214107053526762 0.007950663244009512 
0.8219109554777388 0.007602381334111308 
0.8224112056028013 0.0072524358220293185 
0.8229114557278638 0.006901013991641884 
0.8234117058529264 0.00654830604033311 
0.8239119559779889 0.0061945049816567056 
0.8244122061030514 0.0058398065439058495 
0.824912456228114 0.0054844090645406384 
0.8254127063531765 0.0051285133805112244 
0.825912956478239 0.00477232271441313 
0.8264132066033016 0.004416042556518951 
0.8269134567283641 0.00405988054268832 
0.8274137068534266 0.0037040463281658585 
0.8279139569784892 0.003348751457310508 
0.8284142071035517 0.0029942092293002904 
0.8289144572286142 0.002640634559863638 
0.8294147073536767 0.002288243839062491 
0.8299149574787393 0.0019372547852471813 
0.8304152076038018 0.0015878862952465442 
0.8309154577288643 0.0012403582908482398 
0.8314157078539269 0.0008948915617117473 
0.8319159579789894 0.000551707604809679 
0.8324162081040519 0.0002110284604897121 
0.8329164582291145 0.0 
0.833416708354177 0.0 
0.8339169584792395 0.0 
0.8344172086043021 0.0 
0.8349174587293646 0.0 
0.8354177088544271 0.0 
0.8359179589794897 0.0 
0.8364182091045522 0.0 
0.8369184592296147 0.0 
0.8374187093546773 0.0 
0.8379189594797398 0.0 
0.8384192096048023 0.0 
0.8389194597298649 0.0 
0.8394197098549274 0.0 
0.8399199599799899 0.0 
0.8404202101050524 0.0 
0.840920460230115 0.0 
0.8414207103551775 0.0 
0.84192096048024 0.0 
0.8424212106053026 0.0 
0.8429214607303651 0.0 
0.8434217108554276 0.0 
0.8439219609804902 0.0 
0.8444222111055527 0.0 
0.8449224612306152 0.0 
0.8454227113556778 0.0 
0.8459229614807403 0.0 
0.8464232116058028 0.0 
0.8469234617308654 0.0 
0.8474237118559279 0.0 
0.8479239619809904 0.0 
0.848424212106053 0.0 
0.8489244622311155 0.0 
0.849424712356178 0.0 
0.8499249624812406 0.0 
0.8504252126063031 0.0 
0.8509254627313656 0.0 
0.8514257128564282 0.0 
0.8519259629814907 0.0 
0.8524262131065532 0.0 
0.8529264632316157 0.0 
0.8534267133566783 0.0 
0.8539269634817408 0.0 
0.8544272136068033 0.0 
0.8549274637318659 0.0 
0.8554277138569284 0.0 
0.8559279639819909 0.0 
0.8564282141070535 0.0 
0.856928464232116 0.0 
0.8574287143571785 0.0 
0.8579289644822411 0.0 
0.8584292146073036 0.0 
0.8589294647323661 0.0 
0.8594297148574287 0.0 
0.8599299649824912 0.0 
0.8604302151075537 0.0 
0.8609304652326163 0.0 
0.8614307153576788 0.0 
0.8619309654827413 0.0 
0.8624312156078039 0.0 
0.8629314657328664 0.0 
0.8634317158579289 0.0 
0.8639319659829914 0.0 
0.864432216108054 0.0 
0.8649324662331165 0.0 
0.865432716358179 0.0 
0.8659329664832416 0.0 
0.8664332166083041 0.0 
0.8669334667333666 0.0 
0.8674337168584292 0.0 
0.8679339669834917 0.0 
0.8684342171085542 0.0 
0.8689344672336168 0.0 
0.8694347173586793 0.0 
0.8699349674837418 0.0 
0.8704352176088044 0.0 
0.8709354677338669 0.0 
0.8714357178589294 0.0 
0.871935967983992 0.0 
0.8724362181090545 0.0 
0.872936468234117 0.0 
0.8734367183591796 0.0 
0.8739369684842421 0.0 
0.8744372186093046 0.0 
0.8749374687343672 0.0 
0.8754377188594297 0.0 
0.8759379689844922 0.0 
0.8764382191095547 0.0 
0.8769384692346173 0.0 
0.8774387193596798 0.0 
0.8779389694847423 0.00013679522156727887 
0.8784392196098049 0.000525436432124371 
0.8789394697348674 0.0009192335874512338 
0.8794397198599299 0.0013179709781711436 
0.8799399699849925 0.0017214318083963566 
0.880440220110055 0.002129398460918621 
0.8809404702351175 0.0025416527631364405 
0.8814407203601801 0.002957976253231268 
0.8819409704852426 0.003378150446216462 
0.882441220610305 0.003801957099436049 
0.8829414707353677 0.004229178477087748 
0.8834417208604302 0.004659597613348379 
0.8839419709854927 0.005092998573672631 
0.8844422211105553 0.005529166713882893 
0.8849424712356178 0.0059678889365513636 
0.8854427213606803 0.006408953944346076 
0.8859429714857429 0.006852152489854927 
0.8864432216108054 0.0072972776215022225 
0.8869434717358678 0.0077441249251521 
0.8874437218609305 0.008192492760960927 
0.887943971985993 0.00864218249513767 
0.8884442221110554 0.009092998726140474 
0.8889444722361179 0.009544749504990289 
0.8894447223611806 0.009997246549280133 
0.889944972486243 0.010450305450513626 
0.8904452226113055 0.010903745874427617 
0.8909454727363681 0.011357391753919758 
0.8914457228614306 0.011811071474249708 
0.8919459729864931 0.01226461805017996 
0.8924462231115557 0.012717869294727825 
0.8929464732366182 0.013170667979235533 
0.8934467233616807 0.01362286198442186 
0.8939469734867433 0.014074304442187146 
0.8944472236118058 0.014524853867853214 
0.8949474737368683 0.01497437428259793 
0.8954477238619309 0.015422735325864386 
0.8959479739869934 0.015869812357479373 
0.8964482241120559 0.01631548654930184 
0.8969484742371185 0.016759644966210022 
0.897448724362181 0.017202180636211914 
0.8979489744872435 0.01764299260958325 
0.8984492246123061 0.018081986006827255 
0.8989494747373686 0.018519072055378533 
0.8994497248624311 0.018954168114928217 
0.8999499749874936 0.01938719769127319 
0.9004502251125562 0.019818090438661153 
0.9009504752376187 0.020246782150524948 
0.9014507253626812 0.020673214738639555 
0.9019509754877438 0.021097336200631298 
0.9024512256128063 0.021519100575915415 
0.9029514757378688 0.02193846789002951 
0.9034517258629314 0.02235540408745009 
0.9039519759879939 0.02276988095296575 
0.9044522261130564 0.023181876021661444 
0.904952476238119 0.023591372477662995 
0.9054527263631815 0.02399835904175474 
0.905952976488244 0.024402829848010007 
0.9064532266133066 0.024804784309625336 
0.9069534767383691 0.02520422697411423 
0.9074537268634316 0.025601167368119956 
0.9079539769884942 0.02599561983201363 
0.9084542271135567 0.026387603344558645 
0.9089544772386192 0.02677714133790881 
0.9094547273636818 0.02716426150318278 
0.9099549774887443 0.02754899558698035 
0.9104552276138068 0.027931379179073144 
0.9109554777388694 0.028311451491681617 
0.9114557278639319 0.028689255130630743 
0.9119559779889944 0.02906483585878022 
0.9124562281140569 0.029438242352105452 
0.9129564782391195 0.02980952594880084 
0.913456728364182 0.030178740391861296 
0.9139569784892445 0.030545941565505934 
0.9144572286143071 0.030911187225931728 
0.9149574787393696 0.03127453672681636 
0.9154577288644321 0.031636050740032264 
0.9159579789894947 0.03199579097205085 
0.9164582291145572 0.03235381987650586 
0.9169584792396197 0.032710200363420254 
0.9174587293646823 0.03306499550557204 
0.9179589794897448 0.03341826824253048 
0.9184592296148073 0.03377008108284984 
0.9189594797398699 0.03412049580496673 
0.9194597298649324 0.03446957315728966 
0.9199599799899949 0.034817372558045075 
0.9204602301150575 0.035163951795385735 
0.92096048024012 0.03550936672831416 
0.9214607303651825 0.03585367098893724 
0.9219609804902451 0.0361969156866037 
0.9224612306153076 0.036539149114464146 
0.9229614807403701 0.036880416458973185 
0.9234617308654326 0.03722075951288856 
0.9239619809904952 0.037560216392275594 
0.9244622311155577 0.03789882125806962 
0.9249624812406202 0.03823660404270209 
0.9254627313656828 0.03857359018231828 
0.9259629814907453 0.03890980035509688 
0.9264632316158078 0.03924525022616316 
0.9269634817408704 0.03957995019962304 
0.9274637318659329 0.03991390517817171 
0.9279639819909954 0.040247114330785316 
0.928464232116058 0.040579570868942164 
0.9289644822411205 0.0409112618318343 
0.929464732366183 0.04124216788103434 
0.9299649824912456 0.041572263105016403 
0.9304652326163081 0.04190151483398255 
0.9309654827413706 0.04222988346536797 
0.9314657328664332 0.04255732230044137 
0.9319659829914957 0.042883777392351996 
0.9324662331165582 0.04320918740599884 
0.9329664832416208 0.043533483490045134 
0.9334667333666833 0.04385658916140702 
0.9339669834917458 0.04417842020252488 
0.9344672336168084 0.04449888457169182 
0.9349674837418709 0.0448178823267099 
0.9354677338669334 0.04513530556212736 
0.9359679839919959 0.04545103836025976 
0.9364682341170585 0.045764956756225626 
0.936968484242121 0.04607692871715171 
0.9374687343671835 0.04638681413574458 
0.9379689844922461 0.04669446483832306 
0.9384692346173086 0.04699972460746688 
0.9389694847423711 0.04730242921934664 
0.9394697348674337 0.04760240649583844 
0.9399699849924962 0.047899476371422396 
0.9404702351175587 0.048193450974948496 
0.9409704852426213 0.04848413472622194 
0.9414707353676838 0.048771324447411536 
0.9419709854927463 0.049054809489223396 
0.9424712356178089 0.04933437187176904 
0.9429714857428714 0.049609786440064786 
0.9434717358679339 0.04988082103399033 
0.9439719859929965 0.05014723667260781 
0.944472236118059 0.05040878775266842 
0.9449724862431215 0.05066522226110651 
0.9454727363681841 0.05091628200133816 
0.9459729864932466 0.05116170283308119 
0.9464732366183091 0.05140121492550656 
0.9469734867433717 0.051634543023375216 
0.9474737368684342 0.05186140672591777 
0.9479739869934967 0.05208152077809633 
0.9484742371185592 0.05229459537391698 
0.9489744872436218 0.0525003364714408 
0.9494747373686843 0.05269844611907333 
0.9499749874937468 0.052888622792787866 
0.9504752376188094 0.05307056174379022 
0.9509754877438719 0.05324395535623323 
0.9514757378689344 0.053408493514492526 
0.951975987993997 0.05356386397953389 
0.9524762381190595 0.05370975277389659 
0.952976488244122 0.05384584457472839 
0.9534767383691846 0.05397182311440967 
0.9539769884942471 0.05408737158817279 
0.9544772386193096 0.054192173068193614 
0.9549774887443722 0.054285910923565155 
0.9554777388694347 0.05436826924558656 
0.9559779889944972 0.05443893327776443 
0.9564782391195598 0.05449758984993503 
0.9569784892446223 0.05454392781586386 
0.9574787393696848 0.05457763849373959 
0.9579789894947474 0.05459841610891238 
0.9584792396198099 0.0546059582382177 
0.9589794897448723 0.05459996625528633 
0.9594797398699348 0.054580145776151855 
0.9599799899949975 0.054546207104517734 
0.96048024012006 0.05449786567602709 
0.9609804902451224 0.05443484250088106 
0.961480740370185 0.05435686460412247 
0.9619809904952475 0.05426366546295012 
0.96248124062031 0.054154985440385606 
0.9629814907453726 0.054030572214645585 
0.9634817408704351 0.053890181203557694 
0.9639819909954976 0.05373357598335955 
0.9644822411205602 0.05356052870124743 
0.9649824912456227 0.05337082048102925 
0.9654827413706852 0.053164241821238016 
0.9659829914957478 0.05294059298510189 
0.9664832416208103 0.05269968438170088 
0.9669834917458728 0.05244133693776822 
0.9674837418709354 0.052165382459490435 
0.9679839919959979 0.05187166398373834 
0.9684842421210604 0.0515600361181576 
0.968984492246123 0.05123036536953707 
0.9694847423711855 0.05088253045993547 
0.969984992496248 0.050516422630029485 
0.9704852426213106 0.05013194592916148 
0.9709854927463731 0.04972901749158682 
0.9714857428714356 0.049307567798458456 
0.9719859929964981 0.04886754092507522 
0.9724862431215607 0.04840889477296094 
0.9729864932466232 0.047931601286343495 
0.9734867433716857 0.04743564665265403 
0.9739869934967483 0.046921031486637885 
0.9744872436218108 0.04638777099776485 
0.9749874937468733 0.045835895140566046 
0.9754877438719359 0.04526544874762332 
0.9759879939969984 0.04467649164488081 
0.9764882441220609 0.044069098749104564 
0.9769884942471235 0.043443360147139606 
0.977488744372186 0.04279938115687035 
0.9779889944972485 0.04213728236961415 
0.9784892446223111 0.0414571996738736 
0.9789894947473736 0.040759284260224696 
0.9794897448724361 0.04004370260735037 
0.9799899949974987 0.03931063644902156 
0.9804902451225612 0.03856028272211325 
0.9809904952476237 0.03779285349553156 
0.9814907453726863 0.037008575880095054 
0.9819909954977488 0.0362076919194584 
0.9824912456228113 0.03539045846204406 
0.9829914957478738 0.03455714701417047 
0.9834917458729364 0.03370804357446728 
0.9839919959979989 0.03284344844969792 
0.9844922461230614 0.03196367605219798 
0.984992496248124 0.031069054679140545 
0.9854927463731865 0.030159926273852458 
0.985992996498249 0.029236646169423668 
0.9864932466233116 0.02829958281492519 
0.9869934967483741 0.0273491174845382 
0.9874937468734366 0.02638564396991186 
0.9879939969984992 0.025409568256174835 
0.9884942471235617 0.024421308181897184 
0.9889944972486242 0.02342129308352539 
0.9894947473736868 0.022409963424613003 
0.9899949974987493 0.02138777041042553 
0.9904952476238118 0.020355175588305494 
0.9909954977488744 0.01931265043435832 
0.9914957478739369 0.018260675926969224 
0.9919959979989994 0.017199742107700394 
0.992496248124062 0.01613034763012172 
0.9929964982491245 0.015052999297198822 
0.993496748374187 0.01396821158778427 
0.9939969984992496 0.012876506172887603 
0.9944972486243121 0.011778411422303172 
0.9949974987493746 0.010674461902326345 
0.9954977488744371 0.009565197865118964 
0.9959979989994997 0.00845116473049253 
0.9964982491245622 0.007332912560753504 
0.9969984992496247 0.006210995529313441 
0.9974987493746873 0.005085971383779004 
0.9979989994997498 0.003958400904254508 
0.9984992496248123 0.002828847357545094 
0.9989994997498749 0.0016978759480543145 
0.9994997498749374 0.0005660532660287147 
1.0 0.0 
