xdata ydata 
0.0 0.07626601753684956 
0.0005002501250625312 0.0762183929346702 
0.0010005002501250625 0.07612325065873324 
0.0015007503751875936 0.0759808042349545 
0.002001000500250125 0.07579137312611518 
0.0025012506253126563 0.07555538174398063 
0.003001500750375187 0.07527335813782524 
0.0035017508754377185 0.0749459323642173 
0.00400200100050025 0.07457383454409401 
0.004502251125562781 0.07415789261430379 
0.0050025012506253125 0.0736990297819117 
0.005502751375687844 0.07319826169064558 
0.006003001500750374 0.07265669330990879 
0.006503251625812906 0.07207551555777465 
0.007003501750875437 0.07145600167033728 
0.007503751875937968 0.07079950333068723 
0.0080040020010005 0.07010744657161959 
0.00850425212606303 0.06938132746697372 
0.009004502251125562 0.06862270762721112 
0.009504752376188093 0.0678332095155064 
0.010005002501250625 0.06701451160120157 
0.010505252626313155 0.06616834336799772 
0.011005502751375688 0.06529648019470134 
0.011505752876438218 0.06440073812671364 
0.012006003001500749 0.06348296855674619 
0.01250625312656328 0.06254505283347439 
0.013006503251625811 0.061588896816977 
0.013506753376688344 0.06061642539988653 
0.014007003501750874 0.05962957701316619 
0.014507253626813406 0.05863029813534686 
0.015007503751875937 0.05762053782390481 
0.015507753876938469 0.05660224228722744 
0.016008004002001 0.05557734951531798 
0.01650825412706353 0.05454778398701765 
0.01700850425212606 0.053515451471086765 
0.017508754377188594 0.05248223393798195 
0.018009004502251125 0.051449984598605364 
0.018509254627313655 0.05042052308567226 
0.019009504752376186 0.049395630792668524 
0.01950975487743872 0.04837704638463182 
0.02001000500250125 0.04736646149421233 
0.02051025512756378 0.04636551661564001 
0.02101050525262631 0.04537579720835818 
0.02151075537768884 0.04439883002118121 
0.022011005502751375 0.043436079646891904 
0.022511255627813906 0.04248894531623657 
0.023011505752876436 0.041558757939280586 
0.023511755877938967 0.04064677740108617 
0.024012006003001497 0.039754190117647276 
0.02451225612806403 0.038882106856986696 
0.02501250625312656 0.038031560829286784 
0.025512756378189092 0.037203506048881486 
0.026013006503251623 0.03639881596990856 
0.026513256628314157 0.03561828239639393 
0.027013506753376687 0.03486261466652404 
0.027513756878439218 0.0341324391098699 
0.028014007003501748 0.033428298775345484 
0.02851425712856428 0.03275065342673516 
0.029014507253626812 0.032099879801699566 
0.029514757378689343 0.031476272129274965 
0.030015007503751873 0.03088004290003093 
0.030515257628814404 0.03031132388222199 
0.031015507753876938 0.02977016737650083 
0.03151575787893947 0.02925654770101737 
0.032016008004002 0.028770362898044355 
0.03251625812906453 0.02831143665262716 
0.03301650825412706 0.027879520413160625 
0.03351675837918959 0.02747429570326142 
0.03401700850425212 0.02709537661381185 
0.03451725862931466 0.026742312463616066 
0.03501750875437719 0.02641459061673343 
0.03551775887943972 0.02611163944422383 
0.03601800900450225 0.025832831417769663 
0.03651825912956478 0.025577486322426204 
0.03701850925462731 0.025344874575583633 
0.03751875937968984 0.025134220639123447 
0.03801900950475237 0.02494470651168959 
0.0385192596298149 0.02477547528799732 
0.03901950975487744 0.02462563477214438 
0.03951975987993997 0.024494261131988947 
0.0400200100050025 0.024380402581800124 
0.04052026013006503 0.024283083080576643 
0.04102051025512756 0.02420130603365893 
0.04152076038019009 0.024134057985535674 
0.04202101050525262 0.02408031229205473 
0.04252126063031515 0.02403903276059862 
0.04302151075537768 0.02400917724716361 
0.04352176088044022 0.023989701199695516 
0.04402201100550275 0.023979561137474396 
0.04452226113056528 0.023977718056806784 
0.04502251125562781 0.023983140753773183 
0.04552276138069034 0.023994809055282083 
0.04602301150575287 0.024011716950213004 
0.0465232616308154 0.024032875612963044 
0.047023511755877934 0.02405731631226377 
0.047523761880940464 0.024084093198694836 
0.048024012006002995 0.024112285964877862 
0.04852426213106553 0.02414100237290806 
0.04902451225612806 0.02416938064414128 
0.04952476238119059 0.024196591707021722 
0.05002501250625312 0.024221841299193955 
0.050525262631315654 0.024244371920698535 
0.051025512756378184 0.02426346463559121 
0.051525762881440715 0.02427844071986328 
0.052026013006503245 0.024288663154059816 
0.052526263131565776 0.02429353795949923 
0.05302651325662831 0.024292515377492423 
0.053526763381690844 0.0242850908914288 
0.054027013506753374 0.024270806092058998 
0.054527263631815905 0.024249249386736213 
0.055027513756878435 0.02422005655379924 
0.055527763881940966 0.02418291114367409 
0.056028014007003496 0.024137544728649752 
0.056528264132066026 0.024083737003634694 
0.05702851425712856 0.024021315740535544 
0.057528764382191094 0.023950156599209047 
0.058029014507253625 0.02387018279822954 
0.058529264632316155 0.023781364648978905 
0.059029514757378686 0.023683718956816122 
0.059529764882441216 0.023577308293308785 
0.06003001500750375 0.023462240143716184 
0.06053026513256628 0.023338665934100042 
0.06103051525762881 0.023206779942609314 
0.06153076538269134 0.023066818099636496 
0.062031015507753876 0.02291905668167849 
0.0625312656328164 0.022763810903852832 
0.06303151575787894 0.022601433416127546 
0.06353176588294146 0.022432312708411634 
0.064032016008004 0.022256871429731474 
0.06453226613306653 0.02207556462679076 
0.06503251625812906 0.021888877907259498 
0.0655327663831916 0.021697325533194707 
0.06603301650825412 0.021501448450026654 
0.06653326663331666 0.021301812256582803 
0.06703351675837918 0.02109900512164097 
0.06753376688344172 0.020893635652528914 
0.06803401700850424 0.020686330721296865 
0.06853426713356678 0.020477733254006952 
0.06903451725862932 0.0202684999886835 
0.06953476738369184 0.02005929920748078 
0.07003501750875438 0.019850808448620635 
0.0705352676338169 0.019643712203657623 
0.07103551775887944 0.01943869960562386 
0.07153576788394196 0.019236462113606183 
0.0720360180090045 0.019037691199300755 
0.07253626813406702 0.018843076041085892 
0.07303651825912956 0.018653301231144417 
0.0735367683841921 0.018469044501157383 
0.07403701850925462 0.018290974472079575 
0.07453726863431716 0.01811974843348724 
0.07503751875937968 0.017956010157975866 
0.07553776888444222 0.01780038775605869 
0.07603801900950474 0.01765349157698731 
0.07653826913456728 0.017515912160888814 
0.0770385192596298 0.01738821824756627 
0.07753876938469234 0.01727095484726697 
0.07803901950975488 0.017164641378667307 
0.0785392696348174 0.017069769879254973 
0.07903951975987994 0.01698680329321858 
0.07953976988494246 0.01691617384186438 
0.080040020010005 0.016858281481485417 
0.08054027013506752 0.01681349245349202 
0.08104052026013006 0.01678213793148993 
0.08154077038519258 0.016764512769850866 
0.08204102051025512 0.016760874358159327 
0.08254127063531766 0.016771441585750172 
0.08304152076038018 0.016796393920356322 
0.08354177088544272 0.016835870604675545 
0.08404202101050524 0.016889969974438382 
0.08454227113556778 0.016958748901308083 
0.0850425212606303 0.017042222363676224 
0.08554277138569284 0.017140363148129695 
0.08604302151075537 0.017253101684054514 
0.0865432716358179 0.017380326013516734 
0.08704352176088044 0.017521881898206918 
0.08754377188594296 0.017677573064873095 
0.0880440220110055 0.017847161590274524 
0.08854427213606803 0.018030368426286966 
0.08904452226113056 0.018226874065364364 
0.08954477238619309 0.01843631934612457 
0.09004502251125562 0.01865830639837101 
0.09054527263631815 0.018892399726390046 
0.09104552276138068 0.0191381274288879 
0.09154577288644322 0.019394982553430848 
0.09204602301150575 0.019662424582757014 
0.09254627313656828 0.01993988104981139 
0.0930465232616308 0.020226749277847143 
0.09354677338669334 0.020522398241413074 
0.09404702351175587 0.02082617054353156 
0.0945472736368184 0.021137384503850713 
0.09504752376188093 0.021455336352043098 
0.09554777388694347 0.02177930252021726 
0.09604802401200599 0.02210854202760737 
0.09654827413706853 0.022442298950324933 
0.09704852426213106 0.022779804968483305 
0.09754877438719359 0.023120281982553066 
0.09804902451225612 0.023462944790375712 
0.09854927463731865 0.023807003815849066 
0.09904952476238119 0.024151667879920204 
0.09954977488744371 0.024496147004160345 
0.10005002501250625 0.024839655236878356 
0.10055027513756877 0.025181413491434122 
0.10105052526263131 0.025520652386161975 
0.10155077538769385 0.02585661507510188 
0.10205102551275637 0.026188560058553068 
0.1025512756378189 0.026515763962344882 
0.10305152576288143 0.026837524274622097 
0.10355177588794397 0.027153162028909696 
0.10405202601300649 0.0274620244222234 
0.10455227613806903 0.02776348735705453 
0.10505252626313155 0.028056957896159886 
0.10555277638819409 0.028341876619250625 
0.10605302651325663 0.028617719870878366 
0.10655327663831915 0.028884001889084184 
0.10705352676338169 0.029140276804686265 
0.10755377688844421 0.029386140501449148 
0.10805402701350675 0.02962123232779617 
0.10855427713856927 0.02984523665118979 
0.10905452726363181 0.030057884246827708 
0.10955477738869433 0.030258953512863732 
0.11005502751375687 0.03044827150497484 
0.11055527763881941 0.03062571478375125 
0.11105552776388193 0.03079121006908979 
0.11155577788894447 0.0309447346965013 
0.11205602801400699 0.031086316871023704 
0.11255627813906953 0.031216035715243035 
0.11305652826413205 0.031334021108757895 
0.11355677838919459 0.0314404533173011 
0.11405702851425711 0.03153556241061329 
0.11455727863931965 0.03161962746908455 
0.11505752876438219 0.03169297558009702 
0.11555777888944471 0.03175598062595136 
0.11605802901450725 0.031809061866195865 
0.11655827913956977 0.03185268231813377 
0.11705852926463231 0.03188734694022393 
0.11755877938969483 0.03191360062403622 
0.11805902951475737 0.03193202600134974 
0.1185592796398199 0.03194324107389368 
0.11905952976488243 0.0319478966741244 
0.11955977988994497 0.031946673766299775 
0.1200600300150075 0.03194028059794578 
0.12056028014007003 0.03192944971261606 
0.12106053026513255 0.03191493483560328 
0.12156078039019509 0.03189750764498506 
0.12206103051525762 0.031877954441053985 
0.12256128064032015 0.03185707272780271 
0.12306153076538268 0.03183566772069993 
0.12356178089044521 0.03181454879549481 
0.12406203101550775 0.031794525893230105 
0.12456228114057027 0.03177640589702076 
0.1250625312656328 0.03176098899646149 
0.12556278139069535 0.03174906505576142 
0.12606303151575787 0.03174141000187123 
0.1265632816408204 0.03173878224895082 
0.12706353176588292 0.031741919175540416 
0.12756378189094547 0.031751533670731046 
0.128064032016008 0.03176831076548516 
0.12856428214107052 0.03179290436503668 
0.12906453226613307 0.03182593409799499 
0.1295647823911956 0.03186798229740164 
0.13006503251625812 0.031919591128529406 
0.13056528264132064 0.03198125987767956 
0.1310655327663832 0.03205344241563081 
0.13156578289144572 0.03213654484870786 
0.13206603301650824 0.03223092336969632 
0.13256628314157076 0.03233688232000917 
0.1330665332666333 0.03245467247363763 
0.13356678339169584 0.032584489552474054 
0.13406703351675836 0.032726472981607364 
0.1345672836418209 0.03288070489214218 
0.13506753376688344 0.03304720937799996 
0.13556778389194596 0.03322595201202806 
0.13606803401700848 0.033416839625571224 
0.13656828414207103 0.033619720354454825 
0.13706853426713356 0.033834383953106124 
0.13756878439219608 0.03406056237728392 
0.13806903451725863 0.03429793063463449 
0.13856928464232116 0.03454610790101211 
0.13906953476738368 0.03480465889923769 
0.1395697848924462 0.03507309553570027 
0.14007003501750875 0.035350878788949845 
0.14057028514257128 0.03563742084319339 
0.1410705352676338 0.035932087458387704 
0.14157078539269632 0.03623420056744538 
0.14207103551775888 0.036543041089913644 
0.1425712856428214 0.036857851950386725 
0.14307153576788392 0.03717784128884914 
0.14357178589294647 0.037502185849146476 
0.144072036018009 0.03783003453083437 
0.14457228614307152 0.03816051208877537 
0.14507253626813404 0.03849272296403996 
0.1455727863931966 0.03882575522893716 
0.14607303651825912 0.03915868462833279 
0.14657328664332164 0.0394905786988428 
0.1470735367683842 0.039820500946994596 
0.14757378689344672 0.04014751506704723 
0.14807403701850924 0.040470689178851445 
0.14857428714357176 0.04078910006590904 
0.14907453726863432 0.04110183739367732 
0.14957478739369684 0.04140800788812683 
0.15007503751875936 0.0417067394546443 
0.1505752876438219 0.041997185217536814 
0.15107553776888444 0.04227852746066024 
0.15157578789394696 0.04254998145006484 
0.15207603801900949 0.042810799120006175 
0.15257628814407204 0.043060272604226964 
0.15307653826913456 0.04329773759506318 
0.15357678839419708 0.04352257651366145 
0.1540770385192596 0.04373422147541954 
0.15457728864432216 0.04393215703566639 
0.15507753876938468 0.044115922701580795 
0.1555777888944472 0.04428511519740782 
0.15607803901950976 0.0444393904711578 
0.15657828914457228 0.04457846543216505 
0.1570785392696348 0.04470211941013432 
0.15757878939469733 0.04481019532760255 
0.15807903951975988 0.04490260057909607 
0.1585792896448224 0.04497930761164979 
0.15907953976988493 0.0450403542027763 
0.15957978989494745 0.045085843433422826 
0.16008004002001 0.04511594335491905 
0.16058029014507252 0.04513088635039613 
0.16108054027013505 0.045130968192644436 
0.1615807903951976 0.045116546801851454 
0.16208104052026012 0.04508804070813651 
0.16258129064532265 0.0450459272252442 
0.16308154077038517 0.04499074034319091 
0.16358179089544772 0.044923068349045296 
0.16408204102051024 0.04484355118638413 
0.16458229114557277 0.04475287756526542 
0.16508254127063532 0.044651781835819436 
0.16558279139569784 0.04454104063974865 
0.16608304152076037 0.044421469355155084 
0.1665832916458229 0.04429391835117022 
0.16708354177088544 0.04415926906983755 
0.16758379189594796 0.04401842995359457 
0.1680840420210105 0.04387233223750485 
0.168584292146073 0.043721925626106994 
0.16908454227113556 0.0435681738753647 
0.1695847923961981 0.04341205030072125 
0.1700850425212606 0.043254533232676556 
0.17058529264632316 0.04309660144161755 
0.17108554277138568 0.04293922955383622 
0.1715857928964482 0.042783383480765824 
0.17208604302151073 0.04263001588345235 
0.17258629314657328 0.04248006169415734 
0.1730865432716358 0.04233443371675512 
0.17358679339669833 0.04219401832724989 
0.17408704352176088 0.04205967129529029 
0.1745872936468234 0.04193221374700934 
0.17508754377188593 0.04181242828886466 
0.17558779389694845 0.04170105531139898 
0.176088044022011 0.041598789490997275 
0.17658829414707353 0.041506276506772986 
0.17708854427213605 0.04142410998868998 
0.17758879439719857 0.04135282871192226 
0.17808904452226113 0.041292914051259205 
0.17858929464732365 0.041244787708117486 
0.17908954477238617 0.04120880972139326 
0.17958979489744872 0.041185276772011135 
0.18009004502251125 0.041174420789596815 
0.18059029514757377 0.04117640786822618 
0.1810905452726363 0.04119133749669032 
0.18159079539769885 0.04121924210717899 
0.18209104552276137 0.041260086944723134 
0.1825912956478239 0.04131377025815773 
0.18309154577288644 0.04138012381179537 
0.18359179589794897 0.0414589137154113 
0.1840920460230115 0.041549841568583955 
0.18459229614807401 0.04165254591388005 
0.18509254627313657 0.04176660399184959 
0.1855927963981991 0.041891533789316295 
0.1860930465232616 0.04202679637098812 
0.18659329664832414 0.042171798483029495 
0.1870935467733867 0.04232589541588237 
0.1875937968984492 0.042488394112354465 
0.18809404702351173 0.04265855650577551 
0.18859429714857429 0.04283560307189581 
0.1890945472736368 0.04301871657714279 
0.18959479739869933 0.04320704600489277 
0.19009504752376186 0.043399710640533634 
0.1905952976488244 0.04359580429532596 
0.19109554777388693 0.04379439964838602 
0.19159579789894945 0.04399455268554394 
0.19209604802401198 0.0441953072133611 
0.19259629814907453 0.0443956994262415 
0.19309654827413705 0.044594762504311276 
0.19359679839919958 0.04479153121961746 
0.19409704852426213 0.04498504652816969 
0.19459729864932465 0.04517436012544209 
0.19509754877438718 0.045358538943150506 
0.1955977988994497 0.0455366695654417 
0.19609804902451225 0.04570786254304885 
0.19659829914957477 0.045871256584502605 
0.1970985492746373 0.046026022604120295 
0.19759879939969985 0.04617136760723633 
0.19809904952476237 0.04630653839396718 
0.1985992996498249 0.046430825063733715 
0.19909954977488742 0.046543564303783286 
0.19959979989994997 0.04664414244604563 
0.2001000500250125 0.04673199827783837 
0.20060030015007502 0.04680662559318646 
0.20110055027513754 0.046867575472825815 
0.2016008004002001 0.04691445828233968 
0.20210105052526262 0.046946945379290894 
0.20260130065032514 0.04696477052168509 
0.2031015507753877 0.0469677309715925 
0.2036018009004502 0.04695568828929524 
0.20410205102551274 0.04692856881486683 
0.20460230115057526 0.046886363835662775 
0.2051025512756378 0.046829129439759816 
0.20560280140070034 0.04675698605695088 
0.20610305152576286 0.04667011769045105 
0.2066033016508254 0.0465687708440039 
0.20710355177588793 0.04645325315058299 
0.20760380190095046 0.046323931710352304 
0.20810405202601298 0.04618123114698101 
0.20860430215107553 0.0460256313927798 
0.20910455227613806 0.04585766521445408 
0.20960480240120058 0.04567791549252729 
0.2101050525262631 0.04548701226867225 
0.21060530265132565 0.045285629576307065 
0.21110555277638818 0.0450744820708433 
0.2116058029014507 0.04485432147691924 
0.21210605302651325 0.044625932870810237 
0.21260630315157578 0.044390130816967556 
0.2131065532766383 0.04414775537829836 
0.21360680340170082 0.04389966802036504 
0.21410705352676337 0.04364674743013314 
0.2146073036518259 0.04338988527025496 
0.21510755377688842 0.04312998189010984 
0.21560780390195097 0.04286794201496721 
0.2161080540270135 0.042604670434653324 
0.21660830415207602 0.04234106771302648 
0.21710855427713854 0.042078025939372196 
0.2176088044022011 0.04181642454252942 
0.21810905452726362 0.04155712618815934 
0.21860930465232614 0.04130097277906355 
0.21910955477738867 0.041048781577848664 
0.21960980490245122 0.040801341470543886 
0.22011005502751374 0.04055940938897698 
0.22061030515257626 0.04032370690884004 
0.22111055527763882 0.04009491703941302 
0.22161080540270134 0.03987368121987559 
0.22211105552776386 0.03966059653602491 
0.22261130565282639 0.039456213170042345 
0.22311155577788894 0.039261032094716375 
0.22361180590295146 0.03907550302224409 
0.22411205602801398 0.038900022616394754 
0.22461230615307654 0.03873493297545303 
0.22511255627813906 0.03858052039195193 
0.22561280640320158 0.03843701439378285 
0.2261130565282641 0.03830458706982316 
0.22661330665332666 0.03818335268177143 
0.22711355677838918 0.03807336756242956 
0.2276138069034517 0.03797463029922014 
0.22811405702851423 0.0378870822002979 
0.22861430715357678 0.0378106080392017 
0.2291145572786393 0.0377450370726087 
0.22961480740370183 0.03769014432441093 
0.23011505752876438 0.03764565212801616 
0.2306153076538269 0.037611231917537465 
0.23111555777888942 0.03758650625731665 
0.23161580790395195 0.03757105109809872 
0.2321160580290145 0.03756439824709529 
0.23261630815407702 0.03756603803817907 
0.23311655827913955 0.03757542218751954 
0.2336168084042021 0.03759196681913648 
0.23411705852926462 0.03761505564408013 
0.23461730865432714 0.03764404327628578 
0.23511755877938967 0.03767825866757072 
0.23561780890445222 0.037717008643751465 
0.23611805902951474 0.037759581523483285 
0.23661830915457727 0.03780525080112448 
0.2371185592796398 0.037853278874739806 
0.23761880940470234 0.03790292080026783 
0.23811905952976486 0.037953428052875646 
0.2386193096548274 0.03800405227663551 
0.23911955977988994 0.03805404900385709 
0.23961980990495246 0.0381026813257008 
0.240120060030015 0.03814922349609553 
0.2406203101550775 0.03819296445145131 
0.24112056028014006 0.038233211229241004 
0.24162081040520259 0.0382692922691552 
0.2421210605302651 0.03830056058128589 
0.24262131065532766 0.038326396766580374 
0.24312156078039018 0.03834621187569946 
0.2436218109054527 0.03835945009334161 
0.24412206103051523 0.03836559123610713 
0.24462231115557778 0.03836415305302379 
0.2451225612806403 0.03835469331896388 
0.24562281140570283 0.0383368117123285 
0.24612306153076535 0.038310151469552266 
0.2466233116558279 0.03827440081020015 
0.24712356178089043 0.03822929412765426 
0.24762381190595295 0.03817461294164146 
0.2481240620310155 0.03811018661011246 
0.24862431215607803 0.03803589279924165 
0.24912456228114055 0.037951657711573786 
0.24962481240620307 0.03785745607359262 
0.2501250625312656 0.03775331088520937 
0.25062531265632815 0.037639292934879894 
0.2511255627813907 0.037515520085228946 
0.2516258129064532 0.037382156335199396 
0.25212606303151575 0.037239410665844845 
0.2526263131565783 0.03708753567792515 
0.2531265632816408 0.036926826030470934 
0.25362681340670334 0.036757616690414795 
0.25412706353176584 0.03658028100426744 
0.2546273136568284 0.036395228603630786 
0.25512756378189094 0.036202903157076596 
0.25562781390695344 0.03600377998159175 
0.256128064032016 0.035798363527383054 
0.25662831415707854 0.035587184750347715 
0.25712856428214104 0.03537079838694662 
0.2576288144072036 0.03514978014657621 
0.25812906453226614 0.03492472383679191 
0.25862931465732864 0.03469623843692871 
0.2591295647823912 0.034464945135761545 
0.2596298149074537 0.03423147434885914 
0.26013006503251623 0.03399646273122741 
0.2606303151575788 0.03376055020067798 
0.2611305652826413 0.033524376987135784 
0.26163081540770383 0.03328858072278883 
0.2621310655327664 0.033053793587596095 
0.2626313156578289 0.0328206395242173 
0.26313156578289143 0.0325897315358973 
0.263631815907954 0.03236166908024571 
0.2641320660330165 0.03213703557119703 
0.26463231615807903 0.03191639600071964 
0.2651325662831415 0.03170029469107834 
0.2656328164082041 0.03148925318763425 
0.2661330665332666 0.03128376830130532 
0.2666333166583291 0.031084310308915272 
0.2671335667833917 0.030891321318717045 
0.2676338169084542 0.030705213807423425 
0.2681340670335167 0.03052636933408844 
0.26863431715857927 0.03035513743518367 
0.2691345672836418 0.030191834704198246 
0.2696348174087043 0.0300367440580807 
0.27013506753376687 0.029890114191813314 
0.2706353176588294 0.02975215922140352 
0.2711355677838919 0.029623058514573492 
0.27163581790895447 0.029502956707444458 
0.27213606803401696 0.029391963904549408 
0.2726363181590795 0.029290156058569352 
0.27313656828414207 0.029197575525287445 
0.27363681840920456 0.029114231788382156 
0.2741370685342671 0.029040102347856565 
0.27463731865932967 0.02897513376511076 
0.27513756878439216 0.028919242856942227 
0.2756378189094547 0.02887231803005691 
0.27613806903451726 0.028834220747063575 
0.27663831915957976 0.028804787114343304 
0.2771385692846423 0.028783829581678144 
0.2776388194097048 0.028771138743074787 
0.27813906953476736 0.02876648522783813 
0.2786393196598299 0.02876962167062589 
0.2791395697848924 0.028780284748969244 
0.27963981990995496 0.028798197276550867 
0.2801400700350175 0.028823070340423772 
0.28064032016008 0.028854605470291003 
0.28114057028514255 0.02889249682798801 
0.2816408204102051 0.028936433405387263 
0.2821410705352676 0.0289861012190831 
0.28264132066033015 0.02904118549042501 
0.28314157078539265 0.029101372799729713 
0.2836418209104552 0.02916635320382438 
0.28414207103551775 0.02923582230645181 
0.28464232116058025 0.0293094832714948 
0.2851425712856428 0.02938704876946074 
0.28564282141070535 0.02946824284818596 
0.28614307153576785 0.029552802719281804 
0.2866433216608304 0.029640480452458963 
0.28714357178589295 0.029731044570488738 
0.28764382191095544 0.029824281538237466 
0.288144072036018 0.02991999713989538 
0.28864432216108055 0.0300180177392385 
0.28914457228614304 0.030118191418486092 
0.2896448224112056 0.03022038899206271 
0.2901450725362681 0.030324504892320376 
0.29064532266133064 0.03043045792502442 
0.2911455727863932 0.030538191893165322 
0.2916458229114557 0.03064767608839402 
0.29214607303651824 0.03075890565012161 
0.2926463231615808 0.03087190179303653 
0.2931465732866433 0.030986711904500523 
0.29364682341170584 0.03110340951396493 
0.2941470735367684 0.031222094137197634 
0.2946473236618309 0.03134289099874389 
0.29514757378689344 0.03146595063663454 
0.29564782391195593 0.03159144839391007 
0.2961480740370185 0.03171958380205558 
0.29664832416208103 0.03185057986191563 
0.29714857428714353 0.03198468222809869 
0.2976488244122061 0.032122158303270656 
0.29814907453726863 0.0322632962490867 
0.29864932466233113 0.032408403920806565 
0.2991495747873937 0.03255780773289442 
0.29964982491245623 0.03271185146310039 
0.3001500750375187 0.0328708950026787 
0.3006503251625813 0.033035313060502426 
0.3011505752876438 0.03320549382888362 
0.3016508254127063 0.0333818376189208 
0.3021510755377689 0.0335647554731528 
0.30265132566283137 0.033754667763210455 
0.3031515757878939 0.03395200278002717 
0.3036518259129565 0.0341571953239964 
0.30415207603801897 0.0343706853022426 
0.3046523261630815 0.034592916339927345 
0.3051525762881441 0.03482433441221172 
0.30565282641320657 0.035065386503180015 
0.3061530765382691 0.035316519297664245 
0.30665332666333167 0.03557817791153621 
0.30715357678839417 0.035850804665618165 
0.3076538269134567 0.03613483790793096 
0.3081540770385192 0.03643071088855634 
0.30865432716358177 0.036738850690919 
0.3091545772886443 0.03705967722282455 
0.3096548274137068 0.03739360227009488 
0.31015507753876936 0.037741028615167205 
0.3106553276638319 0.03810234922252046 
0.3111555777888944 0.03847794649231016 
0.31165582791395696 0.03886819158310655 
0.3121560780390195 0.03927344380416163 
0.312656328164082 0.03969405007715613 
0.31315657828914456 0.040130344466941144 
0.31365682841420706 0.04058264778035024 
0.3141570785392696 0.04105126723174828 
0.31465732866433216 0.04153649617359636 
0.31515757878939465 0.04203861388994453 
0.3156578289144572 0.04255788545043475 
0.31615807903951976 0.04309456162207884 
0.31665832916458225 0.043648878835808876 
0.3171585792896448 0.044221059204545755 
0.31765882941470736 0.04481131058932249 
0.31815907953976985 0.04541982670982131 
0.3186593296648324 0.04604678729553724 
0.3191595797898949 0.04669235827367966 
0.31965982991495745 0.04735669198984063 
0.32016008004002 0.048039927457431894 
0.3206603301650825 0.04874219063188067 
0.32116058029014505 0.04946359470561291 
0.3216608304152076 0.0502042404199093 
0.3221610805402701 0.05096421638982588 
0.32266133066533265 0.05174359943848909 
0.3231615807903952 0.05254245493723829 
0.3236618309154577 0.05336083714827045 
0.32416208104052024 0.05419878956665116 
0.32466233116558274 0.055056345258793514 
0.3251625812906453 0.055933527194752655 
0.32566283141570784 0.05683034857196799 
0.32616308154077034 0.05774681312836468 
0.3266633316658329 0.05868291544303446 
0.32716358179089544 0.05963864122303074 
0.32766383191595794 0.060613967575126604 
0.3281640820410205 0.06160886326172664 
0.32866433216608304 0.06262328894043373 
0.32916458229114554 0.06365719738711897 
0.3296648324162081 0.06471053370265513 
0.33016508254127064 0.06578323550380229 
0.33066533266633313 0.06687523309903583 
0.3311655827913957 0.06798644965041721 
0.3316658329164582 0.06911680132287892 
0.33216608304152073 0.07026619742257259 
0.3326663331665833 0.07143454052617738 
0.3331665832916458 0.07262172660328231 
0.33366683341670833 0.07382764513417722 
0.3341670835417709 0.07505217922555107 
0.3346673336668334 0.07629520572675538 
0.33516758379189593 0.07755659534941634 
0.3356678339169585 0.07883621279326913 
0.336168084042021 0.08013391688115169 
0.3366683341670835 0.08144956070613325 
0.337168584292146 0.08278299179375248 
0.3376688344172086 0.08413405228230131 
0.3381690845422711 0.08550257912404202 
0.3386693346673336 0.08688840431013424 
0.3391695847923962 0.08829135512193878 
0.3396698349174587 0.08971125441119189 
0.3401700850425212 0.0911479209113683 
0.34067033516758377 0.09260116958233197 
0.3411705852926463 0.09407081199013068 
0.3416708354177088 0.0955566567235209 
0.34217108554277137 0.09705850984852142 
0.34267133566783387 0.09857617540197564 
0.3431715857928964 0.10010945592477181 
0.34367183591795897 0.10165815303501947 
0.34417208604302146 0.10322206804111324 
0.344672336168084 0.10480100259423994 
0.34517258629314657 0.1063947593794974 
0.34567283641820906 0.10800314284439627 
0.3461730865432716 0.10962595996313135 
0.34667333666833416 0.11126302103459466 
0.34717358679339666 0.11291414051172292 
0.3476738369184592 0.11457913785937697 
0.34817408704352176 0.11625783843757193 
0.34867433716858426 0.11795007440650439 
0.3491745872936468 0.11965568564948179 
0.3496748374187093 0.12137452070950722 
0.35017508754377186 0.12310643773497262 
0.3506753376688344 0.12485130542961219 
0.3511755877938969 0.12660900400160552 
0.35167583791895946 0.1283794261064853 
0.352176088044022 0.13016247777829346 
0.3526763381690845 0.13195807934325607 
0.35317658829414705 0.13376616631011543 
0.3536768384192096 0.13558669023114628 
0.3541770885442721 0.13741961952782192 
0.35467733866933465 0.1392649402750776 
0.35517758879439715 0.14112265693812098 
0.3556778389194597 0.1429927930558046 
0.35617808904452225 0.14487539186467566 
0.35667833916958475 0.14677051685794304 
0.3571785892946473 0.14867825227380208 
0.35767883941970985 0.15059870350776156 
0.35817908954477234 0.1525319974438944 
0.3586793396698349 0.15447828270022546 
0.35917958979489745 0.156437729783822 
0.35967983991995994 0.15841053115151452 
0.3601800900450225 0.1603969011726093 
0.360680340170085 0.16239707599038852 
0.36118059029514754 0.16441131327966885 
0.3616808404202101 0.1664398918982145 
0.3621810905452726 0.1684831114303111 
0.36268134067033514 0.17054129162138762 
0.3631815907953977 0.17261477170312814 
0.3636818409204602 0.1747039096091276 
0.36418209104552274 0.1768090810817433 
0.3646823411705853 0.17893067867141632 
0.3651825912956478 0.18106911063035888 
0.36568284142071034 0.1832247997031355 
0.3661830915457729 0.18539818181728906 
0.3666833416708354 0.18758970467778002 
0.36718359179589793 0.1897998262696399 
0.36768384192096043 0.19202901327380495 
0.368184092046023 0.19427773940172471 
0.36868434217108553 0.19654648365486355 
0.36918459229614803 0.1988357285157822 
0.3696848424212106 0.2011459580779821 
0.37018509254627313 0.20347765612219096 
0.3706853426713356 0.20583130414720138 
0.3711855927963982 0.20820737936379552 
0.37168584292146073 0.21060635266065825 
0.3721860930465232 0.21302868655149607 
0.3726863431715858 0.21547483311288082 
0.3731865932966483 0.21794523192254445 
0.3736868434217108 0.22044030800805547 
0.3741870935467734 0.22296046981592632 
0.37468734367183587 0.22550610721128014 
0.3751875937968984 0.22807758951822613 
0.375687843921961 0.23067526361106588 
0.37618809404702347 0.2332994520663499 
0.376688344172086 0.2359504513856711 
0.37718859429714857 0.2386285302988746 
0.37768884442221107 0.2413339281570932 
0.3781890945472736 0.24406685342472428 
0.3786893446723361 0.24682748227908 
0.37918959479739867 0.24961595732601943 
0.3796898449224612 0.2524323864394201 
0.3801900950475237 0.25527684173179055 
0.38069034517258626 0.25814935866279337 
0.3811905952976488 0.2610499352918068 
0.3816908454227113 0.26397853168001595 
0.38219109554777386 0.26693506944682427 
0.3826913456728364 0.26991943148465714 
0.3831915957978989 0.2729314618354602 
0.38369184592296146 0.27597096573142177 
0.38419209604802396 0.2790377098016354 
0.3846923461730865 0.2821314224455899 
0.38519259629814906 0.2852517943735401 
0.38569284642321155 0.28839847931294876 
0.3861930965482741 0.29157109487935023 
0.38669334667333666 0.29476922360911173 
0.38719359679839915 0.2979924141507276 
0.3876938469234617 0.3012401826104325 
0.38819409704852426 0.3045120140470893 
0.38869434717358675 0.30780736411049264 
0.3891945972986493 0.3111256608164497 
0.38969484742371185 0.31446630645122126 
0.39019509754877435 0.3178286795971858 
0.3906953476738369 0.3212121372709032 
0.3911955977988994 0.32461601716407346 
0.39169584792396195 0.3280396399773123 
0.3921960980490245 0.33148231183606996 
0.392696348174087 0.33494332677753236 
0.39319659829914955 0.33842196929687235 
0.3936968484242121 0.34191751694083383 
0.3941970985492746 0.3454292429362725 
0.39469734867433715 0.3489564188410308 
0.3951975987993997 0.35249831720427793 
0.3956978489244622 0.35605421422332734 
0.39619809904952474 0.3596233923838501 
0.39669834917458724 0.36320514307039997 
0.3971985992996498 0.36679876913421455 
0.39769884942471234 0.37040358740539814 
0.39819909954977484 0.3740189311367685 
0.3986993496748374 0.37764415236693305 
0.39919959979989994 0.3812786241904749 
0.39969984992496244 0.3849217429235329 
0.400200100050025 0.38857293015351724 
0.40070035017508754 0.39223163466223027 
0.40120060030015003 0.3958973342122288 
0.4017008504252126 0.39956953718691884 
0.4022011005502751 0.4032477840755595 
0.40270135067533763 0.4069316487950823 
0.4032016008004002 0.4106207398414424 
0.4037018509254627 0.4143147012640248 
0.40420210105052523 0.4180132134575182 
0.4047023511755878 0.4217159937665562 
0.4052026013006503 0.42542279689935464 
0.40570285142571283 0.42913341514754777 
0.4062031015507754 0.4328476784103804 
0.4067033516758379 0.4365654540224008 
0.4072036018009004 0.4402866463848181 
0.407703851925963 0.44401119640165937 
0.4082041020510255 0.4477390807228742 
0.408704352176088 0.4514703107975325 
0.4092046023011505 0.45520493174121324 
0.4097048524262131 0.45894302102267637 
0.4102051025512756 0.46268468697581727 
0.4107053526763381 0.4664300671438245 
0.41120560280140067 0.47017932646333993 
0.4117058529264632 0.4739326552972522 
0.4122061030515257 0.47769026732554415 
0.41270635317658827 0.4814523973043792 
0.4132066033016508 0.48521929870428887 
0.4137068534267133 0.4889912412389755 
0.41420710355177587 0.49276850829683 
0.41470735367683836 0.49655139428777917 
0.4152076038019009 0.5003402019185303 
0.41570785392696347 0.5041352394096841 
0.41620810405202596 0.5079368176684909 
0.4167083541770885 0.5117452474312831 
0.41720860430215106 0.515560836389791 
0.41770885442721356 0.5193838863156393 
0.4182091045522761 0.5232146901973653 
0.41870935467733866 0.5270535294042497 
0.41920960480240116 0.5309006708911019 
0.4197098549274637 0.5347563644579857 
0.4202101050525262 0.5386208400785729 
0.42071035517758876 0.5424943053104728 
0.4212106053026513 0.5463769428004911 
0.4217108554277138 0.5502689078972681 
0.42221110555277636 0.5541703263832242 
0.4227113556778389 0.5580812923371193 
0.4232116058029014 0.562001866137865 
0.42371185592796395 0.565932072619516 
0.4242121060530265 0.5698718993865948 
0.424712356178089 0.5738212952980618 
0.42521260630315155 0.5777801691274072 
0.4257128564282141 0.5817483884054163 
0.4262131065532766 0.5857257784512343 
0.42671335667833915 0.589712121596387 
0.42721360680340165 0.5937071566054273 
0.4277138569284642 0.5977105782958694 
0.42821410705352675 0.601722037359059 
0.42871435717858924 0.605741140382587 
0.4292146073036518 0.6097674500738475 
0.42971485742871435 0.6138004856833028 
0.43021510755377684 0.6178397236250003 
0.4307153576788394 0.6218845982909058 
0.43121560780390195 0.6259345030546216 
0.43171585792896444 0.629988791459105 
0.432216108054027 0.6340467785821021 
0.4327163581790895 0.6381077425720851 
0.43321660830415204 0.6421709263466826 
0.4337168584292146 0.6462355394447561 
0.4342171085542771 0.6503007600225269 
0.43471735867933964 0.6543657369834884 
0.4352176088044022 0.6584295922311545 
0.4357178589294647 0.6624914230331427 
0.43621810905452724 0.6665503044845644 
0.4367183591795898 0.6706052920582342 
0.4372186093046523 0.6746554242288346 
0.43771885942971483 0.678699725157854 
0.43821910955477733 0.682737207425874 
0.4387193596798399 0.686766874798605 
0.43921960980490243 0.6907877250129856 
0.43971985992996493 0.6947987525696199 
0.4402201100550275 0.6987989515178933 
0.44072036018009003 0.7027873182202184 
0.4412206103051525 0.7067628540820653 
0.4417208604302151 0.710724568234682 
0.44222111055527763 0.7146714801577738 
0.4427213606803401 0.7186026222297716 
0.4432216108054027 0.7225170421938218 
0.44372186093046523 0.7264138055281335 
0.4442221110555277 0.7302919977099082 
0.4447223611805903 0.7341507263627326 
0.44522261130565277 0.7379891232779773 
0.4457228614307153 0.7418063463015078 
0.4462231115557779 0.745601581077785 
0.44672336168084037 0.7493740426442379 
0.4472236118059029 0.7531229768696737 
0.44772386193096547 0.7568476617313289 
0.44822411205602797 0.7605474084261071 
0.4487243621810905 0.7642215623124463 
0.44922461230615307 0.7678695036801952 
0.44972486243121557 0.7714906483468301 
0.4502251125562781 0.7750844480792745 
0.4507253626813406 0.778650390841533 
0.45122561280640316 0.7821880008692769 
0.4517258629314657 0.785696838573442 
0.4522261130565282 0.7891765002757883 
0.45272636318159076 0.7926266177802667 
0.4532266133066533 0.7960468577848581 
0.4537268634317158 0.7994369211393865 
0.45422711355677836 0.8027965419555682 
0.4547273636818409 0.8061254865763076 
0.4552276138069034 0.8094235524119163 
0.45572786393196596 0.8126905666515966 
0.45622811405702846 0.8159263848590964 
0.456728364182091 0.8191308894619796 
0.45722861430715356 0.8223039881444298 
0.45772886443221605 0.825445612153907 
0.4582291145572786 0.8285557145323341 
0.45872936468234116 0.8316342682827703 
0.45922961480740365 0.8346812644827342 
0.4597298649324662 0.8376967103555136 
0.46023011505752875 0.8406806273108611 
0.46073036518259125 0.8436330489665006 
0.4612306153076538 0.8465540191618253 
0.4617308654327163 0.849443589975047 
0.46223111555777885 0.8523018197548718 
0.4627313656828414 0.8551287711775531 
0.4632316158079039 0.8579245093398448 
0.46373186593296645 0.8606890998980372 
0.464232116058029 0.8634226072628302 
0.4647323661830915 0.8661250928593168 
0.46523261630815405 0.86879661346085 
0.4657328664332166 0.8714372196049794 
0.4662331165582791 0.8740469540990395 
0.46673336668334164 0.8766258506223173 
0.4672336168084042 0.8791739324310556 
0.4677338669334667 0.881691211171811 
0.46823411705852924 0.8841776858079674 
0.46873436718359174 0.8866333416634311 
0.4692346173086543 0.8890581495867594 
0.46973486743371684 0.8914520652381949 
0.47023511755877934 0.8938150285012628 
0.4707353676838419 0.8961469630198194 
0.47123561780890444 0.8984477758606261 
0.47173586793396693 0.9007173573007512 
0.4722361180590295 0.9029555807383216 
0.47273636818409204 0.9051623027244189 
0.47323661830915453 0.9073373631131404 
0.4737368684342171 0.9094805853261986 
0.4742371185592796 0.9115917767277083 
0.47473736868434213 0.9136707291042192 
0.4752376188094047 0.915717219244421 
0.4757378689344672 0.9177310096124147 
0.47623811905952973 0.9197118491079316 
0.4767383691845923 0.9216594739064098 
0.4772386193096548 0.9235736083714472 
0.47773886943471733 0.925453966031782 
0.4782391195597799 0.9273002506146585 
0.4787393696848424 0.929112157127194 
0.4792396198099049 0.9308893729771697 
0.4797398699349674 0.9326315791245616 
0.48024012006003 0.9343384512550419 
0.4807403701850925 0.936009660966689 
0.481240620310155 0.9376448769611939 
0.48174087043521757 0.9392437662309617 
0.4822411205602801 0.9408059952336788 
0.4827413706853426 0.9423312310461404 
0.48324162081040517 0.9438191424894136 
0.4837418709354677 0.9452694012177475 
0.4842421210605302 0.9466816827640131 
0.48474237118559277 0.9480556675349002 
0.4852426213106553 0.94939104174956 
0.4857428714357178 0.9506874983158945 
0.48624312156078037 0.9519447376392558 
0.48674337168584286 0.9531624683588891 
0.4872436218109054 0.9543404080080711 
0.48774387193596797 0.9554782835945321 
0.48824412206103046 0.956575832098412 
0.488744372186093 0.9576328008856583 
0.48924462231115556 0.9586489480354808 
0.48974487243621806 0.9596240425811482 
0.4902451225612806 0.960557864664121 
0.49074537268634316 0.9614502056021862 
0.49124562281140566 0.9623008678729664 
0.4917458729364682 0.9631096650148173 
0.4922461230615307 0.9638764214478034 
0.49274637318659326 0.9646009722180598 
0.4932466233116558 0.9652831626694597 
0.4937468734367183 0.9659228480470747 
0.49424712356178085 0.9665198930374723 
0.4947473736868434 0.9670741712513762 
0.4952476238119059 0.9675855646546989 
0.49574787393696845 0.9680539629543602 
0.496248124062031 0.9684792629456832 
0.4967483741870935 0.9688613678284763 
0.49724862431215605 0.9692001864991755 
0.49774887443721855 0.969495632826643 
0.4982491245622811 0.9697476249193643 
0.49874937468734365 0.9699560843918991 
0.49924962481240615 0.970120935638468 
0.4997498749374687 0.9702421051215522 
0.5002501250625312 0.9703195206833058 
0.5007503751875938 0.970353110887438 
0.5012506253126563 0.9703428043990362 
0.5017508754377188 0.9702885294095596 
0.5022511255627814 0.970190213113905 
0.5027513756878439 0.9700477812461147 
0.5032516258129064 0.9698611576798692 
0.503751875937969 0.9696302640994541 
0.5042521260630315 0.9693550197463849 
0.504752376188094 0.9690353412463277 
0.5052526263131566 0.9686711425203577 
0.5057528764382191 0.9682623347839892 
0.5062531265632816 0.9678088266367394 
0.5067533766883441 0.9673105242443152 
0.5072536268134067 0.96676733161481 
0.5077538769384692 0.9661791509695568 
0.5082541270635317 0.9655458832085703 
0.5087543771885943 0.9648674284697443 
0.5092546273136568 0.9641436867802304 
0.5097548774387193 0.9633745587976777 
0.5102551275637819 0.9625599466382546 
0.5107553776888444 0.9616997547876761 
0.5112556278139069 0.9607938910907069 
0.5117558779389695 0.9598422678139502 
0.512256128064032 0.9588448027760421 
0.5127563781890945 0.9578014205387663 
0.5132566283141571 0.9567120536519647 
0.5137568784392196 0.9555766439446077 
0.5142571285642821 0.9543951438538322 
0.5147573786893447 0.9531675177833145 
0.5152576288144072 0.9518937434819318 
0.5157578789394697 0.9505738134332892 
0.5162581290645323 0.9492077362464125 
0.5167583791895948 0.9477955380376484 
0.5172586293146573 0.9463372637936579 
0.5177588794397199 0.9448329787052544 
0.5182591295647824 0.9432827694618239 
0.5187593796898449 0.9416867454960642 
0.5192596298149074 0.9400450401688859 
0.51975987993997 0.9383578118844829 
0.5202601300650325 0.9366252451257981 
0.520760380190095 0.9348475514009339 
0.5212606303151576 0.9330249700913865 
0.5217608804402201 0.931157769193461 
0.5222611305652826 0.9292462459446822 
0.5227613806903452 0.9272907273275884 
0.5232616308154077 0.9252915704439233 
0.5237618809404702 0.9232491627528949 
0.5242621310655328 0.9211639221679004 
0.5247623811905953 0.919036297006897 
0.5252626313156578 0.9168667657924084 
0.5257628814407204 0.9146558368980101 
0.5262631315657829 0.9124040480390343 
0.5267633816908454 0.9101119656061616 
0.527263631815908 0.9077801838414864 
0.5277638819409705 0.9054093238576454 
0.528264132066033 0.9030000325015433 
0.5287643821910956 0.9005529810652064 
0.5292646323161581 0.8980688638472896 
0.5297648824412206 0.8955483965697253 
0.530265132566283 0.8929923146549861 
0.5307653826913457 0.8904013713703841 
0.5312656328164082 0.8877763358467547 
0.5317658829414706 0.885117990979787 
0.5322661330665333 0.8824271312231028 
0.5327663831915957 0.8797045602830529 
0.5332666333166582 0.8769510887259439 
0.5337668834417209 0.8741675315091461 
0.5342671335667833 0.8713547054482234 
0.5347673836918458 0.8685134266328143 
0.5352676338169085 0.8656445078045468 
0.535767883941971 0.8627487557107465 
0.5362681340670334 0.8598269684481056 
0.536768384192096 0.8568799328107787 
0.5372686343171585 0.8539084216576531 
0.537768884442221 0.8509131913136717 
0.5382691345672836 0.8478949790201772 
0.5387693846923461 0.8448545004492333 
0.5392696348174086 0.8417924472967954 
0.5397698849424712 0.8387094849693817 
0.5402701350675337 0.8356062503786731 
0.5407703851925962 0.8324833498580727 
0.5412706353176588 0.8293413572148124 
0.5417708854427213 0.8261808119306859 
0.5422711355677838 0.8230022175238427 
0.5427713856928463 0.8198060400833939 
0.5432716358179089 0.8165927069878118 
0.5437718859429714 0.8133626058172438 
0.5442721360680339 0.8101160834689544 
0.5447723861930965 0.8068534454841064 
0.545272636318159 0.8035749555930717 
0.5457728864432215 0.8002808354853358 
0.5462731365682841 0.7969712648089126 
0.5467733866933466 0.7936463814030005 
0.5472736368184091 0.7903062817663662 
0.5477738869434717 0.7869510217626612 
0.5482741370685342 0.7835806175626145 
0.5487743871935967 0.7801950468217151 
0.5492746373186593 0.7767942500906628 
0.5497748874437218 0.7733781324545818 
0.5502751375687843 0.7699465653956379 
0.5507753876938469 0.7664993888723937 
0.5512756378189094 0.7630364136079683 
0.5517758879439719 0.75955742357779 
0.5522761380690345 0.7560621786864913 
0.552776388194097 0.7525504176223343 
0.5532766383191595 0.7490218608764021 
0.5537768884442221 0.7454762139126856 
0.5542771385692846 0.7419131704742274 
0.5547773886943471 0.7383324160094712 
0.5552776388194096 0.7347336312021341 
0.5557778889444722 0.7311164955870822 
0.5562781390695347 0.727480691234011 
0.5567783891945972 0.7238259064800918 
0.5572786393196598 0.7201518396922062 
0.5577788894447223 0.716458203039 
0.5582791395697848 0.7127447262526252 
0.5587793896948474 0.7090111603598279 
0.5592796398199099 0.7052572813619477 
0.5597798899449724 0.7014828938433711 
0.560280140070035 0.697687834488078 
0.5607803901950975 0.6938719754841846 
0.56128064032016 0.6900352277966701 
0.5617808904452226 0.6861775442889351 
0.5622811405702851 0.6822989226744057 
0.5627813906953476 0.6783994082800311 
0.5632816408204102 0.674479096604299 
0.5637818909454727 0.6705381356532696 
0.5642821410705352 0.6665767280390827 
0.5647823911955978 0.6625951328264437 
0.5652826413206603 0.6585936671137774 
0.5657828914457228 0.6545727073369457 
0.5662831415707853 0.650532690284727 
0.5667833916958479 0.6464741138166928 
0.5672836418209104 0.6423975372755052 
0.5677838919459729 0.6383035815872141 
0.5682841420710355 0.6341929290446692 
0.568784392196098 0.6300663227707767 
0.5692846423211605 0.6259245658599698 
0.5697848924462231 0.6217685201979023 
0.5702851425712856 0.6175991049611087 
0.5707853926963481 0.6134172948000052 
0.5712856428214107 0.6092241177103326 
0.5717858929464732 0.6050206525998248 
0.5722861430715357 0.6008080265585376 
0.5727863931965983 0.5965874118429008 
0.5732866433216608 0.5923600225851878 
0.5737868934467233 0.5881271112416272 
0.5742871435717859 0.583889964793874 
0.5747873936968484 0.5796499007200359 
0.5752876438219109 0.5754082627527831 
0.5757878939469735 0.5711664164433596 
0.576288144072036 0.5669257445515588 
0.5767883941970985 0.5626876422827907 
0.5772886443221611 0.5584535123944061 
0.5777888944472236 0.5542247601943469 
0.5782891445722861 0.5500027884559797 
0.5787893946973486 0.5457889922736608 
0.5792896448224112 0.5415847538841162 
0.5797898949474737 0.537391437479175 
0.5802901450725362 0.5332103840356957 
0.5807903951975988 0.5290429061886668 
0.5812906453226613 0.5248902831735527 
0.5817908954477238 0.5207537558638221 
0.5822911455727864 0.5166345219293689 
0.5827913956978489 0.5125337311411992 
0.5832916458229114 0.5084524808472295 
0.583791895947974 0.5043918116434137 
0.5842921460730365 0.5003527032636784 
0.584792396198099 0.49633607071122443 
0.5852926463231616 0.49234276065276306 
0.5857928964482241 0.4883735480961182 
0.5862931465732866 0.48442913337037874 
0.5867933966983492 0.4805101394264204 
0.5872936468234117 0.4766171094741855 
0.5877938969484742 0.47275050497153376 
0.5882941470735368 0.46891070397783763 
0.5887943971985993 0.46509799988379225 
0.5892946473236618 0.4613126005271045 
0.5897948974487243 0.4575546277018541 
0.5902951475737869 0.4538241170674565 
0.5907953976988494 0.45012101846114205 
0.5912956478239119 0.4464451966159297 
0.5917958979489745 0.4427964322840162 
0.592296148074037 0.4391744237635095 
0.5927963981990995 0.43557878882437867 
0.5932966483241621 0.4320090670274654 
0.5937968984492246 0.42846472242840916 
0.5942971485742871 0.42494514665634275 
0.5947973986993497 0.42144966235526343 
0.5952976488244122 0.41797752697410606 
0.5957978989494747 0.4145279368896919 
0.5962981490745373 0.4111000318449472 
0.5967983991995998 0.4076928996831118 
0.5972986493246623 0.40430558135703704 
0.5977988994497249 0.40093707619114366 
0.5982991495747874 0.39758634737223053 
0.5987993996998499 0.3942523276440053 
0.5992996498249125 0.39093392517902015 
0.599799899949975 0.38763002960066095 
0.6003001500750375 0.3843395181269017 
0.6008004002001001 0.38106126180673094 
0.6013006503251626 0.37779413181954813 
0.601800900450225 0.37453700580729155 
0.6023011505752875 0.3712887742087074 
0.6028014007003502 0.36804834656500296 
0.6033016508254126 0.3648146577660277 
0.6038019009504751 0.36158667420627766 
0.6043021510755378 0.35836339982023047 
0.6048024012006002 0.35514388196698765 
0.6053026513256627 0.35192721713471203 
0.6058029014507254 0.3487125564360981 
0.6063031515757878 0.34549911086696816 
0.6068034017008503 0.34228615630108905 
0.607303651825913 0.33907303819545026 
0.6078039019509754 0.3358591759815364 
0.6083041520760379 0.3326440671195259 
0.6088044022011005 0.32942729079386773 
0.609304652326163 0.326208511230361 
0.6098049024512255 0.3229874806165875 
0.6103051525762881 0.31976404160940286 
0.6108054027013506 0.316538129415144 
0.6113056528264131 0.313309773430212 
0.6118059029514757 0.31007909843178694 
0.6123061530765382 0.3068463253105749 
0.6128064032016007 0.30361177133970263 
0.6133066533266633 0.300375849976074 
0.6138069034517258 0.2971390701928095 
0.6143071535767883 0.293902035343641 
0.6148074037018508 0.29066544156242213 
0.6153076538269134 0.28743007570319906 
0.6158079039519759 0.28419681282853804 
0.6163081540770384 0.2809666132560462 
0.616808404202101 0.2777405191751795 
0.6173086543271635 0.274519650848615 
0.617808904452226 0.27130520241449674 
0.6183091545772886 0.2680984373078683 
0.6188094047023511 0.26490068332155337 
0.6193096548274136 0.2617133273285249 
0.6198099049524762 0.25853780968954093 
0.6203101550775387 0.2553756183714393 
0.6208104052026012 0.2522282828029609 
0.6213106553276638 0.24909736749631492 
0.6218109054527263 0.2459844654639598 
0.6223111555777888 0.24289119146111982 
0.6228114057028514 0.23981917508550257 
0.6233116558279139 0.2367700537664814 
0.6238119059529764 0.2337454656766062 
0.624312156078039 0.2307470425987873 
0.6248124062031015 0.22777640278280167 
0.625312656328164 0.22483514382489972 
0.6258129064532265 0.22192483560427065 
0.6263131565782891 0.21904701330993329 
0.6268134067033516 0.2162031705912533 
0.6273136568284141 0.21339475286478196 
0.6278139069534767 0.21062315080940772 
0.6283141570785392 0.20788969408099384 
0.6288144072036017 0.205195645276673 
0.6293146573286643 0.2025421941778113 
0.6298149074537268 0.19993045229939416 
0.6303151575787893 0.1973614477721474 
0.6308154077038519 0.19483612058213373 
0.6313156578289144 0.192355318190927 
0.6318159079539769 0.1899197915576353 
0.6323161580790395 0.18753019158215548 
0.632816408204102 0.1851870659870578 
0.6333166583291645 0.18289085665339733 
0.6338169084542271 0.18064189742359593 
0.6343171585792896 0.17844041238231573 
0.6348174087043521 0.17628651462396025 
0.6353176588294147 0.1741802055131066 
0.6358179089544772 0.1721213744418314 
0.6363181590795397 0.1701097990855035 
0.6368184092046023 0.16814514615622322 
0.6373186593296648 0.16622697265072756 
0.6378189094547273 0.16435472758718875 
0.6383191595797898 0.16252775422300256 
0.6388194097048524 0.16074529274335572 
0.6393196598299149 0.159006483408115 
0.6398199099549774 0.15731037014237612 
0.64032016008004 0.15565590455389572 
0.6408204102051025 0.1540419503585917 
0.641320660330165 0.15246728819334593 
0.6418209104552276 0.1509306207935026 
0.6423211605802901 0.14943057851071487 
0.6428214107053526 0.1479657251451911 
0.6433216608304152 0.14653456406488247 
0.6438219109554777 0.14513554458282987 
0.6443221610805402 0.1437670685626535 
0.6448224112056028 0.14242749722111162 
0.6453226613306653 0.14111515809575556 
0.6458229114557278 0.13982835214492967 
0.6463231615807904 0.13856536094679706 
0.6468234117058529 0.1373244539636138 
0.6473236618309154 0.1361038958372387 
0.647823911955978 0.1349019536817276 
0.6483241620810405 0.13371690433896688 
0.648824412206103 0.13254704156350752 
0.6493246623311655 0.13139068310315583 
0.6498249124562281 0.13024617764246132 
0.6503251625812906 0.12911191157693033 
0.6508254127063531 0.12798631558668594 
0.6513256628314157 0.12686787097931426 
0.6518259129564782 0.12575511577280496 
0.6523261630815407 0.12464665049080922 
0.6528264132066033 0.12354114364387024 
0.6533266633316658 0.12243733687186692 
0.6538269134567283 0.12133404972456929 
0.6543271635817909 0.12023018405902859 
0.6548274137068534 0.11912472803439243 
0.6553276638319159 0.11801675968673707 
0.6558279139569785 0.11690545006855496 
0.656328164082041 0.11579006593969082 
0.6568284142071035 0.11466997199868549 
0.6573286643321661 0.11354463264574963 
0.6578289144572286 0.11241361327084937 
0.6583291645822911 0.11127658106269657 
0.6588294147073537 0.11013330533675007 
0.6593296648324162 0.10898365738264686 
0.6598299149574787 0.10782760983380271 
0.6603301650825413 0.1066652355641942 
0.6608304152076038 0.10549670611960275 
0.6613306653326663 0.10432228969281422 
0.6618309154577288 0.10314234865441627 
0.6623311655827914 0.10195733665294343 
0.6628314157078539 0.10076779530013702 
0.6633316658329164 0.09957435045902141 
0.663831915957979 0.09837770815434134 
0.6643321660830415 0.09717865012664964 
0.664832416208104 0.09597802905297101 
0.6653326663331666 0.09477676345845476 
0.6658329164582291 0.09357583234485257 
0.6663331665832916 0.09237626956288296 
0.6668334167083542 0.09117915795667371 
0.6673336668334167 0.08998562330945131 
0.6678339169584792 0.08879682812046971 
0.6683341670835418 0.0876139652438457 
0.6688344172086043 0.08643825142050585 
0.6693346673336668 0.08527092073480742 
0.6698349174587294 0.08411321802760935 
0.6703351675837919 0.08296639229764442 
0.6708354177088544 0.08183169012291658 
0.671335667833917 0.08071034913361544 
0.6718359179589795 0.07960359156762747 
0.672336168084042 0.07851261793915705 
0.6728364182091046 0.0774386008502727 
0.673336668334167 0.07638267897435233 
0.6738369184592296 0.07534595123940224 
0.674337168584292 0.07432947123811198 
0.6748374187093547 0.07333424189027311 
0.6753376688344171 0.07236121038180653 
0.6758379189594796 0.07141126340318873 
0.6763381690845423 0.07048522270846902 
0.6768384192096047 0.06958384101440598 
0.6773386693346672 0.06870779825748885 
0.6778389194597298 0.06785769822475336 
0.6783391695847923 0.06703406557242028 
0.6788394197098548 0.06623734324439301 
0.6793396698349174 0.06546789030064461 
0.6798399199599799 0.06472598016347611 
0.6803401700850424 0.06401179928754308 
0.680840420210105 0.06332544625744094 
0.6813406703351675 0.06266693131455602 
0.68184092046023 0.06203617631276362 
0.6823411705852926 0.061433015100490526 
0.6828414207103551 0.060857194324583745 
0.6833416708354176 0.06030837464940901 
0.6838419209604802 0.059786132382609346 
0.6843421710855427 0.05928996149704994 
0.6848424212106052 0.058819276036581804 
0.6853426713356677 0.05837341289148908 
0.6858429214607303 0.05795163492776268 
0.6863431715857928 0.057553134452730324 
0.6868434217108553 0.057177036998034156 
0.6873436718359179 0.05682240539954491 
0.6878439219609804 0.05648824415247672 
0.6883441720860429 0.056173504018772 
0.6888444222111055 0.05587708686276568 
0.689344672336168 0.05559785069016569 
0.6898449224612305 0.05533461486459255 
0.6903451725862931 0.05508616547521601 
0.6908454227113556 0.054851260828483274 
0.6913456728364181 0.05462863703652267 
0.6918459229614807 0.05441701367451812 
0.6923461730865432 0.054215099479231754 
0.6928464232116057 0.05402159806083255 
0.6933466733366683 0.05383521360034226 
0.6938469234617308 0.05365465650528084 
0.6943471735867933 0.05347864899649477 
0.6948474237118559 0.05330593059969887 
0.6953476738369184 0.05313526351592232 
0.6958479239619809 0.052965437845835524 
0.6963481740870435 0.05279527664384347 
0.696848424212106 0.05262364077884818 
0.6973486743371685 0.052449433579698744 
0.697848924462231 0.052271605244586856 
0.6983491745872936 0.05208915699494244 
0.6988494247123561 0.051901144955805396 
0.6993496748374186 0.05170668374611515 
0.6998499249624812 0.051504949763917535 
0.7003501750875437 0.05129518415310269 
0.7008504252126062 0.05107669543994373 
0.7013506753376688 0.05084886182942733 
0.7018509254627313 0.05061113315310147 
0.7023511755877938 0.05036303246194835 
0.7028514257128564 0.05010415725957124 
0.7033516758379189 0.049834180372783254 
0.7038519259629814 0.0495528504584878 
0.704352176088044 0.04925999214752227 
0.7048524262131065 0.04895550582790364 
0.705352676338169 0.04863936707166441 
0.7058529264632316 0.048311625711164596 
0.7063531765882941 0.04797240457242208 
0.7068534267133566 0.047621897874637394 
0.7073536768384192 0.047260369306601914 
0.7078539269634817 0.0468881497921942 
0.7083541770885442 0.046505634958564836 
0.7088544272136067 0.0461132823219323 
0.7093546773386693 0.045711608207175826 
0.7098549274637318 0.04530118441854199 
0.7103551775887943 0.04488263467985535 
0.7108554277138569 0.0444566308635641 
0.7113556778389194 0.04402388902881263 
0.7118559279639819 0.04358516528947481 
0.7123561780890445 0.04314125153370149 
0.712856428214107 0.04269297101707925 
0.7133566783391695 0.0422411738518746 
0.7138569284642321 0.041786732415152274 
0.7143571785892946 0.0413305366987169 
0.7148574287143571 0.04087348962389302 
0.7153576788394197 0.040416502344100456 
0.7158579289644822 0.039960489558019105 
0.7163581790895447 0.03950636485585618 
0.7168584292146073 0.03905503612083745 
0.7173586793396698 0.03860740100756662 
0.7178589294647323 0.03816434251828211 
0.7183591795897949 0.03772672469736894 
0.7188594297148574 0.03729538846368287 
0.7193596798399199 0.03687114759938453 
0.7198599299649825 0.03645478491300825 
0.720360180090045 0.036047048593474164 
0.7208604302151075 0.035648648770634186 
0.72136068034017 0.03526025429677686 
0.7218609304652326 0.03488248976228927 
0.7223611805902951 0.03451593275738624 
0.7228614307153576 0.034161111390507225 
0.7233616808404202 0.03381850207259355 
0.7238619309654827 0.033488527575096745 
0.7243621810905452 0.033171555368123364 
0.7248624312156078 0.03286789624370879 
0.7253626813406703 0.03257780322776898 
0.7258629314657328 0.032301470782828384 
0.7263631815907954 0.03203903430220047 
0.7268634317158579 0.03179056989487073 
0.7273636818409204 0.03155609445892256 
0.727863931965983 0.03133556603998995 
0.7283641820910455 0.031128884469864667 
0.728864432216108 0.03093589227908714 
0.7293646823411706 0.030756375876106856 
0.7298649324662331 0.030590066984382065 
0.7303651825912956 0.030436644327647384 
0.7308654327163582 0.030295735552494367 
0.7313656828414207 0.030166919376395027 
0.7318659329664832 0.030049727948342122 
0.7323661830915458 0.029943649408422524 
0.7328664332166083 0.029848130631833766 
0.7333666833416708 0.029762580142146874 
0.7338669334667333 0.029686371177990306 
0.7343671835917959 0.0296188448967817 
0.7348674337168584 0.02955931369868679 
0.7353676838419209 0.02950706465360016 
0.7358679339669835 0.029461363013684787 
0.736368184092046 0.02942145579380065 
0.7368684342171085 0.02938657540205483 
0.7373686843421711 0.029355943302700263 
0.7378689344672336 0.02932877369367125 
0.7383691845922961 0.029304277181215123 
0.7388694347173587 0.029281664434311478 
0.7393696848424212 0.02926014980190218 
0.7398699349674837 0.0292389548763462 
0.7403701850925463 0.029217311987001664 
0.7408704352176088 0.029194467608379012 
0.7413706853426713 0.029169685667915713 
0.7418709354677339 0.029142250739125804 
0.7423711855927964 0.02911147110658537 
0.7428714357178589 0.029076681690036393 
0.7433716858429215 0.029037246815713468 
0.743871935967984 0.028992562823899108 
0.7443721860930465 0.028942060502629707 
0.744872436218109 0.02888520733845184 
0.7453726863431716 0.028821509576103452 
0.745872936468234 0.028750514080022466 
0.7463731865932965 0.02867180999161298 
0.7468734367183592 0.028585030177247252 
0.7473736868434216 0.028489852463043953 
0.7478739369684841 0.028386000653504113 
0.7483741870935467 0.028273245332159146 
0.7488744372186092 0.02815140444341622 
0.7493746873436717 0.02802034365582879 
0.7498749374687343 0.02787997650802845 
0.7503751875937968 0.027730264339553806 
0.7508754377188593 0.02757121600976764 
0.751375687843922 0.02740288740899461 
0.7518759379689844 0.027225380766904613 
0.7523761880940469 0.027038843764033222 
0.7528764382191095 0.02684346845313215 
0.753376688344172 0.026639489997832038 
0.7538769384692345 0.02642718523679793 
0.7543771885942971 0.02620687108225201 
0.7548774387193596 0.025978902762326107 
0.7553776888444221 0.025743671917298632 
0.7558779389694847 0.025501604560231903 
0.7563781890945472 0.025253158913017625 
0.7568784392196097 0.024998823129171142 
0.7573786893446722 0.024739112915083596 
0.7578789394697348 0.024474569061667863 
0.7583791895947973 0.024205754898559202 
0.7588794397198598 0.02393325368315909 
0.7593796898449224 0.023657665936897845 
0.7598799399699849 0.02337960674110889 
0.7603801900950474 0.02309970300488137 
0.76088044022011 0.02281859071714144 
0.7613806903451725 0.022536912195104196 
0.761880940470235 0.02225531334099192 
0.7623811905952976 0.021974440918702095 
0.7628814407203601 0.021694939861787485 
0.7633816908454226 0.02141745062376932 
0.7638819409704852 0.02114260658142581 
0.7643821910955477 0.020871031501251608 
0.7648824412206102 0.020603337078840017 
0.7653826913456728 0.02034012056042286 
0.7658829414707353 0.02008196245528306 
0.7663831915957978 0.01982942434719015 
0.7668834417208604 0.019583046812431122 
0.7673836918459229 0.019343347451408893 
0.7678839419709854 0.01911081904015303 
0.7683841920960479 0.018885927807460817 
0.7688844422211105 0.018669111842738922 
0.769384692346173 0.018460779638961693 
0.7698849424712355 0.018261308774514023 
0.7703851925962981 0.01807104473702449 
0.7708854427213606 0.017890299891639202 
0.7713856928464231 0.017719352595541086 
0.7718859429714857 0.017558446459883734 
0.7723861930965482 0.01740778975966367 
0.7728864432216107 0.017267554991463804 
0.7733866933466733 0.01713787857836926 
0.7738869434717358 0.017018860720808757 
0.7743871935967983 0.016910565391487425 
0.7748874437218609 0.01681302047205274 
0.7753876938469234 0.016726218028613432 
0.7758879439719859 0.016650114722750273 
0.7763881940970485 0.016584632354185985 
0.776888444222111 0.016529658530854478 
0.7773886943471735 0.016485047461711016 
0.7778889444722361 0.016450620867233468 
0.7783891945972986 0.016426169002240743 
0.7788894447223611 0.016411451785336026 
0.7793896948474237 0.016406200028994174 
0.7798899449724862 0.01641011676407141 
0.7803901950975487 0.01642287865230648 
0.7808904452226112 0.016444137480171706 
0.7813906953476738 0.016473521727306952 
0.7818909454727363 0.016510638202619225 
0.7823911955977988 0.01655507374105065 
0.7828914457228614 0.016606396953948395 
0.7833916958479239 0.01666416002592546 
0.7838919459729864 0.016727900551100797 
0.784392196098049 0.01679714340160815 
0.7848924462231115 0.016871402621313283 
0.785392696348174 0.016950183337741734 
0.7858929464732366 0.017032983685294364 
0.7863931965982991 0.01711929673294647 
0.7868934467233616 0.017208612409735452 
0.7873936968484242 0.017300419421508683 
0.7878939469734867 0.01739420715253873 
0.7883941970985492 0.017489467545805944 
0.7888944472236118 0.0175856969559268 
0.7893946973486743 0.017682397968914562 
0.7898949474737368 0.01777908118317433 
0.7903951975987994 0.01787526694634463 
0.7908954477238619 0.017970487042847007 
0.7913956978489244 0.018064286327226526 
0.791895947973987 0.018156224298630112 
0.7923961980990495 0.018245876611997516 
0.792896448224112 0.018332836521821515 
0.7933966983491745 0.018416716254566583 
0.7938969484742371 0.01849714830610933 
0.7943971985992996 0.01857378666083166 
0.7948974487243621 0.018646307929240512 
0.7953976988494247 0.018714412401273344 
0.7958979489744872 0.018777825012699607 
0.7963981990995497 0.01883629622229065 
0.7968984492246123 0.0188896027976967 
0.7973986993496748 0.018937548508231136 
0.7978989494747373 0.01897996472300676 
0.7983991995997999 0.01901671091314588 
0.7988994497248624 0.019047675057023046 
0.7993996998499249 0.01907277394775867 
0.7998999499749875 0.019091953402429723 
0.80040020010005 0.019105188372717925 
0.8009004502251125 0.019112482956947726 
0.8014007003501751 0.01911387031372735 
0.8019009504752376 0.01910941247763426 
0.8024012006003001 0.01909920007762991 
0.8029014507253627 0.019083351959136668 
0.8034017008504252 0.019062014710927697 
0.8039019509754877 0.019035362098237127 
0.8044022011005502 0.019003594403711462 
0.8049024512256128 0.01896693767807018 
0.8054027013506753 0.018925642902570622 
0.8059029514757378 0.018879985065594823 
0.8064032016008004 0.01883026215591826 
0.8069034517258629 0.01877679407542753 
0.8074037018509254 0.018719921474303278 
0.807903951975988 0.018660004511885805 
0.8084042021010505 0.01859742154667457 
0.808904452226113 0.018532567759127413 
0.8094047023511756 0.01846585371113966 
0.8099049524762381 0.018397703846299872 
0.8104052026013006 0.018328554935220953 
0.8109054527263632 0.01825885447045599 
0.8114057028514257 0.018189059015698377 
0.8119059529764882 0.01811963251416693 
0.8124062031015508 0.01805104456125712 
0.8129064532266133 0.017983768646717406 
0.8134067033516758 0.017918280371782697 
0.8139069534767384 0.017855055646849877 
0.8144072036018009 0.017794568875442146 
0.8149074537268634 0.017737291130327605 
0.815407703851926 0.017683688327804075 
0.8159079539769885 0.01763421940625304 
0.816408204102051 0.017589334515176 
0.8169084542271134 0.01754947322099528 
0.817408704352176 0.017515062735980955 
0.8179089544772385 0.0174865161766752 
0.818409204602301 0.01746423085826002 
0.8189094547273637 0.017448586631268047 
0.8194097048524261 0.01743994426704877 
0.8199099549774886 0.01743864389835973 
0.8204102051025512 0.01744500352137082 
0.8209104552276137 0.01745931756530012 
0.8214107053526762 0.017481855535783325 
0.8219109554777388 0.01751286073792579 
0.8224112056028013 0.017552549084838734 
0.8229114557278638 0.01760110799726113 
0.8234117058529264 0.01765869539964538 
0.8239119559779889 0.017725438817849083 
0.8244122061030514 0.017801434583294067 
0.824912456228114 0.017886747148153356 
0.8254127063531765 0.01798140851580685 
0.825912956478239 0.018085417790444168 
0.8264132066033016 0.018198740849317892 
0.8269134567283641 0.018321310140749412 
0.8274137068534266 0.018453024610552315 
0.8279139569784892 0.018593749759096487 
0.8284142071035517 0.018743317830755942 
0.8289144572286142 0.018901528137000245 
0.8294147073536767 0.01906814751385403 
0.8299149574787393 0.019242910913956794 
0.8304152076038018 0.01942552213288014 
0.8309154577288643 0.0196156546688106 
0.8314157078539269 0.01981295271415383 
0.8319159579789894 0.020017032277022277 
0.8324162081040519 0.02022748242999282 
0.8329164582291145 0.020443866682944782 
0.833416708354177 0.02066572447619274 
0.8339169584792395 0.020892572789548525 
0.8344172086043021 0.021123907862377476 
0.8349174587293646 0.021359207019135913 
0.8354177088544271 0.021597930594324487 
0.8359179589794897 0.021839523950243106 
0.8364182091045522 0.02208341958041188 
0.8369184592296147 0.02232903929102262 
0.8374187093546773 0.022575796452281523 
0.8379189594797398 0.022823098311074486 
0.8384192096048023 0.023070348355939126 
0.8389194597298649 0.023316948724947203 
0.8394197098549274 0.023562302646726437 
0.8399199599799899 0.023805816904547635 
0.8404202101050524 0.024046904313101792 
0.840920460230115 0.02428498619736647 
0.8414207103551775 0.024519494862759294 
0.84192096048024 0.024749876045634427 
0.8424212106053026 0.024975591333063603 
0.8429214607303651 0.025196120540821532 
0.8434217108554276 0.025410964038466457 
0.8439219609804902 0.02561964501049029 
0.8444222111055527 0.025821711642599797 
0.8449224612306152 0.026016739222366813 
0.8454227113556778 0.026204332143707272 
0.8459229614807403 0.026384125804902767 
0.8464232116058028 0.026555788390225935 
0.8469234617308654 0.02671902252560948 
0.8474237118559279 0.02687356679921736 
0.8479239619809904 0.027019197138287994 
0.848424212106053 0.027155728034140292 
0.8489244622311155 0.027283013607825233 
0.849424712356178 0.02740094850954248 
0.8499249624812406 0.02750946864561738 
0.8504252126063031 0.027608551727558363 
0.8509254627313656 0.027698217638464896 
0.8514257128564282 0.027778528612870543 
0.8519259629814907 0.027849589226918915 
0.8524262131065532 0.02791154619663337 
0.8529264632316157 0.027964587982930465 
0.8534267133566783 0.028008944202925917 
0.8539269634817408 0.028044884848003982 
0.8544272136068033 0.028072719310060827 
0.8549274637318659 0.02809279521826671 
0.8554277138569284 0.02810549708964723 
0.8559279639819909 0.028111244797717094 
0.8564282141070535 0.02811049186434375 
0.856928464232116 0.028103723580949053 
0.8574287143571785 0.028091454966048927 
0.8579289644822411 0.028074228567044047 
0.8584292146073036 0.028052612115012275 
0.8589294647323661 0.028027196042104827 
0.8594297148574287 0.027998590871922337 
0.8599299649824912 0.027967424494025547 
0.8604302151075537 0.027934339334415616 
0.8609304652326163 0.027899989434502667 
0.8614307153576788 0.027865037451673673 
0.8619309654827413 0.02783015159511369 
0.8624312156078039 0.027796002511035173 
0.8629314657328664 0.02776326013187767 
0.8634317158579289 0.027732590504391585 
0.8639319659829914 0.027704652611813804 
0.864432216108054 0.027680095205534026 
0.8649324662331165 0.02765955366179567 
0.865432716358179 0.02764364687901766 
0.8659329664832416 0.027632974231307412 
0.8664332166083041 0.02762811259362802 
0.8669334667333666 0.027629613453890426 
0.8674337168584292 0.027638000126986154 
0.8679339669834917 0.027653765085418027 
0.8684342171085542 0.027677367420769934 
0.8689344672336168 0.027709230449740985 
0.8694347173586793 0.027749739477898532 
0.8699349674837418 0.027799239733636186 
0.8704352176088044 0.02785803448409806 
0.8709354677338669 0.027926383344038724 
0.8714357178589294 0.028004500787704018 
0.871935967983992 0.028092554872907127 
0.8724362181090545 0.0281906661854798 
0.872936468234117 0.028298907011236295 
0.8734367183591796 0.028417300741502532 
0.8739369684842421 0.028545821517120033 
0.8744372186093046 0.028684394114676277 
0.8749374687343672 0.02883289407748508 
0.8754377188594297 0.028991148092635696 
0.8759379689844922 0.029158934614151068 
0.8764382191095547 0.029335984731041452 
0.8769384692346173 0.02952198327776676 
0.8774387193596798 0.029716570183337475 
0.8779389694847423 0.029919342054019703 
0.8784392196098049 0.030129853983355336 
0.8789394697348674 0.030347621581960405 
0.8794397198599299 0.0305721232183745 
0.8799399699849925 0.0308028024610422 
0.880440220110055 0.03103907071036406 
0.8809404702351175 0.03128031000870065 
0.8814407203601801 0.03152587601513342 
0.8819409704852426 0.03177510113083869 
0.882441220610305 0.032027297760014145 
0.8829414707353677 0.03228176169045465 
0.8834417208604302 0.03253777557710975 
0.8839419709854927 0.03279461251128163 
0.8844422211105553 0.03305153965752991 
0.8849424712356178 0.03330782193982473 
0.8854427213606803 0.03356272575811403 
0.8859429714857429 0.03381552271613021 
0.8864432216108054 0.03406549334106638 
0.8869434717358678 0.034311930775641396 
0.8874437218609305 0.03455414442306443 
0.887943971985993 0.03479146352552994 
0.8884442221110554 0.03502324065705548 
0.8889444722361179 0.03524885511182585 
0.8894447223611806 0.03546771616960355 
0.889944972486243 0.03567926622030432 
0.8904452226113055 0.035882983730477234 
0.8909454727363681 0.03607838603514696 
0.8914457228614306 0.036265031939320236 
0.8919459729864931 0.03644252411438368 
0.8924462231115557 0.03661051127563686 
0.8929464732366182 0.03676869012831717 
0.8934467233616807 0.03691680707064495 
0.8939469734867433 0.03705465964371078 
0.8944472236118058 0.03718209771932271 
0.8949474737368683 0.037299024418361075 
0.8954477238619309 0.03740539675362652 
0.8959479739869934 0.03750122599266929 
0.8964482241120559 0.037586577737639605 
0.8969484742371185 0.037661571720775444 
0.897448724362181 0.037726381315736 
0.8979489744872435 0.03778123276662768 
0.8984492246123061 0.03782640413817944 
0.8989494747373686 0.03786222399215479 
0.8994497248624311 0.037889069796713366 
0.8999499749874936 0.03790736607700713 
0.9004502251125562 0.03791758231689437 
0.9009504752376187 0.03792023062314949 
0.9014507253626812 0.037915863165061174 
0.9019509754877438 0.03790506940370858 
0.9024512256128063 0.037888473126593505 
0.9029514757378688 0.03786672930457484 
0.9034517258629314 0.037840520789266224 
0.9039519759879939 0.037810554870186204 
0.9044522261130564 0.03777755971195245 
0.904952476238119 0.03774228069275061 
0.9054527263631815 0.03770547666610306 
0.905952976488244 0.03766791616866089 
0.9064532266133066 0.03763037359731386 
0.9069534767383691 0.037593625379349876 
0.9074537268634316 0.03755844615972857 
0.9079539769884942 0.03752560502967815 
0.9084542271135567 0.03749586182090331 
0.9089544772386192 0.03746996348956855 
0.9094547273636818 0.03744864061398575 
0.9099549774887443 0.037432604029569695 
0.9104552276138068 0.037422541624068544 
0.9109554777388694 0.03741911531545127 
0.9114557278639319 0.03742295823399353 
0.9119559779889944 0.03743467212918555 
0.9124562281140569 0.03745482502099948 
0.9129564782391195 0.03748394911384434 
0.913456728364182 0.03752253899021753 
0.9139569784892445 0.037571050099591274 
0.9144572286143071 0.03762989755652151 
0.9149574787393696 0.03769945526028881 
0.9154577288644321 0.03778005534659986 
0.9159579789894947 0.037871987980025834 
0.9164582291145572 0.03797550149389843 
0.9169584792396197 0.03809080288236707 
0.9174587293646823 0.03821805864723021 
0.9179589794897448 0.038357396000033905 
0.9184592296148073 0.03850890441772932 
0.9189594797398699 0.038672637547988754 
0.9194597298649324 0.038848615458041656 
0.9199599799899949 0.0390368272186625 
0.9204602301150575 0.03923723381270284 
0.92096048024012 0.03944977135535631 
0.9214607303651825 0.039674354611147475 
0.9219609804902451 0.03991088079050526 
0.9224612306153076 0.04015923360668205 
0.9229614807403701 0.04041928757176744 
0.9234617308654326 0.040690912508587966 
0.9239619809904952 0.0409739782534437 
0.9244622311155577 0.04126835952287765 
0.9249624812406202 0.04157394091602434 
0.9254627313656828 0.04189062202259017 
0.9259629814907453 0.04221832260512013 
0.9264632316158078 0.042556987822972236 
0.9269634817408704 0.042906593464358024 
0.9274637318659329 0.043267151151851084 
0.9279639819909954 0.04363871348605441 
0.928464232116058 0.04402137909151344 
0.9289644822411205 0.04441529752858237 
0.929464732366183 0.04482067403475485 
0.9299649824912456 0.04523777405894827 
0.9304652326163081 0.04566692755242631 
0.9309654827413706 0.046108532980427594 
0.9314657328664332 0.046563061019159815 
0.9319659829914957 0.047031057903596324 
0.9324662331165582 0.04751314839252197 
0.9329664832416208 0.048010038318440945 
0.9334667333666833 0.048522516691363614 
0.9339669834917458 0.049051457327065 
0.9344672336168084 0.04959781997217278 
0.9349674837418709 0.05016265090040502 
0.9354677338669334 0.05074708295640084 
0.9359679839919959 0.05135233502588986 
0.9364682341170585 0.05197971091341104 
0.936968484242121 0.052630597611397455 
0.9374687343671835 0.053306462947203676 
0.9379689844922461 0.054008852597530264 
0.9384692346173086 0.054739386462705236 
0.9389694847423711 0.055499754396382946 
0.9394697348674337 0.05629171128942925 
0.9399699849924962 0.05711707151001466 
0.9404702351175587 0.057977702705298936 
0.9409704852426213 0.05887551897345219 
0.9414707353676838 0.05981247341818404 
0.9419709854927463 0.06079055010136922 
0.9424712356178089 0.0618117554127969 
0.9429714857428714 0.06287810887947266 
0.9434717358679339 0.06399163344026383 
0.9439719859929965 0.06515434521501642 
0.944472236118059 0.06636824280050738 
0.9449724862431215 0.0676352961287582 
0.9454727363681841 0.0689574349263094 
0.9459729864932466 0.0703365368159664 
0.9464732366183091 0.07177441510536357 
0.9469734867433717 0.07327280630931252 
0.9474737368684342 0.07483335745540864 
0.9479739869934967 0.0764576132246526 
0.9484742371185592 0.07814700298095867 
0.9489744872436218 0.07990282774532269 
0.9494747373686843 0.08172624717207824 
0.9499749874937468 0.08361826658613618 
0.9504752376188094 0.08557972414127969 
0.9509754877438719 0.08761127816054207 
0.9514757378689344 0.08971339472037021 
0.951975987993997 0.09188633554070136 
0.9524762381190595 0.09413014624320518 
0.952976488244122 0.09644464503979698 
0.9534767383691846 0.09882941191312615 
0.9539769884942471 0.10128377834999092 
0.9544772386193096 0.10380681768765727 
0.9549774887443722 0.10639733613176038 
0.9554777388694347 0.10905386450287963 
0.9559779889944972 0.11177465076702585 
0.9564782391195598 0.11455765340314786 
0.9569784892446223 0.11740053565832134 
0.9574787393696848 0.1203006607386302 
0.9579789894947474 0.12325508798080272 
0.9584792396198099 0.1262605700464517 
0.9589794897448723 0.12931355117737062 
0.9594797398699348 0.13241016654666607 
0.9599799899949975 0.13554624273662338 
0.96048024012006 0.1387172993701627 
0.9609804902451224 0.1419185519184621 
0.961480740370185 0.1451449157029201 
0.9619809904952475 0.14839101110504768 
0.96248124062031 0.15165116999317999 
0.9629814907453726 0.15491944337009242 
0.9634817408704351 0.15818961024066985 
0.9639819909954976 0.16145518769381695 
0.9644822411205602 0.1647094421877602 
0.9649824912456227 0.1679454020228109 
0.9654827413706852 0.17115587098059767 
0.9659829914957478 0.17433344310371884 
0.9664832416208103 0.1774705185847114 
0.9669834917458728 0.18055932072830144 
0.9674837418709354 0.18359191394598762 
0.9679839919959979 0.18656022273722178 
0.9684842421210604 0.18945605160679652 
0.968984492246123 0.1922711058635294 
0.9694847423711855 0.19499701324097002 
0.969984992496248 0.19762534627670506 
0.9704852426213106 0.20014764538287305 
0.9709854927463731 0.2025554425367558 
0.9714857428714356 0.20484028551684452 
0.9719859929964981 0.206993762606535 
0.9724862431215607 0.20900752768467268 
0.9729864932466232 0.210873325619494 
0.9734867433716857 0.2125830178801808 
0.9739869934967483 0.21412860827820904 
0.9744872436218108 0.2155022687489801 
0.9749874937468733 0.21669636508286963 
0.9754877438719359 0.21770348251383562 
0.9759879939969984 0.21851645107307038 
0.9764882441220609 0.21912837061493198 
0.9769884942471235 0.2195326354224505 
0.977488744372186 0.21972295830020028 
0.9779889944972485 0.2196933940631449 
0.9784892446223111 0.21943836233129568 
0.9789894947473736 0.21895266954157883 
0.9794897448724361 0.21823153009029067 
0.9799899949974987 0.21727058652179337 
0.9804902451225612 0.21606592868181754 
0.9809904952476237 0.21461411175670522 
0.9814907453726863 0.21291217312330563 
0.9819909954977488 0.210957647937917 
0.9824912456228113 0.20874858339662908 
0.9829914957478738 0.2062835516037331 
0.9834917458729364 0.20356166098943432 
0.9839919959979989 0.20058256622290868 
0.9844922461230614 0.1973464765718675 
0.984992496248124 0.19385416266506486 
0.9854927463731865 0.19010696161973017 
0.985992996498249 0.18610678050158655 
0.9864932466233116 0.18185609809098494 
0.9869934967483741 0.17735796493470632 
0.9874937468734366 0.17261600166908103 
0.9879939969984992 0.1676343956062985 
0.9884942471235617 0.1624178955820606 
0.9889944972486242 0.1569718050690631 
0.9894947473736868 0.1513019735670791 
0.9899949974987493 0.1454147862868255 
0.9904952476238118 0.13931715215100576 
0.9909954977488744 0.13301649014218725 
0.9914957478739369 0.1265207140333204 
0.9919959979989994 0.11983821554272037 
0.992496248124062 0.1129778459612057 
0.9929964982491245 0.10594889630487322 
0.993496748374187 0.09876107605247472 
0.9939969984992496 0.0914244905317104 
0.9944972486243121 0.08394961702388398 
0.9949974987493746 0.07634727966119313 
0.9954977488744371 0.06862862319549913 
0.9959979989994997 0.060805085721719034 
0.9964982491245622 0.05288837044297606 
0.9969984992496247 0.044890416568266825 
0.9974987493746873 0.03682336943671151 
0.9979989994997498 0.028699549965442158 
0.9984992496248123 0.020531423520741717 
0.9989994997498749 0.01233156831423319 
0.9994997498749374 0.004112643427788893 
1.0 0.0 
