xdata ydata 
0.0 0.009425643847238976 
0.0005002501250625312 0.009428034777146078 
0.0010005002501250625 0.00943281175463511 
0.0015007503751875936 0.009439965026925711 
0.002001000500250125 0.009449479994486754 
0.0025012506253126563 0.00946133724650897 
0.003001500750375187 0.009475512608040991 
0.0035017508754377185 0.009491977198654182 
0.00400200100050025 0.009510697502465896 
0.004502251125562781 0.009531635449320912 
0.0050025012506253125 0.009554748506895704 
0.005502751375687844 0.009579989783459593 
0.006003001500750374 0.009607308141001608 
0.006503251625812906 0.00963664831839216 
0.007003501750875437 0.009667951064232058 
0.007503751875937968 0.009701153279005836 
0.0080040020010005 0.00973618816613234 
0.00850425212606303 0.009772985391485741 
0.009004502251125562 0.009811471250928724 
0.009504752376188093 0.009851568845385673 
0.010005002501250625 0.00989319826295789 
0.010505252626313155 0.00993627676756798 
0.011005502751375688 0.00998071899360163 
0.011505752876438218 0.010026437146000914 
0.012006003001500749 0.010073341205248158 
0.01250625312656328 0.010121339136670767 
0.013006503251625811 0.010170337103484474 
0.013506753376688344 0.010220239682986304 
0.014007003501750874 0.010270950085302672 
0.014507253626813406 0.01032237037409142 
0.015007503751875937 0.010374401688598262 
0.015507753876938469 0.010426944466464494 
0.016008004002001 0.010479898666684733 
0.01650825412706353 0.010533163992118354 
0.01700850425212606 0.010586640110962723 
0.017508754377188594 0.01064022687660142 
0.018009004502251125 0.010693824545253562 
0.018509254627313655 0.010747333990855992 
0.019009504752376186 0.010800656916627264 
0.01950975487743872 0.01085369606277143 
0.02001000500250125 0.01090635540979991 
0.02051025512756378 0.010958540376962304 
0.02101050525262631 0.011010158015298753 
0.02151075537768884 0.011061117194845906 
0.022011005502751375 0.011111328785547122 
0.022511255627813906 0.011160705831443966 
0.023011505752876436 0.011209163717746622 
0.023511755877938967 0.011256620330407273 
0.024012006003001497 0.011302996207845873 
0.02451225612806403 0.01134821468450268 
0.02501250625312656 0.011392202025922763 
0.025512756378189092 0.011434887555101992 
0.026013006503251623 0.011476203769854936 
0.026513256628314157 0.011516086450994462 
0.027013506753376687 0.011554474761140226 
0.027513756878439218 0.01159131133400573 
0.028014007003501748 0.011626542354041274 
0.02851425712856428 0.011660117626342226 
0.029014507253626812 0.011691990636760718 
0.029514757378689343 0.011722118602188851 
0.030015007503751873 0.011750462511013032 
0.030515257628814404 0.011776987153764556 
0.031015507753876938 0.01180166114402606 
0.03151575787893947 0.01182445692967549 
0.032016008004002 0.011845350794583402 
0.03251625812906453 0.011864322850901459 
0.03301650825412706 0.011881357022108643 
0.03351675837918959 0.011896441017007535 
0.03401700850425212 0.0119095662948867 
0.03451725862931466 0.011920728022087672 
0.03501750875437719 0.011929925020240349 
0.03551775887943972 0.011937159706448775 
0.03601800900450225 0.011942438025730542 
0.03651825912956478 0.01194576937603365 
0.03701850925462731 0.011947166526166737 
0.03751875937968984 0.011946645527002302 
0.03801900950475237 0.01194422561631912 
0.0385192596298149 0.011939929117670481 
0.03901950975487744 0.011933781333670327 
0.03951975987993997 0.011925810434104428 
0.0400200100050025 0.01191604733927913 
0.04052026013006503 0.011904525599030246 
0.04102051025512756 0.011891281267817072 
0.04152076038019009 0.011876352776333423 
0.04202101050525262 0.011859780800068245 
0.04252126063031515 0.011841608125251625 
0.04302151075537768 0.011821879512618606 
0.04352176088044022 0.011800641559424653 
0.04402201100550275 0.011777942560139722 
0.04452226113056528 0.011753832366246829 
0.04502251125562781 0.011728362245562488 
0.04552276138069034 0.01170158474148917 
0.04602301150575287 0.011673553532602292 
0.0465232616308154 0.011644323292964059 
0.047023511755877934 0.011613949553543257 
0.047523761880940464 0.011582488565112292 
0.048024012006002995 0.01154999716297433 
0.04852426213106553 0.011516532633863083 
0.04902451225612806 0.011482152585341318 
0.04952476238119059 0.011446914818006857 
0.05002501250625312 0.01141087720079992 
0.050525262631315654 0.011374097549688225 
0.051025512756378184 0.011336633509986056 
0.051525762881440715 0.01129854244254701 
0.052026013006503245 0.011259881314050372 
0.052526263131565776 0.011220706591581498 
0.05302651325662831 0.011181074141687002 
0.053526763381690844 0.011141039134064796 
0.054027013506753374 0.0111006559500311 
0.054527263631815905 0.011059978095883816 
0.055027513756878435 0.011019058121263072 
0.055527763881940966 0.010977947542589414 
0.056028014007003496 0.010936696771640837 
0.056528264132066026 0.010895355049308884 
0.05702851425712856 0.01085397038455653 
0.057528764382191094 0.010812589498580338 
0.058029014507253625 0.01077125777416277 
0.058529264632316155 0.010730019210180306 
0.059029514757378686 0.01068891638121822 
0.059529764882441216 0.010647990402224174 
0.06003001500750375 0.010607280898120047 
0.06053026513256628 0.010566825978271825 
0.06103051525762881 0.01052666221570735 
0.06153076538269134 0.01048682463095585 
0.062031015507753876 0.010447346680371972 
0.0625312656328164 0.010408260248793419 
0.06303151575787894 0.010369595646373667 
0.06353176588294146 0.010331381609418985 
0.064032016008004 0.01029364530505014 
0.06453226613306653 0.010256412339505132 
0.06503251625812906 0.010219706769886865 
0.0655327663831916 0.010183551119159147 
0.06603301650825412 0.010147966394186551 
0.06653326663331666 0.010112972106612484 
0.06703351675837918 0.010078586296363991 
0.06753376688344172 0.010044825557574553 
0.06803401700850424 0.0100117050667105 
0.06853426713356678 0.009979238612693064 
0.06903451725862932 0.00994743862880191 
0.06953476738369184 0.009916316226156055 
0.07003501750875438 0.00988588122856542 
0.0705352676338169 0.00985614220855303 
0.07103551775887944 0.00982710652435101 
0.07153576788394196 0.009798780357681778 
0.0720360180090045 0.009771168752137802 
0.07253626813406702 0.009744275651984987 
0.07303651825912956 0.00971810394121826 
0.0735367683841921 0.00969265548270846 
0.07403701850925462 0.00966793115728881 
0.07453726863431716 0.009643930902634297 
0.07503751875937968 0.009620653751802625 
0.07553776888444222 0.009598097871311176 
0.07603801900950474 0.00957626059863448 
0.07653826913456728 0.009555138479021535 
0.0770385192596298 0.009534727301535987 
0.07753876938469234 0.009515022134239349 
0.07803901950975488 0.009496017358444402 
0.0785392696348174 0.00947770670197716 
0.07903951975987994 0.009460083271398514 
0.07953976988494246 0.009443139583143604 
0.080040020010005 0.009426867593551996 
0.08054027013506752 0.009411258727766252 
0.08104052026013006 0.009396303907492678 
0.08154077038519258 0.009381993577622363 
0.08204102051025512 0.009368317731722522 
0.08254127063531766 0.009355265936415951 
0.08304152076038018 0.009342827354676456 
0.08354177088544272 0.009330990768072074 
0.08404202101050524 0.009319744598000845 
0.08454227113556778 0.009309076925964626 
0.0850425212606303 0.009298975512937657 
0.08554277138569284 0.009289427817888909 
0.08604302151075537 0.00928042101552384 
0.0865432716358179 0.009271942013314475 
0.08704352176088044 0.009263977467891038 
0.08754377188594296 0.009256513800870522 
0.0880440220110055 0.009249537214201187 
0.08854427213606803 0.009243033705101919 
0.08904452226113056 0.009236989080676628 
0.08954477238619309 0.009231388972285487 
0.09004502251125562 0.009226218849752606 
0.09054527263631815 0.009221464035488366 
0.09104552276138068 0.009217109718606113 
0.09154577288644322 0.009213140969104134 
0.09204602301150575 0.009209542752189884 
0.09254627313656828 0.009206299942809382 
0.0930465232616308 0.009203397340449638 
0.09354677338669334 0.009200819684271746 
0.09404702351175587 0.009198551668629717 
0.0945472736368184 0.009196577959022656 
0.09504752376188093 0.009194883208523396 
0.09554777388694347 0.00919345207472074 
0.09604802401200599 0.009192269237202963 
0.09654827413706853 0.009191319415606454 
0.09704852426213106 0.009190587388244255 
0.09754877438719359 0.009190058011322 
0.09804902451225612 0.009189716238742505 
0.09854927463731865 0.009189547142490404 
0.09904952476238119 0.009189535933582401 
0.09954977488744371 0.009189667983560027 
0.10005002501250625 0.009189928846495133 
0.10055027513756877 0.0091903042814689 
0.10105052526263131 0.009190780275479394 
0.10155077538769385 0.0091913430667262 
0.10205102551275637 0.009191979168210348 
0.1025512756378189 0.009192675391585397 
0.10305152576288143 0.009193418871185651 
0.10355177588794397 0.009194197088153746 
0.10405202601300649 0.009194997894582821 
0.10455227613806903 0.009195809537584624 
0.10505252626313155 0.009196620683189532 
0.10555277638819409 0.00919742043998049 
0.10605302651325663 0.009198198382358884 
0.10655327663831915 0.009198944573338636 
0.10705352676338169 0.009199649586761236 
0.10755377688844421 0.009200304528822572 
0.10805402701350675 0.009200901058802669 
0.10855427713856927 0.00920143140888664 
0.10905452726363181 0.009201888402968005 
0.10955477738869433 0.009202265474324341 
0.11005502751375687 0.009202556682057307 
0.11055527763881941 0.00920275672619055 
0.11105552776388193 0.009202860961324793 
0.11155577788894447 0.009202865408747932 
0.11205602801400699 0.009202766766905908 
0.11255627813906953 0.009202562420144826 
0.11305652826413205 0.009202250445635858 
0.11355677838919459 0.009201829618407407 
0.11405702851425711 0.0092012994144078 
0.11455727863931965 0.009200660011536315 
0.11505752876438219 0.009199912288579986 
0.11555777888944471 0.009199057822009906 
0.11605802901450725 0.009198098880591747 
0.11655827913956977 0.00919703841777991 
0.11705852926463231 0.00919588006186915 
0.11755877938969483 0.009194628103890143 
0.11805902951475737 0.009193287483245103 
0.1185592796398199 0.009191863771086847 
0.11905952976488243 0.009190363151457713 
0.11955977988994497 0.009188792400214375 
0.1200600300150075 0.009187158861772762 
0.12056028014007003 0.009185470423721188 
0.12106053026513255 0.009183735489356743 
0.12156078039019509 0.00918196294821294 
0.12206103051525762 0.009180162144654233 
0.12256128064032015 0.009178342844624222 
0.12306153076538268 0.009176515200645087 
0.12356178089044521 0.009174689715171401 
0.12406203101550775 0.009172877202415866 
0.12456228114057027 0.009171088748767308 
0.1250625312656328 0.00916933567193412 
0.12556278139069535 0.00916762947895067 
0.12606303151575787 0.009165981823194048 
0.1265632816408204 0.009164404460562775 
0.12706353176588292 0.009162909204976167 
0.12756378189094547 0.009161507883358252 
0.128064032016008 0.009160212290274644 
0.12856428214107052 0.009159034142395057 
0.12906453226613307 0.009157985032955838 
0.1295647823911956 0.009157076386401508 
0.13006503251625812 0.009156319413384826 
0.13056528264132064 0.00915572506630418 
0.1310655327663832 0.009155303995561508 
0.13156578289144572 0.009155066506716986 
0.13206603301650824 0.009155022518721512 
0.13256628314157076 0.009155181523400018 
0.1330665332666333 0.009155552546360654 
0.13356678339169584 0.009156144109494651 
0.13406703351675836 0.0091569641952337 
0.1345672836418209 0.009158020212720466 
0.13506753376688344 0.00915931896604389 
0.13556778389194596 0.009160866624684287 
0.13606803401700848 0.00916266869630367 
0.13656828414207103 0.009164730002009274 
0.13706853426713356 0.009167054654209377 
0.13756878439219608 0.009169646037168336 
0.13806903451725863 0.009172506790362796 
0.13856928464232116 0.009175638794721082 
0.13906953476738368 0.00917904316182641 
0.1395697848924462 0.009182720226145203 
0.14007003501750875 0.00918666954033327 
0.14057028514257128 0.009190889873658863 
0.1410705352676338 0.00919537921356745 
0.14157078539269632 0.009200134770403644 
0.14207103551775888 0.009205152985287877 
0.1425712856428214 0.009210429541135464 
0.14307153576788392 0.009215959376789915 
0.14357178589294647 0.009221736704230921 
0.144072036018009 0.009227755028802171 
0.14457228614307152 0.009234007172393097 
0.14507253626813404 0.009240485299491848 
0.1455727863931966 0.009247180946019848 
0.14607303651825912 0.009254085050839474 
0.14657328664332164 0.009261187989818889 
0.1470735367683842 0.009268479612324186 
0.14757378689344672 0.009275949279998473 
0.14807403701850924 0.009283585907678006 
0.14857428714357176 0.009291378006280765 
0.14907453726863432 0.00929931372750245 
0.14957478739369684 0.009307380910134938 
0.15007503751875936 0.009315567127824125 
0.1505752876438219 0.009323859738071958 
0.15107553776888444 0.009332245932278707 
0.15157578789394696 0.009340712786625079 
0.15207603801900949 0.009349247313577577 
0.15257628814407204 0.00935783651380574 
0.15307653826913456 0.009366467428292485 
0.15357678839419708 0.009375127190418202 
0.1540770385192596 0.009383803077798535 
0.15457728864432216 0.009392482563655753 
0.15507753876938468 0.00940115336750329 
0.1555777888944472 0.009409803504927679 
0.15607803901950976 0.009418421336252186 
0.15657828914457228 0.009426995613872335 
0.1570785392696348 0.009435515528058522 
0.15757878939469733 0.009443970751023888 
0.15807903951975988 0.009452351479066595 
0.1585792896448224 0.00946064847260033 
0.15907953976988493 0.009468853093895228 
0.15957978989494745 0.009476957342362577 
0.16008004002001 0.009484953887226902 
0.16058029014507252 0.009492836097434622 
0.16108054027013505 0.009500598068669378 
0.1615807903951976 0.009508234647346474 
0.16208104052026012 0.009515741451479806 
0.16258129064532265 0.009523114888320834 
0.16308154077038517 0.009530352168690208 
0.16358179089544772 0.009537451317930047 
0.16408204102051024 0.009544411183424684 
0.16458229114557277 0.009551231438649695 
0.16508254127063532 0.009557912583725204 
0.16558279139569784 0.009564455942464559 
0.16608304152076037 0.009570863655925868 
0.1665832916458229 0.009577138672487074 
0.16708354177088544 0.009583284734482706 
0.16758379189594796 0.009589306361456128 
0.1680840420210105 0.009595208830093334 
0.168584292146073 0.009600998150923192 
0.16908454227113556 0.009606681041879587 
0.1695847923961981 0.009612264898839526 
0.1700850425212606 0.009617757763259877 
0.17058529264632316 0.00962316828705467 
0.17108554277138568 0.00962850569486134 
0.1715857928964482 0.009633779743861703 
0.17208604302151073 0.009639000681330473 
0.17258629314657328 0.009644179200099457 
0.1730865432716358 0.009649326392129967 
0.17358679339669833 0.009654453700399704 
0.17408704352176088 0.009659572869315916 
0.1745872936468234 0.00966469589387394 
0.17508754377188593 0.009669834967789111 
0.17558779389694845 0.009675002430829995 
0.176088044022011 0.009680210715591683 
0.17658829414707353 0.009685472293945327 
0.17708854427213605 0.009690799623405601 
0.17758879439719857 0.009696205093658865 
0.17808904452226113 0.009701700973491696 
0.17858929464732365 0.009707299358362344 
0.17908954477238617 0.009713012118853288 
0.17958979489744872 0.00971885085023973 
0.18009004502251125 0.009724826823404737 
0.18059029514757377 0.009730950937328993 
0.1810905452726363 0.009737233673370151 
0.18159079539769885 0.00974368505154853 
0.18209104552276137 0.009750314589039043 
0.1825912956478239 0.009757131261064651 
0.18309154577288644 0.009764143464376922 
0.18359179589794897 0.009771358983493128 
0.1840920460230115 0.009778784959854932 
0.18459229614807401 0.009786427864054629 
0.18509254627313657 0.009794293471263586 
0.1855927963981991 0.009802386839987956 
0.1860930465232616 0.009810712294252318 
0.18659329664832414 0.009819273409308786 
0.1870935467733867 0.009828073000942832 
0.1875937968984492 0.009837113118439853 
0.18809404702351173 0.009846395041253054 
0.18859429714857429 0.009855919279403064 
0.1890945472736368 0.009865685577618065 
0.18959479739869933 0.009875692923209915 
0.19009504752376186 0.009885939557662335 
0.1905952976488244 0.009896422991893852 
0.19109554777388693 0.009907140025138627 
0.19159579789894945 0.009918086767373083 
0.19209604802401198 0.009929258665199293 
0.19259629814907453 0.009940650531085315 
0.19309654827413705 0.009952256575838533 
0.19359679839919958 0.009964070444181242 
0.19409704852426213 0.009976085253279863 
0.19459729864932465 0.009988293634067417 
0.19509754877438718 0.010000687775182681 
0.1955977988994497 0.010013259469343038 
0.19609804902451225 0.010026000161949551 
0.19659829914957477 0.010038901001721058 
0.1970985492746373 0.010051952893135369 
0.19759879939969985 0.010065146550455095 
0.19809904952476237 0.010078472553103058 
0.1985992996498249 0.010091921402147323 
0.19909954977488742 0.010105483577652587 
0.19959979989994997 0.01011914959664628 
0.2001000500250125 0.010132910071446703 
0.20060030015007502 0.010146755768102327 
0.20110055027513754 0.010160677664680892 
0.2016008004002001 0.010174667009158546 
0.20210105052526262 0.010188715376651277 
0.20260130065032514 0.010202814725740911 
0.2031015507753877 0.010216957453644676 
0.2036018009004502 0.010231136449990148 
0.20410205102551274 0.010245345148954484 
0.20460230115057526 0.010259577579542977 
0.2051025512756378 0.010273828413781909 
0.20560280140070034 0.01028809301261677 
0.20610305152576286 0.010302367469312325 
0.2066033016508254 0.010316648650163365 
0.20710355177588793 0.010330934232339032 
0.20760380190095046 0.010345222738692865 
0.20810405202601298 0.010359513569388506 
0.20860430215107553 0.010373807030200691 
0.20910455227613806 0.010388104357369747 
0.20960480240120058 0.010402407738902622 
0.2101050525262631 0.0104167203322281 
0.21060530265132565 0.010431046278132508 
0.21110555277638818 0.01044539071091725 
0.2116058029014507 0.01045975976473832 
0.21210605302651325 0.010474160576103727 
0.21260630315157578 0.010488601282525383 
0.2131065532766383 0.010503091017334987 
0.21360680340170082 0.010517639900695794 
0.21410705352676337 0.01053225902685654 
0.2146073036518259 0.010546960447713532 
0.21510755377688842 0.010561757152759947 
0.21560780390195097 0.01057666304552577 
0.2161080540270135 0.010591692916617918 
0.21660830415207602 0.010606862413495548 
0.21710855427713854 0.010622188007125218 
0.2176088044022011 0.010637686955675844 
0.21810905452726362 0.010653377265430222 
0.21860930465232614 0.010669277649100252 
0.21910955477738867 0.01068540748174477 
0.21960980490245122 0.01070178675450511 
0.22011005502751374 0.010718436026378526 
0.22061030515257626 0.010735376374261507 
0.22111055527763882 0.010752629341504213 
0.22161080540270134 0.010770216885224587 
0.22211105552776386 0.010788161322634835 
0.22261130565282639 0.010806485276641131 
0.22311155577788894 0.010825211620979071 
0.22361180590295146 0.010844363425152131 
0.22411205602801398 0.010863963899439805 
0.22461230615307654 0.010884036340245503 
0.22511255627813906 0.01090460407604904 
0.22561280640320158 0.010925690414232088 
0.2261130565282641 0.010947318589036354 
0.22661330665332666 0.010969511710913453 
0.22711355677838918 0.010992292717517943 
0.2276138069034517 0.01101568432658847 
0.22811405702851423 0.011039708990955488 
0.22861430715357678 0.01106438885590174 
0.2291145572786393 0.011089745719095066 
0.22961480740370183 0.01111580099330091 
0.23011505752876438 0.011142575672066432 
0.2306153076538269 0.011170090298562137 
0.23111555777888942 0.011198364937746064 
0.23161580790395195 0.011227419152004467 
0.2321160580290145 0.011257271980407074 
0.23261630815407702 0.011287941921699674 
0.23311655827913955 0.011319446921136608 
0.2336168084042021 0.011351804361244862 
0.23411705852926462 0.011385031056585957 
0.23461730865432714 0.011419143252571066 
0.23511755877938967 0.011454156628363514 
0.23561780890445222 0.011490086303881228 
0.23611805902951474 0.011526946850900197 
0.23661830915457727 0.011564752308234609 
0.2371185592796398 0.011603516200954034 
0.23761880940470234 0.011643251563581782 
0.23811905952976486 0.011683970967192533 
0.2386193096548274 0.011725686550319869 
0.23911955977988994 0.011768410053558248 
0.23961980990495246 0.011812152857731299 
0.240120060030015 0.011856926025481827 
0.2406203101550775 0.01190274034611763 
0.24112056028014006 0.011949606383543558 
0.24162081040520259 0.011997534527080158 
0.2421210605302651 0.012046535044970778 
0.24262131065532766 0.012096618140355139 
0.24312156078039018 0.012147794009482132 
0.2436218109054527 0.012200072901919996 
0.24412206103051523 0.012253465182515206 
0.24462231115557778 0.012307981394840392 
0.2451225612806403 0.012363632325865162 
0.24562281140570283 0.01242042907157803 
0.24612306153076535 0.012478383103279882 
0.2466233116558279 0.01253750633427034 
0.24712356178089043 0.012597811186640162 
0.24762381190595295 0.012659310657884521 
0.2481240620310155 0.012722018387052364 
0.24862431215607803 0.012785948720146843 
0.24912456228114055 0.012851116774494012 
0.24962481240620307 0.012917538501801627 
0.2501250625312656 0.012985230749635188 
0.25062531265632815 0.013054211321042307 
0.2511255627813907 0.013124499032067414 
0.2516258129064532 0.013196113766902658 
0.25212606303151575 0.013269076530436446 
0.2526263131565783 0.013343409497964741 
0.2531265632816408 0.01341913606184995 
0.25362681340670334 0.013496280874917463 
0.25412706353176584 0.013574869890398654 
0.2546273136568284 0.013654930398243663 
0.25512756378189094 0.01373649105763794 
0.25562781390695344 0.013819581925579484 
0.256128064032016 0.01390423448138472 
0.25662831415707854 0.013990481647013813 
0.25712856428214104 0.014078357803116863 
0.2576288144072036 0.014167898800730432 
0.25812906453226614 0.014259141968564551 
0.25862931465732864 0.014352126115841371 
0.2591295647823912 0.014446891530671734 
0.2596298149074537 0.014543479973964966 
0.26013006503251623 0.014641934668896309 
0.2606303151575788 0.014742300285970716 
0.2611305652826413 0.01484462292374002 
0.26163081540770383 0.01494895008525514 
0.2621310655327664 0.015055330650347228 
0.2626313156578289 0.015163814843852812 
0.26313156578289143 0.01527445419991775 
0.263631815907954 0.015387301522527864 
0.2641320660330165 0.015502410842433872 
0.26463231615807903 0.015619837370652954 
0.2651325662831415 0.015739637448745247 
0.2656328164082041 0.01586186849607567 
0.2661330665332666 0.01598658895428842 
0.2666333166583291 0.016113858229229835 
0.2671335667833917 0.01624373663057033 
0.2676338169084542 0.016376285309383908 
0.2681340670335167 0.01651156619395373 
0.26863431715857927 0.016649641924081415 
0.2691345672836418 0.016790575784181035 
0.2696348174087043 0.016934431635450026 
0.27013506753376687 0.017081273847407215 
0.2706353176588294 0.01723116722909651 
0.2711355677838919 0.017384176960252445 
0.27163581790895447 0.01754036852272819 
0.27213606803401696 0.01769980763248155 
0.2726363181590795 0.017862560172415724 
0.27313656828414207 0.01802869212636717 
0.27363681840920456 0.018198269514527275 
0.2741370685342671 0.01837135833057955 
0.27463731865932967 0.018548024480825674 
0.27513756878439216 0.01872833372556922 
0.2756378189094547 0.018912351623009388 
0.27613806903451726 0.01910014347589332 
0.27663831915957976 0.0192917742811597 
0.2771385692846423 0.01948730868279562 
0.2776388194097048 0.019686810928112728 
0.27813906953476736 0.019890344827637137 
0.2786393196598299 0.020097973718789228 
0.2791395697848924 0.020309760433515414 
0.27963981990995496 0.020525767270013887 
0.2801400700350175 0.020746055968684587 
0.28064032016008 0.020970687692407543 
0.28114057028514255 0.02119972301124206 
0.2816408204102051 0.021433221891617178 
0.2821410705352676 0.021671243690062895 
0.28264132066033015 0.021913847151516886 
0.28314157078539265 0.02216109041221549 
0.2836418209104552 0.02241303100716459 
0.28414207103551775 0.022669725882160655 
0.28464232116058025 0.022931231410314664 
0.2851425712856428 0.023197603413014967 
0.28564282141070535 0.02346889718524083 
0.28614307153576785 0.02374516752512215 
0.2866433216608304 0.024026468767625268 
0.28714357178589295 0.024312854822220984 
0.28764382191095544 0.024604379214378476 
0.288144072036018 0.024901095130710857 
0.28864432216108055 0.02520305546758127 
0.28914457228614304 0.025510312882965062 
0.2896448224112056 0.025822919851347235 
0.2901450725362681 0.026140928721425028 
0.29064532266133064 0.02646439177636757 
0.2911455727863932 0.026793361296379936 
0.2916458229114557 0.02712788962330279 
0.29214607303651824 0.027468029226974264 
0.2926463231615808 0.027813832773071628 
0.2931465732866433 0.028165353192140086 
0.29364682341170584 0.028522643749520127 
0.2941470735367684 0.028885758115867504 
0.2946473236618309 0.029254750437969938 
0.29514757378689344 0.029629675409554638 
0.29564782391195593 0.030010588341782714 
0.2961480740370185 0.0303975452331298 
0.29664832416208103 0.030790602838351947 
0.29714857428714353 0.03118981873623893 
0.2976488244122061 0.03159525139586481 
0.29814907453726863 0.03200696024104925 
0.29864932466233113 0.032425005712749005 
0.2991495747873937 0.032849449329113364 
0.29964982491245623 0.03328035374293828 
0.3001500750375187 0.0337177827962708 
0.3006503251625813 0.03416180157192552 
0.3011505752876438 0.03461247644168592 
0.3016508254127063 0.035069875110977755 
0.3021510755377689 0.035534066659816975 
0.30265132566283137 0.03600512157984824 
0.3031515757878939 0.03648311180730655 
0.3036518259129565 0.03696811075175348 
0.30415207603801897 0.03746019332044952 
0.3046523261630815 0.03795943593825328 
0.3051525762881441 0.038465916562943195 
0.30565282641320657 0.038979714695888526 
0.3061530765382691 0.03950091138800326 
0.30665332666333167 0.04002958924094653 
0.30715357678839417 0.04056583240354453 
0.3076538269134567 0.041109726563430656 
0.3081540770385192 0.04166135893392102 
0.30865432716358177 0.042220818236158975 
0.3091545772886443 0.042788194676584033 
0.3096548274137068 0.04336357991979444 
0.31015507753876936 0.04394706705689726 
0.3106553276638319 0.044538750569452036 
0.3111555777888944 0.04513872628913317 
0.31165582791395696 0.04574709135325363 
0.3121560780390195 0.04636394415630909 
0.312656328164082 0.0469893842977124 
0.31315657828914456 0.04762351252590945 
0.31365682841420706 0.04826643067907598 
0.3141570785392696 0.04891824162260986 
0.31465732866433216 0.0495790491836453 
0.31515757878939465 0.05024895808282335 
0.3156578289144572 0.05092807386357009 
0.31615807903951976 0.05161650281913167 
0.31665832916458225 0.05231435191763385 
0.3171585792896448 0.053021728725433134 
0.31765882941470736 0.0537387413290339 
0.31815907953976985 0.05446549825585241 
0.3186593296648324 0.0552021083941057 
0.3191595797898949 0.055948680912113316 
0.31965982991495745 0.05670532517729105 
0.32016008004002 0.05747215067512471 
0.3206603301650825 0.058249266928401176 
0.32116058029014505 0.05903678341697808 
0.3216608304152076 0.059834809498363846 
0.3221610805402701 0.06064345432937959 
0.32266133066533265 0.06146282678916234 
0.3231615807903952 0.06229303540376672 
0.3236618309154577 0.06313418827260929 
0.32416208104052024 0.06398639299699291 
0.32466233116558274 0.06484975661093781 
0.3251625812906453 0.06572438551453169 
0.32566283141570784 0.06661038541000276 
0.32616308154077034 0.06750786124070386 
0.3266633316658329 0.0684169171331812 
0.32716358179089544 0.06933765634249203 
0.32766383191595794 0.07027018120090898 
0.3281640820410205 0.07121459307014971 
0.32866433216608304 0.07217099229723566 
0.32916458229114554 0.07313947817408237 
0.3296648324162081 0.074120148900897 
0.33016508254127064 0.07511310155344794 
0.33066533266633313 0.07611843205424591 
0.3311655827913957 0.07713623514766962 
0.3316658329164582 0.07816660437903912 
0.33216608304152073 0.07920963207763083 
0.3326663331665833 0.08026540934361014 
0.3331665832916458 0.08133402603883147 
0.33366683341670833 0.08241557078145223 
0.3341670835417709 0.08351013094427963 
0.3346673336668334 0.08461779265675543 
0.33516758379189593 0.08573864081047068 
0.3356678339169585 0.08687275906808606 
0.336168084042021 0.08802022987551485 
0.3366683341670835 0.08918113447721461 
0.337168584292146 0.09035555293442513 
0.3376688344172086 0.09154356414616352 
0.3381690845422711 0.09274524587279187 
0.3386693346673336 0.0939606747619495 
0.3391695847923962 0.09518992637663999 
0.3396698349174587 0.0964330752252474 
0.3401700850425212 0.09769019479325279 
0.34067033516758377 0.09896135757641249 
0.3411705852926463 0.10024663511515584 
0.3416708354177088 0.10154609802995064 
0.34217108554277137 0.1028598160573864 
0.34267133566783387 0.1041878580867178 
0.3431715857928964 0.10553029219661075 
0.34367183591795897 0.10688718569183446 
0.34417208604302146 0.10825860513964007 
0.344672336168084 0.10964461640557085 
0.34517258629314657 0.11104528468845026 
0.34567283641820906 0.11246067455429568 
0.3461730865432716 0.11389084996891821 
0.34667333666833416 0.11533587432896363 
0.34717358679339666 0.11679581049116404 
0.3476738369184592 0.11827072079957696 
0.34817408704352176 0.1197606671105961 
0.34867433716858426 0.12126571081552127 
0.3491745872936468 0.12278591286050206 
0.3496748374187093 0.12432133376366136 
0.35017508754377186 0.12587203362923116 
0.3506753376688344 0.12743807215853936 
0.3511755877938969 0.12901950865770018 
0.35167583791895946 0.13061640204187802 
0.352176088044022 0.1322288108360049 
0.3526763381690845 0.1338567931718483 
0.35317658829414705 0.135500406781342 
0.3536768384192096 0.13715970898611213 
0.3541770885442721 0.13883475668313197 
0.35467733866933465 0.14052560632647887 
0.35517758879439715 0.14223231390516086 
0.3556778389194597 0.14395493491700603 
0.35617808904452225 0.14569352433863247 
0.35667833916958475 0.14744813659151196 
0.3571785892946473 0.14921882550418028 
0.35767883941970985 0.15100564427064564 
0.35817908954477234 0.15280864540507014 
0.3586793396698349 0.1546278806928152 
0.35917958979489745 0.15646340113795298 
0.35967983991995994 0.15831525690736056 
0.3601800900450225 0.16018349727153422 
0.360680340170085 0.16206817054226672 
0.36118059029514754 0.16396932400734354 
0.3616808404202101 0.16588700386243713 
0.3621810905452726 0.16782125514037052 
0.36268134067033514 0.16977212163795466 
0.3631815907953977 0.17173964584059376 
0.3636818409204602 0.17372386884487362 
0.36418209104552274 0.17572483027935415 
0.3646823411705853 0.17774256822379159 
0.3651825912956478 0.1797771191270234 
0.36568284142071034 0.18182851772375605 
0.3661830915457729 0.18389679695049987 
0.3666833416708354 0.1859819878608911 
0.36718359179589793 0.18808411954066132 
0.36768384192096043 0.19020321902249068 
0.368184092046023 0.19233931120100775 
0.36868434217108553 0.19449241874817733 
0.36918459229614803 0.1966625620293285 
0.3696848424212106 0.19884975902006619 
0.37018509254627313 0.20105402522431065 
0.3706853426713356 0.20327537359369854 
0.3711855927963982 0.2055138144485785 
0.37168584292146073 0.20776935540083055 
0.3721860930465232 0.21004200127871686 
0.3726863431715858 0.21233175405398808 
0.3731865932966483 0.21463861277143026 
0.3736868434217108 0.21696257348105571 
0.3741870935467734 0.21930362917311239 
0.37468734367183587 0.2216617697160811 
0.3751875937968984 0.22403698179781972 
0.375687843921961 0.22642924887000068 
0.37618809404702347 0.22883855109596946 
0.376688344172086 0.23126486530214646 
0.37718859429714857 0.23370816493308083 
0.37768884442221107 0.2361684200102366 
0.3781890945472736 0.2386455970946007 
0.3786893446723361 0.24113965925316602 
0.37918959479739867 0.2436505660293367 
0.3796898449224612 0.24617827341729726 
0.3801900950475237 0.24872273384034885 
0.38069034517258626 0.25128389613322627 
0.3811905952976488 0.25386170552837817 
0.3816908454227113 0.2564561036461822 
0.38219109554777386 0.2590670284890561 
0.3826913456728364 0.2616944144394077 
0.3831915957978989 0.2643381922613495 
0.38369184592296146 0.26699828910610074 
0.38419209604802396 0.26967462852097396 
0.3846923461730865 0.27236713046183847 
0.38519259629814906 0.27507571130894054 
0.38569284642321155 0.27780028388593986 
0.3861930965482741 0.28054075748202756 
0.38669334667333666 0.28329703787696153 
0.38719359679839915 0.28606902736885853 
0.3876938469234617 0.2888566248045693 
0.38819409704852426 0.2916597256124554 
0.38869434717358675 0.2944782218373741 
0.3891945972986493 0.29731200217768317 
0.38969484742371185 0.3001609520240597 
0.39019509754877435 0.3030249534999239 
0.3906953476738369 0.30590388550326864 
0.3911955977988994 0.3087976237496688 
0.39169584792396195 0.3117060408162654 
0.3921960980490245 0.3146290061865062 
0.392696348174087 0.3175663862954231 
0.39319659829914955 0.32051804457523586 
0.3936968484242121 0.32348384150106807 
0.3941970985492746 0.32646363463655637 
0.39469734867433715 0.3294572786791606 
0.3951975987993997 0.3324646255049568 
0.3956978489244622 0.33548552421272176 
0.39619809904952474 0.33851982116711743 
0.39669834917458724 0.3415673600407903 
0.3971985992996498 0.34462798185520177 
0.39769884942471234 0.34770152502003 
0.39819909954977484 0.3507878253709756 
0.3986993496748374 0.353886716205823 
0.39919959979989994 0.35699802831861843 
0.39969984992496244 0.36012159003183225 
0.400200100050025 0.36325722722638987 
0.40070035017508754 0.36640476336946654 
0.40120060030015003 0.3695640195399455 
0.4017008504252126 0.37273481445146817 
0.4022011005502751 0.3759169644730008 
0.40270135067533763 0.3791102836468648 
0.4032016008004002 0.38231458370419097 
0.4037018509254627 0.38552967407776784 
0.40420210105052523 0.38875536191227134 
0.4047023511755878 0.3919914520718771 
0.4052026013006503 0.39523774714526316 
0.40570285142571283 0.39849404744803824 
0.4062031015507754 0.4017601510226315 
0.4067033516758379 0.4050358536356967 
0.4072036018009004 0.4083209487731027 
0.407703851925963 0.41161522763258807 
0.4082041020510255 0.4149184791141681 
0.408704352176088 0.4182304898084095 
0.4092046023011505 0.4215510439826731 
0.4097048524262131 0.42487992356546983 
0.4102051025512756 0.428216908129054 
0.4107053526763381 0.43156177487040576 
0.41120560280140067 0.43491429859076247 
0.4117058529264632 0.4382742516738637 
0.4122061030515257 0.4416414040630779 
0.41270635317658827 0.4450155232376026 
0.4132066033016508 0.4483963741879149 
0.4137068534267133 0.45178371939067086 
0.41420710355177587 0.455177318783251 
0.41470735367683836 0.4585769297381552 
0.4152076038019009 0.46198230703744636 
0.41570785392696347 0.4653932028474588 
0.41620810405202596 0.4688093666939726 
0.4167083541770885 0.4722305454380693 
0.41720860430215106 0.47565648325287524 
0.41770885442721356 0.47908692160139926 
0.4182091045522761 0.48252159921567334 
0.41870935467733866 0.48596025207740207 
0.41920960480240116 0.4894026134003112 
0.4197098549274637 0.4928484136143988 
0.4202101050525262 0.4962973803522774 
0.42071035517758876 0.4997492384377835 
0.4212106053026513 0.5032037098770421 
0.4217108554277138 0.5066605138521431 
0.42221110555277636 0.5101193667175985 
0.4227113556778389 0.5135799819997312 
0.4232116058029014 0.5170420703991299 
0.42371185592796395 0.5205053397963095 
0.4242121060530265 0.5239694952606994 
0.424712356178089 0.527434239063054 
0.42521260630315155 0.5308992706914052 
0.4257128564282141 0.5343642868706268 
0.4262131065532766 0.5378289815856856 
0.42671335667833915 0.54129304610865 
0.42721360680340165 0.5447561690294906 
0.4277138569284642 0.548218036290712 
0.42821410705352675 0.5516783312258462 
0.42871435717858924 0.5551367346017928 
0.4292146073036518 0.5585929246650254 
0.42971485742871435 0.5620465771916269 
0.43021510755377684 0.5654973655411251 
0.4307153576788394 0.5689449607140885 
0.43121560780390195 0.5723890314134176 
0.43171585792896444 0.575829244109256 
0.432216108054027 0.5792652631074494 
0.4327163581790895 0.5826967506214409 
0.43321660830415204 0.5861233668475059 
0.4337168584292146 0.5895447700432015 
0.4342171085542771 0.5929606166088964 
0.43471735867933964 0.5963705611722523 
0.4352176088044022 0.599774256675491 
0.4357178589294647 0.6031713544652979 
0.43621810905452724 0.6065615043851902 
0.4367183591795898 0.6099443548701734 
0.4372186093046523 0.6133195530435027 
0.43771885942971483 0.6166867448153603 
0.43821910955477733 0.6200455749832536 
0.4387193596798399 0.6233956873339332 
0.43921960980490243 0.6267367247466267 
0.43971985992996493 0.6300683292973811 
0.4402201100550275 0.6333901423643058 
0.44072036018009003 0.6367018047335025 
0.4412206103051525 0.6400029567054691 
0.4417208604302151 0.6432932382017688 
0.44222111055527763 0.646572288871755 
0.4427213606803401 0.6498397481991329 
0.4432216108054027 0.6530952556081646 
0.44372186093046523 0.6563384505693072 
0.4442221110555277 0.6595689727040807 
0.4447223611805903 0.6627864618889853 
0.44522261130565277 0.6659905583582642 
0.4457228614307153 0.6691809028053425 
0.4462231115557779 0.6723571364827603 
0.44672336168084037 0.6755189013004332 
0.4472236118059029 0.67866583992209 
0.44772386193096547 0.6817975958597259 
0.44822411205602797 0.68491381356594 
0.4487243621810905 0.6880141385240245 
0.44922461230615307 0.6910982173356874 
0.44972486243121557 0.6941656978062962 
0.4502251125562781 0.6972162290275536 
0.4507253626813406 0.7002494614575097 
0.45122561280640316 0.7032650469978452 
0.4517258629314657 0.7062626390683617 
0.4522261130565282 0.709241892678627 
0.45272636318159076 0.7122024644967432 
0.4532266133066533 0.71514401291521 
0.4537268634317158 0.7180661981138722 
0.45422711355677836 0.7209686821199544 
0.4547273636818409 0.7238511288651894 
0.4552276138069034 0.7267132042400739 
0.45572786393196596 0.72955457614528 
0.45622811405702846 0.7323749145402789 
0.456728364182091 0.7351738914892278 
0.45722861430715356 0.7379511812042036 
0.45772886443221605 0.7407064600858487 
0.4582291145572786 0.7434394067615386 
0.45872936468234116 0.7461497021211597 
0.45922961480740365 0.7488370293506103 
0.4597298649324662 0.7515010739631534 
0.46023011505752875 0.7541415238287371 
0.46073036518259125 0.756758069201422 
0.4612306153076538 0.7593504027450592 
0.4617308654327163 0.761918219557366 
0.46223111555777885 0.7644612171925484 
0.4627313656828414 0.766979095682632 
0.4632316158079039 0.7694715575576591 
0.46373186593296645 0.7719383078649236 
0.464232116058029 0.7743790541874004 
0.4647323661830915 0.7767935066615447 
0.46523261630815405 0.779181377994626 
0.4657328664332166 0.7815423834817727 
0.4662331165582791 0.7838762410228838 
0.46673336668334164 0.7861826711395827 
0.4672336168084042 0.788461396992378 
0.4677338669334667 0.7907121443981822 
0.46823411705852924 0.7929346418483585 
0.46873436718359174 0.795128620527435 
0.4692346173086543 0.7972938143326417 
0.46973486743371684 0.7994299598944087 
0.47023511755877934 0.8015367965979562 
0.4707353676838419 0.8036140666061075 
0.47123561780890444 0.8056615148834445 
0.47173586793396693 0.8076788892219083 
0.4722361180590295 0.8096659402679547 
0.47273636818409204 0.8116224215513548 
0.47323661830915453 0.8135480895157167 
0.4737368684342171 0.815442703550811 
0.4742371185592796 0.8173060260267496 
0.47473736868434213 0.8191378223300759 
0.4752376188094047 0.8209378609018073 
0.4757378689344672 0.8227059132774456 
0.47623811905952973 0.8244417541289912 
0.4767383691845923 0.8261451613089468 
0.4772386193096548 0.8278159158963186 
0.47773886943471733 0.8294538022445892 
0.4782391195597799 0.831058608031634 
0.4787393696848424 0.8326301243115417 
0.4792396198099049 0.8341681455682869 
0.4797398699349674 0.8356724697711906 
0.48024012006003 0.837142898432092 
0.4807403701850925 0.8385792366641556 
0.481240620310155 0.8399812932422088 
0.48174087043521757 0.8413488806645154 
0.4822411205602801 0.8426818152158638 
0.4827413706853426 0.8439799170318547 
0.48324162081040517 0.8452430101642525 
0.4837418709354677 0.8464709226472675 
0.4842421210605302 0.8476634865646179 
0.48474237118559277 0.848820538117227 
0.4852426213106553 0.8499419176913912 
0.4857428714357178 0.8510274699272625 
0.48624312156078037 0.8520770437874742 
0.48674337168584286 0.8530904926257408 
0.4872436218109054 0.8540676742552562 
0.48774387193596797 0.8550084510167183 
0.48824412206103046 0.855912689845796 
0.488744372186093 0.8567802623398674 
0.48924462231115556 0.8576110448238408 
0.48974487243621806 0.8584049184148895 
0.4902451225612806 0.8591617690859209 
0.49074537268634316 0.8598814877275989 
0.49124562281140566 0.8605639702087586 
0.4917458729364682 0.8612091174350374 
0.4922461230615307 0.8618168354055598 
0.49274637318659326 0.862387035267519 
0.4932466233116558 0.8629196333685009 
0.4937468734367183 0.863414551306401 
0.49424712356178085 0.8638717159767993 
0.4947473736868434 0.8642910596176513 
0.4952476238119059 0.8646725198511781 
0.49574787393696845 0.8650160397228358 
0.496248124062031 0.8653215677372537 
0.4967483741870935 0.865589057891047 
0.49724862431215605 0.8658184697024097 
0.49774887443721855 0.866009768237413 
0.4982491245622811 0.866162924132939 
0.49874937468734365 0.8662779136161878 
0.49924962481240615 0.8663547185207141 
0.4997498749374687 0.8663933262989572 
0.5002501250625312 0.8663937300312314 
0.5007503751875938 0.8663559284311707 
0.5012506253126563 0.8662799258476162 
0.5017508754377188 0.8661657322629578 
0.5022511255627814 0.866013363287945 
0.5027513756878439 0.8658228401529954 
0.5032516258129064 0.8655941896960436 
0.503751875937969 0.8653274443469708 
0.5042521260630315 0.865022642108687 
0.504752376188094 0.8646798265349225 
0.5052526263131566 0.8642990467048126 
0.5057528764382191 0.8638803571943676 
0.5062531265632816 0.8634238180449115 
0.5067533766883441 0.8629294947286045 
0.5072536268134067 0.8623974581111596 
0.5077538769384692 0.8618277844118625 
0.5082541270635317 0.8612205551610329 
0.5087543771885943 0.8605758571550496 
0.5092546273136568 0.8598937824090785 
0.5097548774387193 0.8591744281076461 
0.5102551275637819 0.8584178965531999 
0.5107553776888444 0.85762429511281 
0.5112556278139069 0.856793736163159 
0.5117558779389695 0.8559263370339784 
0.512256128064032 0.8550222199500764 
0.5127563781890945 0.8540815119721307 
0.5132566283141571 0.8531043449363849 
0.5137568784392196 0.8520908553934174 
0.5142571285642821 0.8510411845461268 
0.5147573786893447 0.8499554781870946 
0.5152576288144072 0.8488338866354723 
0.5157578789394697 0.8476765646735395 
0.5162581290645323 0.8464836714830761 
0.5167583791895948 0.8452553705816913 
0.5172586293146573 0.8439918297592434 
0.5177588794397199 0.8426932210144713 
0.5182591295647824 0.8413597204919756 
0.5187593796898449 0.8399915084196569 
0.5192596298149074 0.8385887690467219 
0.51975987993997 0.8371516905823655 
0.5202601300650325 0.835680465135221 
0.520760380190095 0.8341752886536723 
0.5212606303151576 0.8326363608670981 
0.5217608804402201 0.8310638852281331 
0.5222611305652826 0.829458068856002 
0.5227613806903452 0.8278191224809788 
0.5232616308154077 0.8261472603900273 
0.5237618809404702 0.8244427003736536 
0.5242621310655328 0.8227056636739963 
0.5247623811905953 0.8209363749341825 
0.5252626313156578 0.8191350621489574 
0.5257628814407204 0.8173019566165819 
0.5262631315657829 0.815437292892005 
0.5267633816908454 0.8135413087412892 
0.527263631815908 0.8116142450972607 
0.5277638819409705 0.8096563460163659 
0.528264132066033 0.8076678586366872 
0.5287643821910956 0.805649033137067 
0.5292646323161581 0.8036001226973047 
0.5297648824412206 0.8015213834593455 
0.530265132566283 0.7994130744894106 
0.5307653826913457 0.7972754577409884 
0.5312656328164082 0.795108798018613 
0.5317658829414706 0.792913362942351 
0.5322661330665333 0.7906894229128951 
0.5327663831915957 0.7884372510771969 
0.5332666333166582 0.7861571232945259 
0.5337668834417209 0.7838493181028641 
0.5342671335667833 0.7815141166855403 
0.5347673836918458 0.779151802837999 
0.5352676338169085 0.7767626629346013 
0.535767883941971 0.7743469858953549 
0.5362681340670334 0.7719050631524803 
0.536768384192096 0.7694371886166869 
0.5372686343171585 0.7669436586430843 
0.537768884442221 0.7644247719966107 
0.5382691345672836 0.7618808298168845 
0.5387693846923461 0.7593121355823866 
0.5392696348174086 0.7567189950738781 
0.5397698849424712 0.7541017163369578 
0.5402701350675337 0.751460609643689 
0.5407703851925962 0.7487959874531994 
0.5412706353176588 0.7461081643711811 
0.5417708854427213 0.7433974571082281 
0.5422711355677838 0.7406641844369313 
0.5427713856928463 0.7379086671476798 
0.5432716358179089 0.7351312280031135 
0.5437718859429714 0.7323321916911721 
0.5442721360680339 0.7295118847767097 
0.5447723861930965 0.7266706356516254 
0.545272636318159 0.7238087744834953 
0.5457728864432215 0.72092663316268 
0.5462731365682841 0.7180245452478844 
0.5467733866933466 0.715102845910176 
0.5472736368184091 0.712161871875457 
0.5477738869434717 0.7092019613653866 
0.5482741370685342 0.7062234540367809 
0.5487743871935967 0.7032266909195106 
0.5492746373186593 0.7002120143529061 
0.5497748874437218 0.6971797679207281 
0.5502751375687843 0.6941302963847289 
0.5507753876938469 0.691063945616852 
0.5512756378189094 0.6879810625301274 
0.5517758879439719 0.6848819950083239 
0.5522761380690345 0.681767091834407 
0.552776388194097 0.6786367026178874 
0.5532766383191595 0.6754911777211355 
0.5537768884442221 0.6723308681847141 
0.5542771385692846 0.6691561256518481 
0.5547773886943471 0.6659673022920898 
0.5552776388194096 0.6627647507242828 
0.5557778889444722 0.659548823938907 
0.5562781390695347 0.6563198752199103 
0.5567783891945972 0.6530782580661192 
0.5572786393196598 0.6498243261123172 
0.5577788894447223 0.6465584330501093 
0.5582791395697848 0.6432809325486593 
0.5587793896948474 0.6399921781753993 
0.5592796398199099 0.6366925233168248 
0.5597798899449724 0.6333823210994649 
0.560280140070035 0.6300619243111263 
0.5607803901950975 0.6267316853225171 
0.56128064032016 0.6233919560093428 
0.5617808904452226 0.6200430876749613 
0.5622811405702851 0.6166854309737037 
0.5627813906953476 0.6133193358349395 
0.5632816408204102 0.6099451513879686 
0.5637818909454727 0.6065632258878372 
0.5642821410705352 0.6031739066421467 
0.5647823911955978 0.5997775399389239 
0.5652826413206603 0.5963744709756421 
0.5657828914457228 0.5929650437894453 
0.5662831415707853 0.5895496011886365 
0.5667833916958479 0.5861284846855014 
0.5672836418209104 0.5827020344305024 
0.5677838919459729 0.5792705891479065 
0.5682841420710355 0.5758344860728757 
0.568784392196098 0.5723940608900647 
0.5692846423211605 0.5689496476737659 
0.5697848924462231 0.5655015788296014 
0.5702851425712856 0.562050185037825 
0.5707853926963481 0.5585957951982156 
0.5712856428214107 0.5551387363765864 
0.5717858929464732 0.551679333752927 
0.5722861430715357 0.5482179105711669 
0.5727863931965983 0.5447547880905615 
0.5732866433216608 0.5412902855387004 
0.5737868934467233 0.5378247200661226 
0.5742871435717859 0.5343584067025159 
0.5747873936968484 0.5308916583144977 
0.5752876438219109 0.5274247855649462 
0.5757878939469735 0.5239580968738452 
0.576288144072036 0.5204918983806371 
0.5767883941970985 0.5170264939080329 
0.5772886443221611 0.5135621849272484 
0.5777888944472236 0.5100992705246371 
0.5782891445722861 0.5066380473696721 
0.5787893946973486 0.503178809684244 
0.5792896448224112 0.4997218492132199 
0.5797898949474737 0.49626745519623733 
0.5802901450725362 0.49281591434067623 
0.5807903951975988 0.4893675107957648 
0.5812906453226613 0.4859225261277812 
0.5817908954477238 0.4824812392963016 
0.5822911455727864 0.47904392663144324 
0.5827913956978489 0.47561086181206824 
0.5832916458229114 0.47218231584490195 
0.583791895947974 0.46875855704451447 
0.5842921460730365 0.46533985101413217 
0.584792396198099 0.461926460627241 
0.5852926463231616 0.45851864600992787 
0.5857928964482241 0.4551166645239402 
0.5862931465732866 0.4517207707504227 
0.5867933966983492 0.44833121647428764 
0.5872936468234117 0.4449482506692042 
0.5877938969484742 0.4415721194831704 
0.5882941470735368 0.4382030662246339 
0.5887943971985993 0.4348413313491524 
0.5892946473236618 0.4314871524465651 
0.5897948974487243 0.42814076422864517 
0.5902951475737869 0.4248023985172421 
0.5907953976988494 0.42147228423287336 
0.5912956478239119 0.4181506473837748 
0.5917958979489745 0.4148377110553802 
0.592296148074037 0.4115336954002477 
0.5927963981990995 0.40823881762840736 
0.5932966483241621 0.4049532919981363 
0.5937968984492246 0.40167732980716364 
0.5942971485742871 0.3984111393843052 
0.5947973986993497 0.39515492608152547 
0.5952976488244122 0.39190889226644193 
0.5957978989494747 0.3886732373152767 
0.5962981490745373 0.38544815760625345 
0.5967983991995998 0.3822338465134622 
0.5972986493246623 0.37903049440120146 
0.5977988994497249 0.3758382886187945 
0.5982991495747874 0.37265741349591 
0.5987993996998499 0.3694880503383903 
0.5992996498249125 0.3663303774245994 
0.599799899949975 0.3631845700023043 
0.6003001500750375 0.36005080028611114 
0.6008004002001001 0.35692923745544763 
0.6013006503251626 0.35382004765312697 
0.601800900450225 0.35072339398449387 
0.6023011505752875 0.34763943651715334 
0.6028014007003502 0.344568332281314 
0.6033016508254126 0.34151023527073154 
0.6038019009504751 0.3384652964442791 
0.6043021510755378 0.33543366372812655 
0.6048024012006002 0.33241548201855986 
0.6053026513256627 0.3294108931854235 
0.6058029014507254 0.32642003607618814 
0.6063031515757878 0.3234430465206544 
0.6068034017008503 0.32048005733627755 
0.607303651825913 0.3175311983341114 
0.6078039019509754 0.3145965963253672 
0.6083041520760379 0.3116763751285806 
0.6088044022011005 0.3087706555773636 
0.609304652326163 0.3058795555287464 
0.6098049024512255 0.3030031898720833 
0.6103051525762881 0.30014167053850466 
0.6108054027013506 0.2972951065109091 
0.6113056528264131 0.29446360383446263 
0.6118059029514757 0.2916472656275916 
0.6123061530765382 0.28884619209344164 
0.6128064032016007 0.28606048053178856 
0.6133066533266633 0.28329022535136017 
0.6138069034517258 0.2805355180825567 
0.6143071535767883 0.2777964473905377 
0.6148074037018508 0.2750730990886477 
0.6153076538269134 0.2723655561521497 
0.6158079039519759 0.26967389873224384 
0.6163081540770384 0.2669982041703421 
0.616808404202101 0.2643385470125607 
0.6173086543271635 0.2616949990244166 
0.617808904452226 0.2590676292056932 
0.6183091545772886 0.2564565038054406 
0.6188094047023511 0.2538616863371012 
0.6193096548274136 0.2512832375937247 
0.6198099049524762 0.24872121566324562 
0.6203101550775387 0.24617567594381146 
0.6208104052026012 0.2436466711591369 
0.6213106553276638 0.24113425137385908 
0.6218109054527263 0.2386384640088873 
0.6223111555777888 0.23615935385672954 
0.6228114057028514 0.23369696309677646 
0.6233116558279139 0.23125133131054657 
0.6238119059529764 0.22882249549687642 
0.624312156078039 0.22641049008705044 
0.6248124062031015 0.22401534695987796 
0.625312656328164 0.22163709545670987 
0.6258129064532265 0.21927576239640398 
0.6263131565782891 0.21693137209024502 
0.6268134067033516 0.21460394635682953 
0.6273136568284141 0.21229350453693036 
0.6278139069534767 0.21000006350835435 
0.6283141570785392 0.2077236377008122 
0.6288144072036017 0.20546423911083062 
0.6293146573286643 0.20322187731671565 
0.6298149074537268 0.20099655949360823 
0.6303151575787893 0.19878829042866097 
0.6308154077038519 0.19659707253635514 
0.6313156578289144 0.1944229058740101 
0.6318159079539769 0.19226578815751066 
0.6323161580790395 0.19012571477729087 
0.632816408204102 0.18800267881462035 
0.6333166583291645 0.1858966710582297 
0.6338169084542271 0.1838076800213168 
0.6343171585792896 0.18173569195898134 
0.6348174087043521 0.17968069088613187 
0.6353176588294147 0.1776426585959006 
0.6358179089544772 0.17562157467862546 
0.6363181590795397 0.1736174165414326 
0.6368184092046023 0.1716301594284636 
0.6373186593296648 0.1696597764417982 
0.6378189094547273 0.16770623856310596 
0.6383191595797898 0.1657695146760735 
0.6388194097048524 0.16384957158963942 
0.6393196598299149 0.16194637406208004 
0.6398199099549774 0.160059884825979 
0.64032016008004 0.15819006461410687 
0.6408204102051025 0.15633687218624676 
0.641320660330165 0.15450026435698835 
0.6418209104552276 0.1526801960245107 
0.6423211605802901 0.15087662020037396 
0.6428214107053526 0.14908948804033936 
0.6433216608304152 0.1473187488762138 
0.6438219109554777 0.14556435024874212 
0.6443221610805402 0.14382623794153737 
0.6448224112056028 0.14210435601604662 
0.6453226613306653 0.14039864684754913 
0.6458229114557278 0.1387090511621691 
0.6463231615807904 0.13703550807488715 
0.6468234117058529 0.13537795512852396 
0.6473236618309154 0.13373632833367546 
0.647823911955978 0.13211056220955258 
0.6483241620810405 0.13050058982570062 
0.648824412206103 0.12890634284454824 
0.6493246623311655 0.12732775156473095 
0.6498249124562281 0.12576474496514792 
0.6503251625812906 0.12421725074968266 
0.6508254127063531 0.12268519539253031 
0.6513256628314157 0.12116850418405788 
0.6518259129564782 0.11966710127713222 
0.6523261630815407 0.11818090973383359 
0.6528264132066033 0.116709851572476 
0.6533266633316658 0.1152538478148543 
0.6538269134567283 0.11381281853362556 
0.6543271635817909 0.11238668289973892 
0.6548274137068534 0.11097535922982019 
0.6553276638319159 0.10957876503341911 
0.6558279139569785 0.10819681706001573 
0.656328164082041 0.10682943134570062 
0.6568284142071035 0.1054765232594191 
0.6573286643321661 0.10413800754868498 
0.6578289144572286 0.10281379838466616 
0.6583291645822911 0.10150380940654181 
0.6588294147073537 0.10020795376503193 
0.6593296648324162 0.09892614416500374 
0.6598299149574787 0.09765829290706328 
0.6603301650825413 0.09640431192803343 
0.6608304152076038 0.09516411284023067 
0.6613306653326663 0.09393760696945981 
0.6618309154577288 0.09272470539163234 
0.6623311655827914 0.09152531896793765 
0.6628314157078539 0.0903393583784894 
0.6633316658329164 0.08916673415437842 
0.663831915957979 0.08800735670806208 
0.6643321660830415 0.08686113636203756 
0.664832416208104 0.0857279833757469 
0.6653326663331666 0.08460780797065422 
0.6658329164582291 0.08350052035347186 
0.6663331665832916 0.08240603073749107 
0.6668334167083542 0.0813242493619916 
0.6673336668334167 0.08025508650971673 
0.6678339169584792 0.07919845252239688 
0.6683341670835418 0.07815425781432021 
0.6688344172086043 0.07712241288395338 
0.6693346673336668 0.07610282832362837 
0.6698349174587294 0.07509541482730529 
0.6703351675837919 0.07410008319645402 
0.6708354177088544 0.07311674434407595 
0.671335667833917 0.07214530929691715 
0.6718359179589795 0.07118568919592495 
0.672336168084042 0.07023779529500415 
0.6728364182091046 0.06930153895813802 
0.673336668334167 0.06837683165495463 
0.6738369184592296 0.06746358495481297 
0.674337168584292 0.06656171051949787 
0.6748374187093547 0.06567112009462119 
0.6753376688344171 0.06479172549982422 
0.6758379189594796 0.06392343861789311 
0.6763381690845423 0.06306617138289108 
0.6768384192096047 0.06221983576743083 
0.6773386693346672 0.06138434376920422 
0.6778389194597298 0.060559607396889356 
0.6783391695847923 0.05974553865557083 
0.6788394197098548 0.05894204953179846 
0.6793396698349174 0.05814905197841481 
0.6798399199599799 0.05736645789929139 
0.6803401700850424 0.056594179134106824 
0.680840420210105 0.055832127443297984 
0.6813406703351675 0.055080214493328325 
0.68184092046023 0.054338351842400566 
0.6823411705852926 0.05360645092675078 
0.6828414207103551 0.05288442304765507 
0.6833416708354176 0.05217217935927909 
0.6838419209604802 0.051469630857487604 
0.6843421710855427 0.05077668836975116 
0.6848424212106052 0.050093262546250586 
0.6853426713356677 0.04941926385230301 
0.6858429214607303 0.048754602562209495 
0.6863431715857928 0.04809918875463021 
0.6868434217108553 0.04745293230957381 
0.6873436718359179 0.04681574290709426 
0.6878439219609804 0.04618753002777151 
0.6883441720860429 0.04556820295504327 
0.6888444222111055 0.04495767077945903 
0.689344672336168 0.04435584240489933 
0.6898449224612305 0.04376262655681371 
0.6903451725862931 0.04317793179250613 
0.6908454227113556 0.0426016665134949 
0.6913456728364181 0.04203373897996624 
0.6918459229614807 0.041474057327317175 
0.6923461730865432 0.040922529584793726 
0.6928464232116057 0.04037906369620078 
0.6933466733366683 0.03984356754266055 
0.6938469234617308 0.03931594896738491 
0.6943471735867933 0.03879611580241264 
0.6948474237118559 0.03828397589725603 
0.6953476738369184 0.03777943714939084 
0.6958479239619809 0.03728240753651284 
0.6963481740870435 0.03679279515047196 
0.696848424212106 0.036310508232796516 
0.6973486743371685 0.035835455211692055 
0.697848924462231 0.035367544740413724 
0.6983491745872936 0.03490668573688225 
0.6988494247123561 0.03445278742441997 
0.6993496748374186 0.034005759373470286 
0.6998499249624812 0.03356551154415561 
0.7003501750875437 0.03313195432953146 
0.7008504252126062 0.03270499859937588 
0.7013506753376688 0.03228455574436149 
0.7018509254627313 0.031870537720443785 
0.7023511755877938 0.03146285709330231 
0.7028514257128564 0.03106142708266556 
0.7033516758379189 0.030666161606345353 
0.7038519259629814 0.030276975323817172 
0.704352176088044 0.029893783679164024 
0.7048524262131065 0.02951650294321874 
0.705352676338169 0.029145050254733268 
0.7058529264632316 0.028779343660403557 
0.7063531765882941 0.028419302153582397 
0.7068534267133566 0.028064845711525035 
0.7073536768384192 0.027715895330998188 
0.7078539269634817 0.027372373062106364 
0.7083541770885442 0.027034202040185407 
0.7088544272136067 0.026701306515618195 
0.7093546773386693 0.02637361188144403 
0.7098549274637318 0.02605104469862701 
0.7103551775887943 0.025733532718872965 
0.7108554277138569 0.0254210049048783 
0.7113556778389194 0.02511339144791298 
0.7118559279639819 0.024810623782652325 
0.7123561780890445 0.024512634599166812 
0.712856428214107 0.024219357852016853 
0.7133566783391695 0.02393072876637975 
0.7138569284642321 0.023646683841174545 
0.7143571785892946 0.023367160849148375 
0.7148574287143571 0.023092098833901044 
0.7153576788394197 0.022821438103842868 
0.7158579289644822 0.022555120223087637 
0.7163581790895447 0.022293087999301194 
0.7168584292146073 0.022035285468530688 
0.7173586793396698 0.021781657877062068 
0.7178589294647323 0.021532151660358906 
0.7183591795897949 0.021286714419150025 
0.7188594297148574 0.0210452948927488 
0.7193596798399199 0.020807842929695678 
0.7198599299649825 0.020574309455826733 
0.720360180090045 0.020344646439887294 
0.7208604302151075 0.020118806856816152 
0.72136068034017 0.019896744648838293 
0.7218609304652326 0.01967841468451426 
0.7223611805902951 0.01946377271590227 
0.7228614307153576 0.01925277533400396 
0.7233616808404202 0.019045379922661546 
0.7238619309654827 0.018841544611095794 
0.7243621810905452 0.018641228225267932 
0.7248624312156078 0.01844439023826593 
0.7253626813406703 0.01825099071991346 
0.7258629314657328 0.01806099028580565 
0.7263631815907954 0.017874350045982347 
0.7268634317158579 0.01769103155345183 
0.7273636818409204 0.017510996752772585 
0.727863931965983 0.01733420792891533 
0.7283641820910455 0.017160627656614746 
0.728864432216108 0.016990218750425088 
0.7293646823411706 0.016822944215692467 
0.7298649324662331 0.016658767200653617 
0.7303651825912956 0.016497650949865474 
0.7308654327163582 0.01633955875916401 
0.7313656828414207 0.01618445393235576 
0.7318659329664832 0.016032299739818356 
0.7323661830915458 0.01588305937920636 
0.7328664332166083 0.01573669593842378 
0.7333666833416708 0.01559317236103696 
0.7338669334667333 0.015452451414277478 
0.7343671835917959 0.015314495659783033 
0.7348674337168584 0.01517926742721203 
0.7353676838419209 0.015046728790847395 
0.7358679339669835 0.014916841549307521 
0.736368184092046 0.014789567208457808 
0.7368684342171085 0.014664866967604653 
0.7373686843421711 0.014542701709046625 
0.7378689344672336 0.014423031991034459 
0.7383691845922961 0.014305818044183877 
0.7388694347173587 0.01419101977136647 
0.7393696848424212 0.014078596751090916 
0.7398699349674837 0.013968508244369305 
0.7403701850925463 0.013860713205052127 
0.7408704352176088 0.01375517029359774 
0.7413706853426713 0.013651837894223032 
0.7418709354677339 0.013550674135378011 
0.7423711855927964 0.013451636913457436 
0.7428714357178589 0.013354683919662927 
0.7433716858429215 0.013259772669901786 
0.743871935967984 0.01316686053760566 
0.7443721860930465 0.013075904789326385 
0.744872436218109 0.012986862622969539 
0.7453726863431716 0.012899691208498244 
0.745872936468234 0.012814347730937179 
0.7463731865932965 0.012730789435492587 
0.7468734367183592 0.012648973674592001 
0.7473736868434216 0.012568857956646324 
0.7478739369684841 0.01249039999631279 
0.7483741870935467 0.01241355776604656 
0.7488744372186092 0.012338289548707382 
0.7493746873436717 0.012264553990990901 
0.7498749374687343 0.012192310157444987 
0.7503751875937968 0.012121517584829279 
0.7508754377188593 0.012052136336571527 
0.751375687843922 0.01198412705707065 
0.7518759379689844 0.011917451025601123 
0.7523761880940469 0.011852070209568993 
0.7528764382191095 0.011787947316870497 
0.753376688344172 0.011725045847109362 
0.7538769384692345 0.011663330141429546 
0.7543771885942971 0.01160276543072924 
0.7548774387193596 0.011543317882016116 
0.7553776888444221 0.011484954642691567 
0.7558779389694847 0.011427643882527485 
0.7563781890945472 0.01137135483314674 
0.7568784392196097 0.011316057824786677 
0.7573786893446722 0.011261724320173593 
0.7578789394697348 0.01120832694531593 
0.7583791895947973 0.011155839517057972 
0.7588794397198598 0.011104237067236594 
0.7593796898449224 0.01105349586330313 
0.7598799399699849 0.011003593425280582 
0.7603801900950474 0.010954508538953658 
0.76088044022011 0.010906221265184061 
0.7613806903451725 0.010858712945284652 
0.761880940470235 0.010811966202379581 
0.7623811905952976 0.010765964938709151 
0.7628814407203601 0.010720694328850503 
0.7633816908454226 0.010676140808839104 
0.7638819409704852 0.010632292061202765 
0.7643821910955477 0.010589136995922833 
0.7648824412206102 0.010546665727373108 
0.7653826913456728 0.010504869547287517 
0.7658829414707353 0.010463740893836733 
0.7663831915957978 0.010423273316905327 
0.7668834417208604 0.010383461439676844 
0.7673836918459229 0.010344300916656838 
0.7678839419709854 0.010305788388274076 
0.7683841920960479 0.01026792143221746 
0.7688844422211105 0.010230698511682393 
0.769384692346173 0.010194118920710865 
0.7698849424712355 0.010158182726828979 
0.7703851925962981 0.01012289071119353 
0.7708854427213606 0.010088244306472599 
0.7713856928464231 0.010054245532694147 
0.7718859429714857 0.0100208969313147 
0.7723861930965482 0.009988201497755806 
0.7728864432216107 0.009956162612679214 
0.7733866933466733 0.009924783972262444 
0.7738869434717358 0.009894069517759726 
0.7743871935967983 0.009864023364622066 
0.7748874437218609 0.009834649731465266 
0.7753876938469234 0.00980595286916933 
0.7758879439719859 0.009777936990399555 
0.7763881940970485 0.009750606199836018 
0.776888444222111 0.009723964425394542 
0.7773886943471735 0.009698015350732078 
0.7778889444722361 0.009672762349303879 
0.7783891945972986 0.009648208420257213 
0.7788894447223611 0.009624356126427702 
0.7793896948474237 0.00960120753469843 
0.7798899449724862 0.009578764158971978 
0.7803901950975487 0.009557026906008372 
0.7808904452226112 0.009535996024349114 
0.7813906953476738 0.009515671056557477 
0.7818909454727363 0.00949605079497798 
0.7823911955977988 0.009477133241209634 
0.7828914457228614 0.009458915569475071 
0.7833916958479239 0.009441394094046287 
0.7838919459729864 0.009424564240877691 
0.784392196098049 0.009408420523574391 
0.7848924462231115 0.009392956523809611 
0.785392696348174 0.009378164876288972 
0.7858929464732366 0.0093640372583334 
0.7863931965982991 0.009350564384143063 
0.7868934467233616 0.009337736003771337 
0.7873936968484242 0.009325540906837829 
0.7878939469734867 0.009313966930971106 
0.7883941970985492 0.009303000974960614 
0.7888944472236118 0.009292629016576926 
0.7893946973486743 0.009282836134997356 
0.7898949474737368 0.009273606537757367 
0.7903951975987994 0.00926492359212444 
0.7908954477238619 0.009256769860775739 
0.7913956978489244 0.009249127141639193 
0.791895947973987 0.009241976511744276 
0.7923961980990495 0.009235298374900384 
0.792896448224112 0.009229072513021856 
0.7933966983491745 0.009223278140882125 
0.7938969484742371 0.00921789396407507 
0.7943971985992996 0.009212898239952149 
0.7948974487243621 0.009208268841275511 
0.7953976988494247 0.009203983322325306 
0.7958979489744872 0.009200018987189551 
0.7963981990995497 0.009196352959943114 
0.7968984492246123 0.009192962256424884 
0.7973986993496748 0.009189823857310573 
0.7978989494747373 0.009186914782163784 
0.7983991995997999 0.009184212164158486 
0.7988994497248624 0.009181693325146732 
0.7993996998499249 0.009179335850750779 
0.7998999499749875 0.009177117665152328 
0.80040020010005 0.00917501710526104 
0.8009004502251125 0.009173012993930679 
0.8014007003501751 0.009171084711908892 
0.8019009504752376 0.009169212268201022 
0.8024012006003001 0.009167376368534867 
0.8029014507253627 0.009165558481628555 
0.8034017008504252 0.009163740902957112 
0.8039019509754877 0.009161906815737243 
0.8044022011005502 0.009160040348850373 
0.8049024512256128 0.009158126631439837 
0.8054027013506753 0.009156151843932493 
0.8059029514757378 0.009154103265246299 
0.8064032016008004 0.009151969315963081 
0.8069034517258629 0.009149739597255969 
0.8074037018509254 0.009147404925391492 
0.807903951975988 0.009144957361627548 
0.8084042021010505 0.009142390237360293 
0.808904452226113 0.009139698174387654 
0.8094047023511756 0.009136877100174233 
0.8099049524762381 0.00913392425803116 
0.8104052026013006 0.009130838212138476 
0.8109054527263632 0.00912761884736349 
0.8114057028514257 0.009124267363846486 
0.8119059529764882 0.009120786266352736 
0.8124062031015508 0.009117179348408411 
0.8129064532266133 0.009113451671259586 
0.8134067033516758 0.00910960953772005 
0.8139069534767384 0.009105660460986474 
0.8144072036018009 0.009101613128539254 
0.8149074537268634 0.00909747736124115 
0.815407703851926 0.009093264067798031 
0.8159079539769885 0.009088985194739902 
0.816408204102051 0.009084653672116449 
0.8169084542271134 0.009080283355112621 
0.817408704352176 0.009075888961815022 
0.8179089544772385 0.009071486007362324 
0.818409204602301 0.009067090734752054 
0.8189094547273637 0.009062720042570933 
0.8194097048524261 0.009058391409934361 
0.8199099549774886 0.009054122818950773 
0.8204102051025512 0.009049932675008721 
0.8209104552276137 0.009045839725219652 
0.8214107053526762 0.009041862975351351 
0.8219109554777388 0.009038021605585693 
0.8224112056028013 0.00903433488545262 
0.8229114557278638 0.009030822088293413 
0.8234117058529264 0.009027502405604328 
0.8239119559779889 0.009024394861621769 
0.8244122061030514 0.009021518228504862 
0.824912456228114 0.009018890942468823 
0.8254127063531765 0.0090165310212295 
0.825912956478239 0.009014455983100323 
0.8264132066033016 0.00901268276809021 
0.8269134567283641 0.009011227661337442 
0.8274137068534266 0.009010106219205194 
0.8279139569784892 0.009009333198356654 
0.8284142071035517 0.009008922488117216 
0.8289144572286142 0.009008887046416069 
0.8294147073536767 0.009009238839579017 
0.8299149574787393 0.009009988786246233 
0.8304152076038018 0.00901114670565609 
0.8309154577288643 0.009012721270519988 
0.8314157078539269 0.009014719964704675 
0.8319159579789894 0.009017149045910274 
0.8324162081040519 0.009020013513509338 
0.8329164582291145 0.009023317081701504 
0.833416708354177 0.009027062158106596 
0.8339169584792395 0.00903124982789655 
0.8344172086043021 0.009035879843553215 
0.8349174587293646 0.009040950620300907 
0.8354177088544271 0.009046459237254355 
0.8359179589794897 0.0090524014442801 
0.8364182091045522 0.009058771674563858 
0.8369184592296147 0.009065563062841363 
0.8374187093546773 0.009072767469224842 
0.8379189594797398 0.009080375508540194 
0.8384192096048023 0.009088376585060681 
0.8389194597298649 0.009096758932502832 
0.8394197098549274 0.00910550965912337 
0.8399199599799899 0.009114614797742266 
0.8404202101050524 0.009124059360482436 
0.840920460230115 0.009133827398008958 
0.8414207103551775 0.009143902063023419 
0.84192096048024 0.009154265677754035 
0.8424212106053026 0.009164899805156208 
0.8429214607303651 0.009175785323537718 
0.8434217108554276 0.009186902504289515 
0.8439219609804902 0.009198231092401898 
0.8444222111055527 0.009209750389425862 
0.8449224612306152 0.009221439338530181 
0.8454227113556778 0.009233276611301034 
0.8459229614807403 0.009245240695908711 
0.8464232116058028 0.009257309986273696 
0.8469234617308654 0.009269462871852836 
0.8474237118559279 0.009281677827658303 
0.8479239619809904 0.009293933504130821 
0.848424212106053 0.00930620881648035 
0.8489244622311155 0.00931848303310935 
0.849424712356178 0.009330735862739963 
0.8499249624812406 0.009342947539870387 
0.8504252126063031 0.009355098908191481 
0.8509254627313656 0.009367171501598447 
0.8514257128564282 0.009379147622451655 
0.8519259629814907 0.009391010416744382 
0.8524262131065532 0.009402743945844947 
0.8529264632316157 0.009414333254506793 
0.8534267133566783 0.009425764434842922 
0.8539269634817408 0.009437024685983076 
0.8544272136068033 0.009448102369153862 
0.8549274637318659 0.009458987057931835 
0.8554277138569284 0.009469669583449645 
0.8559279639819909 0.009480142074351062 
0.8564282141070535 0.00949039799131117 
0.856928464232116 0.009500432155972278 
0.8574287143571785 0.009510240774149688 
0.8579289644822411 0.009519821453211749 
0.8584292146073036 0.009529173213537636 
0.8589294647323661 0.009538296494004592 
0.8594297148574287 0.009547193151461002 
0.8599299649824912 0.009555866454191791 
0.8604302151075537 0.009564321069379855 
0.8609304652326163 0.009572563044621394 
0.8614307153576788 0.00958059978356097 
0.8619309654827413 0.009588440015740675 
0.8624312156078039 0.0095960937607905 
0.8629314657328664 0.009603572287105963 
0.8634317158579289 0.009610888065179105 
0.8639319659829914 0.009618054715786547 
0.864432216108054 0.009625086953243153 
0.8649324662331165 0.009632000523970128 
0.865432716358179 0.00963881214063007 
0.8659329664832416 0.009645539412113966 
0.8664332166083041 0.009652200769680848 
0.8669334667333666 0.009658815389561074 
0.8674337168584292 0.009665403112363151 
0.8679339669834917 0.00967198435962562 
0.8684342171085542 0.009678580047879465 
0.8689344672336168 0.009685211500589182 
0.8694347173586793 0.009691900358361781 
0.8699349674837418 0.009698668487806724 
0.8704352176088044 0.009705537889449745 
0.8709354677338669 0.00971253060510571 
0.8714357178589294 0.009719668625109965 
0.871935967983992 0.009726973795821771 
0.8724362181090545 0.009734467727806083 
0.872936468234117 0.009742171705098474 
0.8734367183591796 0.009750106595956907 
0.8739369684842421 0.009758292765493217 
0.8744372186093046 0.009766749990579316 
0.8749374687343672 0.009775497377402331 
0.8754377188594297 0.009784553282041324 
0.8759379689844922 0.009793935234423151 
0.8764382191095547 0.009803659865997148 
0.8769384692346173 0.00981374284146003 
0.8774387193596798 0.009824198794839898 
0.8779389694847423 0.009835041270231673 
0.8784392196098049 0.009846282667456715 
0.8789394697348674 0.009857934192896213 
0.8794397198599299 0.009870005815731817 
0.8799399699849925 0.0098825062297976 
0.880440220110055 0.009895442821219243 
0.8809404702351175 0.009908821642009649 
0.8814407203601801 0.009922647389739707 
0.8819409704852426 0.00993692339339457 
0.882441220610305 0.009951651605491703 
0.8829414707353677 0.009966832600509883 
0.8834417208604302 0.009982465579649201 
0.8839419709854927 0.009998548381916295 
0.8844422211105553 0.01001507750150482 
0.8849424712356178 0.010032048111396928 
0.8854427213606803 0.010049454093108456 
0.8859429714857429 0.01006728807244919 
0.8864432216108054 0.010085541461155425 
0.8869434717358678 0.010104204504224647 
0.8874437218609305 0.010123266332746092 
0.887943971985993 0.010142715022014304 
0.8884442221110554 0.010162537654662242 
0.8889444722361179 0.010182720388554294 
0.8894447223611806 0.010203248529135995 
0.889944972486243 0.010224106605924823 
0.8904452226113055 0.010245278452810123 
0.8909454727363681 0.010266747291799636 
0.8914457228614306 0.010288495819844522 
0.8919459729864931 0.01031050629835258 
0.8924462231115557 0.010332760644986113 
0.8929464732366182 0.010355240527331893 
0.8934467233616807 0.010377927458009835 
0.8939469734867433 0.010400802890795102 
0.8944472236118058 0.010423848317301773 
0.8949474737368683 0.01044704536378357 
0.8954477238619309 0.010470375887602716 
0.8959479739869934 0.010493822072907211 
0.8964482241120559 0.010517366525068917 
0.8969484742371185 0.010540992363430915 
0.897448724362181 0.010564683311912655 
0.8979489744872435 0.010588423787040632 
0.8984492246123061 0.010612198982963138 
0.8989494747373686 0.010635994953032654 
0.8994497248624311 0.010659798687542093 
0.8999499749874936 0.01068359818721552 
0.9004502251125562 0.0107073825320769 
0.9009504752376187 0.010731141945321659 
0.9014507253626812 0.01075486785185489 
0.9019509754877438 0.010778552931157367 
0.9024512256128063 0.010802191164186643 
0.9029514757378688 0.010825777874019633 
0.9034517258629314 0.010849309759983237 
0.9039519759879939 0.01087278492504294 
0.9044522261130564 0.010896202896236053 
0.904952476238119 0.010919564637976891 
0.9054527263631815 0.010942872558082711 
0.905952976488244 0.010966130506396311 
0.9064532266133066 0.010989343765918673 
0.9069534767383691 0.011012519036386156 
0.9074537268634316 0.011035664410270566 
0.9079539769884942 0.011058789341194577 
0.9084542271135567 0.01108190460480108 
0.9089544772386192 0.011105022252142153 
0.9094547273636818 0.01112815555567666 
0.9099549774887443 0.011151318948014882 
0.9104552276138068 0.011174527953554492 
0.9109554777388694 0.011197799113208898 
0.9114557278639319 0.011221149902436969 
0.9119559779889944 0.011244598642826613 
0.9124562281140569 0.011268164407506668 
0.9129564782391195 0.011291866920686565 
0.913456728364182 0.011315726451661033 
0.9139569784892445 0.011339763703623518 
0.9144572286143071 0.011363999697676605 
0.9149574787393696 0.011388455652434657 
0.9154577288644321 0.011413152859641658 
0.9159579789894947 0.011438112556246596 
0.9164582291145572 0.011463355793395445 
0.9169584792396197 0.011488903302815856 
0.9174587293646823 0.011514775361083014 
0.9179589794897448 0.011540991652272575 
0.9184592296148073 0.011567571129510583 
0.9189594797398699 0.011594531875946806 
0.9194597298649324 0.011621890965675848 
0.9199599799899949 0.011649664325145212 
0.9204602301150575 0.011677866595583302 
0.92096048024012 0.011706510996988488 
0.9214607303651825 0.011735609194211736 
0.9219609804902451 0.011765171165668702 
0.9224612306153076 0.011795205075209722 
0.9229614807403701 0.011825717147664701 
0.9234617308654326 0.011856711548577622 
0.9239619809904952 0.011888190268626416 
0.9244622311155577 0.01192015301321834 
0.9249624812406202 0.011952597097728697 
0.9254627313656828 0.011985517348838978 
0.9259629814907453 0.012018906012408825 
0.9264632316158078 0.012052752668294524 
0.9269634817408704 0.012087044152511005 
0.9274637318659329 0.012121764487100955 
0.9279639819909954 0.012156894818059117 
0.928464232116058 0.012192413361625644 
0.9289644822411205 0.012228295359237423 
0.929464732366183 0.012264513041401793 
0.9299649824912456 0.012301035600716995 
0.9304652326163081 0.012337829174243264 
0.9309654827413706 0.012374856835387825 
0.9314657328664332 0.012412078595441522 
0.9319659829914957 0.012449451414866563 
0.9324662331165582 0.012486929224404076 
0.9329664832416208 0.012524462956034927 
0.9334667333666833 0.01256200058379203 
0.9339669834917458 0.01259948717439181 
0.9344672336168084 0.012636864947612444 
0.9349674837418709 0.012674073346317703 
0.9354677338669334 0.012711049115988717 
0.9359679839919959 0.01274772639359037 
0.9364682341170585 0.012784036805572222 
0.936968484242121 0.012819909574763031 
0.9374687343671835 0.012855271635896887 
0.9379689844922461 0.012890047759465662 
0.9384692346173086 0.012924160683574533 
0.9389694847423711 0.012957531253440046 
0.9394697348674337 0.01299007856815103 
0.9399699849924962 0.013021720134273673 
0.9404702351175587 0.013052372025875492 
0.9409704852426213 0.013081949050501506 
0.9414707353676838 0.013110364920626378 
0.9419709854927463 0.0131375324300803 
0.9424712356178089 0.013163363634930507 
0.9429714857428714 0.01318777003828707 
0.9434717358679339 0.01321066277847494 
0.9439719859929965 0.01323195282001597 
0.944472236118059 0.013251551146846244 
0.9449724862431215 0.013269368957183805 
0.9454727363681841 0.013285317859461587 
0.9459729864932466 0.013299310068724238 
0.9464732366183091 0.0133112586029013 
0.9469734867433717 0.013321077478348315 
0.9474737368684342 0.013328681904069165 
0.9479739869934967 0.013333988474018888 
0.9484742371185592 0.01333691535690177 
0.9489744872436218 0.013337382482885763 
0.9494747373686843 0.013335311726656307 
0.9499749874937468 0.013330627086258604 
0.9504752376188094 0.013323254857171072 
0.9509754877438719 0.013313123801086207 
0.9514757378689344 0.013300165308878446 
0.951975987993997 0.013284313557265512 
0.9524762381190595 0.013265505658688625 
0.952976488244122 0.013243681803949607 
0.9534767383691846 0.013218785397183854 
0.9539769884942471 0.013190763182754327 
0.9544772386193096 0.013159565363691828 
0.9549774887443722 0.013125145711325427 
0.9554777388694347 0.013087461665780856 
0.9559779889944972 0.013046474427050783 
0.9564782391195598 0.013002149036374862 
0.9569784892446223 0.01295445444769136 
0.9574787393696848 0.012903363588967211 
0.9579789894947474 0.012848853413234123 
0.9584792396198099 0.012790904939193713 
0.9589794897448723 0.012729503281297261 
0.9594797398699348 0.012664637669226824 
0.9599799899949975 0.012596301456747117 
0.96048024012006 0.012524492119929082 
0.9609804902451224 0.012449211244781724 
0.961480740370185 0.012370464504356594 
0.9619809904952475 0.012288261625432555 
0.96248124062031 0.01220261634491321 
0.9629814907453726 0.012113546356107726 
0.9634817408704351 0.012021073245093702 
0.9639819909954976 0.0119252224173932 
0.9644822411205602 0.011826023015225812 
0.9649824912456227 0.011723507825629769 
0.9654827413706852 0.011617713179770214 
0.9659829914957478 0.011508678843784913 
0.9664832416208103 0.01139644790153324 
0.9669834917458728 0.01128106662965748 
0.9674837418709354 0.011162584365369923 
0.9679839919959979 0.01104105336741309 
0.9684842421210604 0.01091652867065728 
0.968984492246123 0.010789067934814964 
0.9694847423711855 0.010658731287776772 
0.969984992496248 0.010525581164083657 
0.9704852426213106 0.010389682139063687 
0.9709854927463731 0.010251100759174308 
0.9714857428714356 0.010109905369105264 
0.9719859929964981 0.00996616593619923 
0.9724862431215607 0.009819953872759095 
0.9729864932466232 0.00967134185681067 
0.9734867433716857 0.009520403651898492 
0.9739869934967483 0.00936721392648419 
0.9744872436218108 0.009211848073528553 
0.9749874937468733 0.009054382030821118 
0.9754877438719359 0.0088948921026289 
0.9759879939969984 0.008733454783216575 
0.9764882441220609 0.008570146582802479 
0.9769884942471235 0.008405043856471998 
0.977488744372186 0.008238222636596407 
0.9779889944972485 0.008069758469256777 
0.9784892446223111 0.007899726255186807 
0.9789894947473736 0.007728200095701326 
0.9794897448724361 0.007555253144093356 
0.9799899949974987 0.007380957462923279 
0.9804902451225612 0.00720538388764593 
0.9809904952476237 0.007028601896957935 
0.9814907453726863 0.006850679490247559 
0.9819909954977488 0.0066716830725071855 
0.9824912456228113 0.0064916773470169685 
0.9829914957478738 0.0063107252161130716 
0.9834917458729364 0.00612888769030626 
0.9839919959979989 0.005946223805986618 
0.9844922461230614 0.005762790551931299 
0.984992496248124 0.005578642804798055 
0.9854927463731865 0.005393833273753391 
0.985992996498249 0.005208412454352743 
0.9864932466233116 0.005022428591765195 
0.9869934967483741 0.004835927653397881 
0.9874937468734366 0.004648953310941031 
0.9879939969984992 0.004461546931837165 
0.9884942471235617 0.0042737475801199075 
0.9889944972486242 0.004085592026570517 
0.9894947473736868 0.003897114768071706 
0.9899949974987493 0.0037083480560458296 
0.9904952476238118 0.003519321933798949 
0.9909954977488744 0.003330064282587547 
0.9914957478739369 0.0031406008761838333 
0.9919959979989994 0.0029509554436909524 
0.992496248124062 0.002761149740328085 
0.9929964982491245 0.0025712036258893956 
0.993496748374187 0.0023811351505377025 
0.9939969984992496 0.002190960647589833 
0.9944972486243121 0.002000694832907174 
0.9949974987493746 0.0018103509105073558 
0.9954977488744371 0.0016199406839606852 
0.9959979989994997 0.001429474673149067 
0.9964982491245622 0.0012389622359244045 
0.9969984992496247 0.0010484116941954025 
0.9974987493746873 0.0008578304639574795 
0.9979989994997498 0.000667225188769019 
0.9984992496248123 0.0004766018761573533 
0.9989994997498749 0.00028596603644432555 
0.9994997498749374 9.532282344960185e-05 
1.0 0.0 
