xdata ydata 
0.0 7.835435224379242e-11 
0.0005002501250625312 8.237166475848874e-11 
0.0010005002501250625 8.659061526545422e-11 
0.0015007503751875936 9.102109823217625e-11 
0.002001000500250125 9.567348207195528e-11 
0.0025012506253126563 1.0055863126499535e-10 
0.003001500750375187 1.0568792948345164e-10 
0.0035017508754377185 1.1107330376461865e-10 
0.00400200100050025 1.167272497783565e-10 
0.004502251125562781 1.22662858236763e-10 
0.0050025012506253125 1.2889384249618456e-10 
0.005502751375687844 1.3543456740374794e-10 
0.006003001500750374 1.423000794428191e-10 
0.006503251625812906 1.495061382340873e-10 
0.007003501750875437 1.570692494513711e-10 
0.007503751875937968 1.6500669921372335e-10 
0.0080040020010005 1.7333659001800478e-10 
0.00850425212606303 1.8207787827880452e-10 
0.009004502251125562 1.9125041354534995e-10 
0.009504752376188093 2.0087497946802423e-10 
0.010005002501250625 2.1097333659008995e-10 
0.010505252626313155 2.215682670433946e-10 
0.011005502751375688 2.3268362123013236e-10 
0.011505752876438218 2.4434436657611e-10 
0.012006003001500749 2.5657663844456516e-10 
0.01250625312656328 2.6940779330323993e-10 
0.013006503251625811 2.8286646424125436e-10 
0.013506753376688344 2.969826189363533e-10 
0.014007003501750874 3.1178762017720717e-10 
0.014507253626813406 3.2731428904977825e-10 
0.015007503751875937 3.435969709012644e-10 
0.015507753876938469 3.606716041997877e-10 
0.016008004002001 3.7857579241281813e-10 
0.01650825412706353 3.973488790324182e-10 
0.01700850425212606 4.170320258805566e-10 
0.017508754377188594 4.3766829483325544e-10 
0.018009004502251125 4.5930273310795726e-10 
0.018509254627313655 4.819824622643301e-10 
0.019009504752376186 5.057567710749425e-10 
0.01950975487743872 5.306772124284973e-10 
0.02001000500250125 5.567977044348888e-10 
0.02051025512756378 5.841746359083161e-10 
0.02101050525262631 6.128669764116735e-10 
0.02151075537768884 6.429363910528298e-10 
0.022011005502751375 6.744473602312446e-10 
0.022511255627813906 7.074673045410579e-10 
0.023011505752876436 7.420667150453989e-10 
0.023511755877938967 7.783192891449233e-10 
0.024012006003001497 8.163020722727913e-10 
0.02451225612806403 8.560956056573453e-10 
0.02501250625312656 8.977840804035988e-10 
0.025512756378189092 9.414554981543034e-10 
0.026013006503251623 9.872018386021287e-10 
0.026513256628314157 1.0351192341349313e-09 
0.027013506753376687 1.0853081519073791e-09 
0.027513756878439218 1.1378735836438437e-09 
0.028014007003501748 1.192925243489388e-09 
0.02851425712856428 1.2505777742382458e-09 
0.029014507253626812 1.3109509622821748e-09 
0.029514757378689343 1.3741699616342999e-09 
0.030015007503751873 1.4403655273983455e-09 
0.030515257628814404 1.5096742590673516e-09 
0.031015507753876938 1.5822388540510128e-09 
0.03151575787893947 1.658208371846549e-09 
0.032016008004002 1.7377385092839358e-09 
0.03251625812906453 1.8209918872931349e-09 
0.03301650825412706 1.908138349658435e-09 
0.03351675837918959 1.9993552742429785e-09 
0.03401700850425212 2.0948278971850788e-09 
0.03451725862931466 2.194749650587657e-09 
0.03501750875437719 2.2993225142416954e-09 
0.03551775887943972 2.408757381946099e-09 
0.03601800900450225 2.523274443007274e-09 
0.03651825912956478 2.643103579524492e-09 
0.03701850925462731 2.7684847800902865e-09 
0.03751875937968984 2.8996685705590726e-09 
0.03801900950475237 3.0369164625620388e-09 
0.0385192596298149 3.1805014204725216e-09 
0.03901950975487744 3.330708347552179e-09 
0.03951975987993997 3.487834592036793e-09 
0.0400200100050025 3.652190473948826e-09 
0.04052026013006503 3.8240998334533185e-09 
0.04102051025512756 4.003900601605344e-09 
0.04152076038019009 4.191945394368646e-09 
0.04202101050525262 4.3886021308179514e-09 
0.04252126063031515 4.594254676472397e-09 
0.04302151075537768 4.80930351274262e-09 
0.04352176088044022 5.034166433510463e-09 
0.04402201100550275 5.269279269899223e-09 
0.04452226113056528 5.515096644330939e-09 
0.04502251125562781 5.772092755008272e-09 
0.04552276138069034 6.040762192001065e-09 
0.04602301150575287 6.321620786161255e-09 
0.0465232616308154 6.615206492134532e-09 
0.047023511755877934 6.922080306785436e-09 
0.047523761880940464 7.242827224399022e-09 
0.048024012006002995 7.57805723007467e-09 
0.04852426213106553 7.928406332777975e-09 
0.04902451225612806 8.29453763957072e-09 
0.04952476238119059 8.677142472595501e-09 
0.05002501250625312 9.076941530448042e-09 
0.050525262631315654 9.494686095629997e-09 
0.051025512756378184 9.93115928983753e-09 
0.051525762881440715 1.0387177378903446e-08 
0.052026013006503245 1.0863591129277495e-08 
0.052526263131565776 1.1361287217997833e-08 
0.05302651325662831 1.1881189698175378e-08 
0.053526763381690844 1.242426152208874e-08 
0.054027013506753374 1.299150612406026e-08 
0.054527263631815905 1.3583969065362294e-08 
0.055027513756878435 1.4202739743484947e-08 
0.055527763881940966 1.48489531681781e-08 
0.056028014007003496 1.552379180676687e-08 
0.056528264132066026 1.622848750133067e-08 
0.05702851425712856 1.6964323460425914e-08 
0.057528764382191094 1.7732636328128233e-08 
0.058029014507253625 1.853481833326936e-08 
0.058529264632316155 1.937231952184508e-08 
0.059029514757378686 2.0246650075674145e-08 
0.059529764882441216 2.115938272050018e-08 
0.06003001500750375 2.2112155226835555e-08 
0.06053026513256628 2.310667300696925e-08 
0.06103051525762881 2.4144711811671922e-08 
0.06153076538269134 2.52281205302628e-08 
0.062031015507753876 2.6358824097825944e-08 
0.0625312656328164 2.7538826513496926e-08 
0.06303151575787894 2.8770213973877372e-08 
0.06353176588294146 3.005515812577658e-08 
0.064032016008004 3.1395919442620127e-08 
0.06453226613306653 3.2794850729022215e-08 
0.06503251625812906 3.425440075816952e-08 
0.0655327663831916 3.5777118046821296e-08 
0.06603301650825412 3.7365654772902954e-08 
0.06653326663331666 3.9022770840835986e-08 
0.06703351675837918 4.0751338099920434e-08 
0.06753376688344172 4.255434472127482e-08 
0.06803401700850424 4.443489973902012e-08 
0.06853426713356678 4.6396237761589405e-08 
0.06903451725862932 4.844172385924363e-08 
0.06953476738369184 5.057485863408296e-08 
0.07003501750875438 5.279928347904889e-08 
0.0705352676338169 5.511878603263842e-08 
0.07103551775887944 5.753730583627481e-08 
0.07153576788394196 6.005894020150833e-08 
0.0720360180090045 6.268795029446927e-08 
0.07253626813406702 6.542876744523556e-08 
0.07303651825912956 6.828599969003754e-08 
0.0735367683841921 7.126443855448326e-08 
0.07403701850925462 7.436906608626203e-08 
0.07453726863431716 7.760506214606398e-08 
0.07503751875937968 8.097781196573657e-08 
0.07553776888444222 8.449291398300719e-08 
0.07603801900950474 8.81561879623983e-08 
0.07653826913456728 9.197368341228224e-08 
0.0770385192596298 9.59516883083485e-08 
0.07753876938469234 1.0009673813409617e-07 
0.07803901950975488 1.04415625249297e-07 
0.0785392696348174 1.0891540859774745e-07 
0.07903951975987994 1.1360342376599341e-07 
0.07953976988494246 1.184872934050694e-07 
0.080040020010005 1.2357493802771696e-07 
0.08054027013506752 1.2887458719392568e-07 
0.08104052026013006 1.3439479109804892e-07 
0.08154077038519258 1.401444325712045e-07 
0.08204102051025512 1.4613273951307354e-07 
0.08254127063531766 1.523692977676788e-07 
0.08304152076038018 1.5886406445819234e-07 
0.08354177088544272 1.656273817962985e-07 
0.08404202101050524 1.7266999138211874e-07 
0.08454227113556778 1.8000304901124015e-07 
0.0850425212606303 1.8763814000587474e-07 
0.08554277138569284 1.9558729508775923e-07 
0.08604302151075537 2.0386300681091072e-07 
0.0865432716358179 2.124782465729613e-07 
0.08704352176088044 2.214464822243669e-07 
0.08754377188594296 2.307816962953744e-07 
0.0880440220110055 2.404984048612817e-07 
0.08854427213606803 2.5061167706713693e-07 
0.08904452226113056 2.611371553336891e-07 
0.08954477238619309 2.720910762670855e-07 
0.09004502251125562 2.83490292295498e-07 
0.09054527263631815 2.9535229405655143e-07 
0.09104552276138068 3.0769523356023696e-07 
0.09154577288644322 3.205379481526353e-07 
0.09204602301150575 3.3389998530666155e-07 
0.09254627313656828 3.478016282667621e-07 
0.0930465232616308 3.6226392257537207e-07 
0.09354677338669334 3.773087035097217e-07 
0.09404702351175587 3.929586244585322e-07 
0.0945472736368184 4.0923718626894126e-07 
0.09504752376188093 4.2616876759497684e-07 
0.09554777388694347 4.4377865627982587e-07 
0.09604802401200599 4.6209308180508235e-07 
0.09654827413706853 4.811392488412085e-07 
0.09704852426213106 5.009453719343784e-07 
0.09754877438719359 5.215407113660381e-07 
0.09804902451225612 5.429556102224697e-07 
0.09854927463731865 5.652215327128269e-07 
0.09904952476238119 5.883711037752586e-07 
0.09954977488744371 6.124381500118364e-07 
0.10005002501250625 6.374577419942175e-07 
0.10055027513756877 6.634662379833014e-07 
0.10105052526263131 6.905013291072392e-07 
0.10155077538769385 7.186020860435465e-07 
0.10205102551275637 7.478090072524421e-07 
0.1025512756378189 7.781640688097603e-07 
0.10305152576288143 8.097107758893257e-07 
0.10355177588794397 8.424942159460273e-07 
0.10405202601300649 8.765611136523619e-07 
0.10455227613806903 9.119598876426529e-07 
0.10505252626313155 9.4874070912081e-07 
0.10555277638819409 9.869555623889825e-07 
0.10605302651325663 1.02665830735616e-06 
0.10655327663831915 1.0679047440873954e-06 
0.10705352676338169 1.1107526794561647e-06 
0.10755377688844421 1.1552619959638783e-06 
0.10805402701350675 1.20149472279275e-06 
0.10855427713856927 1.249515109159649e-06 
0.10905452726363181 1.2993897000408665e-06 
0.10955477738869433 1.3511874143393156e-06 
0.11005502751375687 1.4049796255679767e-06 
0.11055527763881941 1.4608402451252781e-06 
0.11105552776388193 1.5188458082400965e-06 
0.11155577788894447 1.5790755626665827e-06 
0.11205602801400699 1.6416115602107976e-06 
0.11255627813906953 1.7065387511735805e-06 
0.11305652826413205 1.7739450817964679e-06 
0.11355677838919459 1.8439215947997122e-06 
0.11405702851425711 1.916562533103818e-06 
0.11455727863931965 1.9919654468287184e-06 
0.11505752876438219 2.0702313036670967e-06 
0.11555777888944471 2.151464602730829e-06 
0.11605802901450725 2.2357734919725488e-06 
0.11655827913956977 2.323269889286747e-06 
0.11705852926463231 2.414069607397625e-06 
0.11755877938969483 2.508292482644085e-06 
0.11805902951475737 2.6060625077746836e-06 
0.1185592796398199 2.7075079688687687e-06 
0.11905952976488243 2.8127615865029684e-06 
0.11955977988994497 2.9219606612851105e-06 
0.1200600300150075 3.0352472238811998e-06 
0.12056028014007003 3.1527681896641825e-06 
0.12106053026513255 3.274675518116455e-06 
0.12156078039019509 3.401126377121819e-06 
0.12206103051525762 3.532283312285719e-06 
0.12256128064032015 3.6683144214264783e-06 
0.12306153076538268 3.8093935343839142e-06 
0.12356178089044521 3.955700398294951e-06 
0.12406203101550775 4.107420868490574e-06 
0.12456228114057027 4.2647471051716e-06 
0.1250625312656328 4.42787777602489e-06 
0.12556278139069535 4.5970182649462675e-06 
0.12606303151575787 4.772380887039835e-06 
0.1265632816408204 4.954185110067913e-06 
0.12706353176588292 5.142657782530572e-06 
0.12756378189094547 5.338033368557746e-06 
0.128064032016008 5.540554189801188e-06 
0.12856428214107052 5.750470674519198e-06 
0.12906453226613307 5.9680416140508015e-06 
0.1295647823911956 6.193534426881021e-06 
0.13006503251625812 6.42722543050471e-06 
0.13056528264132064 6.669400121300186e-06 
0.1310655327663832 6.9203534626301805e-06 
0.13156578289144572 7.180390181391634e-06 
0.13206603301650824 7.4498250732432535e-06 
0.13256628314157076 7.728983316742599e-06 
0.1330665332666333 8.018200796632095e-06 
0.13356678339169584 8.31782443651845e-06 
0.13406703351675836 8.628212541195379e-06 
0.1345672836418209 8.949735148865874e-06 
0.13506753376688344 9.282774393526253e-06 
0.13556778389194596 9.627724877780538e-06 
0.13606803401700848 9.984994056359098e-06 
0.13656828414207103 1.0355002630623485e-05 
0.13706853426713356 1.0738184954344718e-05 
0.13756878439219608 1.1134989451048703e-05 
0.13806903451725863 1.1545879043230546e-05 
0.13856928464232116 1.1971331593745605e-05 
0.13906953476738368 1.2411840359691467e-05 
0.1395697848924462 1.286791445910421e-05 
0.14007003501750875 1.3340079350797252e-05 
0.14057028514257128 1.3828877327680524e-05 
0.1410705352676338 1.4334868023903739e-05 
0.14157078539269632 1.485862893617673e-05 
0.14207103551775888 1.5400755959626242e-05 
0.1425712856428214 1.5961863938556927e-05 
0.14307153576788392 1.6542587232494597e-05 
0.14357178589294647 1.7143580297893442e-05 
0.144072036018009 1.7765518285901765e-05 
0.14457228614307152 1.840909765658847e-05 
0.14507253626813404 1.9075036810038314e-05 
0.1455727863931966 1.9764076734736355e-05 
0.14607303651825912 2.0476981673670093e-05 
0.14657328664332164 2.121453980858529e-05 
0.1470735367683842 2.1977563962843103e-05 
0.14757378689344672 2.2766892323334104e-05 
0.14807403701850924 2.3583389181915482e-05 
0.14857428714357176 2.4427945696845732e-05 
0.14907453726863432 2.530148067470422e-05 
0.14957478739369684 2.6204941373289496e-05 
0.15007503751875936 2.713930432600312e-05 
0.1505752876438219 2.8105576188234958e-05 
0.15107553776888444 2.9104794606277974e-05 
0.15157578789394696 3.0138029109307855e-05 
0.15207603801900949 3.120638202497923e-05 
0.15257628814407204 3.231098941919541e-05 
0.15307653826913456 3.3453022060624675e-05 
0.15357678839419708 3.463368641054393e-05 
0.1540770385192596 3.585422563860587e-05 
0.15457728864432216 3.711592066513316e-05 
0.15507753876938468 3.842009123055783e-05 
0.1555777888944472 3.976809699263906e-05 
0.15607803901950976 4.116133865209604e-05 
0.15657828914457228 4.260125910731368e-05 
0.1570785392696348 4.4089344638790424e-05 
0.15757878939469733 4.562712612400252e-05 
0.15807903951975988 4.721618028338273e-05 
0.1585792896448224 4.885813095811771e-05 
0.15907953976988493 5.055465042048374e-05 
0.15957978989494745 5.2307460717452225e-05 
0.16008004002001 5.411833504831436e-05 
0.16058029014507252 5.5989099177083926e-05 
0.16108054027013505 5.792163288045028e-05 
0.1615807903951976 5.991787143207424e-05 
0.16208104052026012 6.19798071240279e-05 
0.16258129064532265 6.4109490826193e-05 
0.16308154077038517 6.630903358445429e-05 
0.16358179089544772 6.85806082585337e-05 
0.16408204102051024 7.09264512003221e-05 
0.16458229114557277 7.334886397359363e-05 
0.16508254127063532 7.585021511599014e-05 
0.16558279139569784 7.843294194418113e-05 
0.16608304152076037 8.109955240313027e-05 
0.1665832916458229 8.385262696039993e-05 
0.16708354177088544 8.669482054645474e-05 
0.16758379189594796 8.962886454192753e-05 
0.1680840420210105 9.265756881284892e-05 
0.168584292146073 9.578382379482949e-05 
0.16908454227113556 9.901060262722285e-05 
0.1695847923961981 0.00010234096333830729 
0.1700850425212606 0.00010577805108253927 
0.17058529264632316 0.00010932510043094477 
0.17108554277138568 0.00011298543771574545 
0.1715857928964482 0.00011676248343031937 
0.17208604302151073 0.00012065975468561754 
0.17258629314657328 0.0001246808677241831 
0.1730865432716358 0.00012882954049292733 
0.17358679339669833 0.00013310959527583412 
0.17408704352176088 0.00013752496138779455 
0.1745872936468234 0.00014207967793078088 
0.17508754377188593 0.00014677789661358162 
0.17558779389694845 0.00015162388463635834 
0.176088044022011 0.00015662202764128258 
0.17658829414707353 0.00016177683273053433 
0.17708854427213605 0.0001670929315529764 
0.17758879439719857 0.0001725750834608143 
0.17808904452226113 0.00017822817873758992 
0.17858929464732365 0.00018405724189885688 
0.17908954477238617 0.00019006743506693683 
0.17958979489744872 0.00019626406142112746 
0.18009004502251125 0.00020265256872478512 
0.18059029514757377 0.00020923855293073713 
0.1810905452726363 0.00021602776186644136 
0.18159079539769885 0.00022302609900039 
0.18209104552276137 0.00023023962729124166 
0.1825912956478239 0.00023767457312119143 
0.18309154577288644 0.0002453373303151003 
0.18359179589794897 0.0002532344642469465 
0.1840920460230115 0.0002613727160351557 
0.18459229614807401 0.0002697590068283886 
0.18509254627313657 0.00027840044218341086 
0.1855927963981991 0.0002873043165366508 
0.1860930465232616 0.00029647811777108496 
0.18659329664832414 0.0003059295318801338 
0.1870935467733867 0.00031566644773022603 
0.1875937968984492 0.0003256969619237265 
0.18809404702351173 0.0003360293837639729 
0.18859429714857429 0.0003466722403241225 
0.1890945472736368 0.0003576342816215748 
0.18959479739869933 0.00036892448589975025 
0.19009504752376186 0.00038055206501900476 
0.1905952976488244 0.00039252646995848183 
0.19109554777388693 0.00040485739643072527 
0.19159579789894945 0.00041755479061092844 
0.19209604802401198 0.00043062885498262204 
0.19259629814907453 0.000444090054301718 
0.19309654827413705 0.0004579491216807889 
0.19359679839919958 0.0004722170647955018 
0.19409704852426213 0.0004869051722151014 
0.19459729864932465 0.000502025019858928 
0.19509754877438718 0.0005175884775808946 
0.1955977988994497 0.0005336077158839056 
0.19609804902451225 0.0005500952127662071 
0.19659829914957477 0.0005670637607016756 
0.1970985492746373 0.0005845264737560409 
0.19759879939969985 0.0006024967948411009 
0.19809904952476237 0.0006209885031089622 
0.1985992996498249 0.0006400157214883462 
0.19909954977488742 0.0006595929243650657 
0.19959979989994997 0.0006797349454087261 
0.2001000500250125 0.000700456985547755 
0.20060030015007502 0.0007217746210948672 
0.20110055027513754 0.0007437038120250888 
0.2016008004002001 0.0007662609104084559 
0.20210105052526262 0.0007894626689995026 
0.20260130065032514 0.0008133262499857663 
0.2031015507753877 0.0008378692338973645 
0.2036018009004502 0.0008631096286798429 
0.20410205102551274 0.000889065878932525 
0.20460230115057526 0.0009157568753144324 
0.2051025512756378 0.0009432019641200345 
0.20560280140070034 0.0009714209570269944 
0.20610305152576286 0.001000434141018119 
0.2066033016508254 0.0010302622884796506 
0.20710355177588793 0.001060926667478188 
0.20760380190095046 0.0010924490522183806 
0.20810405202601298 0.001124851733683587 
0.20860430215107553 0.001158157530461763 
0.20910455227613806 0.001192389799758735 
0.20960480240120058 0.0012275724486010536 
0.2101050525262631 0.0012637299452306616 
0.21060530265132565 0.0013008873306935816 
0.21110555277638818 0.0013390702306247317 
0.2116058029014507 0.0013783048672311763 
0.21210605302651325 0.0014186180714759252 
0.21260630315157578 0.0014600372954644105 
0.2131065532766383 0.0015025906250359547 
0.21360680340170082 0.0015463067925622228 
0.21410705352676337 0.001591215189954908 
0.2146073036518259 0.0016373458818847173 
0.21510755377688842 0.0016847296192139007 
0.21560780390195097 0.0017333978526442473 
0.2161080540270135 0.0017833827465827685 
0.21660830415207602 0.001834717193227181 
0.21710855427713854 0.0018874348268730836 
0.2176088044022011 0.0019415700384450016 
0.21810905452726362 0.0019971579902532924 
0.21860930465232614 0.002054234630978871 
0.21910955477738867 0.002112836710887734 
0.21960980490245122 0.002173001797277248 
0.22011005502751374 0.0022347682901561554 
0.22061030515257626 0.002298175438160037 
0.22111055527763882 0.0023632633547043098 
0.22161080540270134 0.002430073034376438 
0.22211105552776386 0.0024986463695691706 
0.22261130565282639 0.0025690261673566054 
0.22311155577788894 0.0026412561666148537 
0.22361180590295146 0.0027153810553888014 
0.22411205602801398 0.002791446488506851 
0.22461230615307654 0.0028694991054451324 
0.22511255627813906 0.0029495865484426703 
0.22561280640320158 0.0030317574808692007 
0.2261130565282641 0.003116061605846966 
0.22661330665332666 0.003202549685127996 
0.22711355677838918 0.0032912735582280852 
0.2276138069034517 0.003382286161819093 
0.22811405702851423 0.0034756415493804923 
0.22861430715357678 0.003571394911111513 
0.2291145572786393 0.003669602594105112 
0.22961480740370183 0.0037703221227847195 
0.23011505752876438 0.0038736122196047803 
0.2306153076538269 0.003979532826016163 
0.23111555777888942 0.004088145123697257 
0.23161580790395195 0.004199511556051454 
0.2321160580290145 0.004313695849972022 
0.23261630815407702 0.004430763037874799 
0.23311655827913955 0.004550779479999388 
0.2336168084042021 0.004673812886979408 
0.23411705852926462 0.004799932342682201 
0.23461730865432714 0.004929208327318238 
0.23511755877938967 0.005061712740820711 
0.23561780890445222 0.005197518926495307 
0.23611805902951474 0.0053367016949402045 
0.23661830915457727 0.005479337348236475 
0.2371185592796398 0.005625503704408703 
0.23761880940470234 0.005775280122155453 
0.23811905952976486 0.005928747525849397 
0.2386193096548274 0.006085988430806969 
0.23911955977988994 0.006247086968826451 
0.23961980990495246 0.006412128913994195 
0.240120060030015 0.006581201708758475 
0.2406203101550775 0.006754394490269588 
0.24112056028014006 0.006931798116985538 
0.24162081040520259 0.007113505195542247 
0.2421210605302651 0.007299610107887003 
0.24262131065532766 0.0074902090386736505 
0.24312156078039018 0.007685400002918344 
0.2436218109054527 0.007885282873914174 
0.24412206103051523 0.008089959411402625 
0.24462231115557778 0.008299533290000506 
0.2451225612806403 0.008514110127880042 
0.24562281140570283 0.008733797515699863 
0.24612306153076535 0.008958705045784957 
0.2466233116558279 0.009188944341552874 
0.24712356178089043 0.009424629087183578 
0.24762381190595295 0.009665875057530303 
0.2481240620310155 0.009912800148268668 
0.24862431215607803 0.010165524406280504 
0.24912456228114055 0.010424170060269595 
0.24962481240620307 0.01068886155160599 
0.2501250625312656 0.010959725565394884 
0.25062531265632815 0.011236891061766681 
0.2511255627813907 0.011520489307384372 
0.2516258129064532 0.011810653907164004 
0.25212606303151575 0.012107520836204014 
0.2526263131565783 0.012411228471918915 
0.2531265632816408 0.012721917626372996 
0.25362681340670334 0.01303973157880893 
0.25412706353176584 0.013364816108366286 
0.2546273136568284 0.013697319526985201 
0.25512756378189094 0.01403739271248903 
0.25562781390695344 0.01438518914184119 
0.256128064032016 0.01474086492457017 
0.25662831415707854 0.015104578836356068 
0.25712856428214104 0.015476492352773622 
0.2576288144072036 0.015856769683184543 
0.25812906453226614 0.01624557780477242 
0.25862931465732864 0.016643086496714046 
0.2591295647823912 0.017049468374479702 
0.2596298149074537 0.017464898924254776 
0.26013006503251623 0.017889556537476356 
0.2606303151575788 0.01832362254547554 
0.2611305652826413 0.01876728125421895 
0.26163081540770383 0.01922071997914066 
0.2621310655327664 0.019684129080055766 
0.2626313156578289 0.02015770199614772 
0.26313156578289143 0.020641635281020494 
0.263631815907954 0.021136128637805448 
0.2641320660330165 0.021641384954315137 
0.26463231615807903 0.02215761033823341 
0.2651325662831415 0.022685014152331925 
0.2656328164082041 0.02322380904970409 
0.2661330665332666 0.023774211009004603 
0.2666333166583291 0.02433643936968536 
0.2671335667833917 0.024910716867216375 
0.2676338169084542 0.02549726966828027 
0.2681340670335167 0.026096327405929726 
0.26863431715857927 0.02670812321469639 
0.2691345672836418 0.027332893765638095 
0.2696348174087043 0.027970879301314186 
0.27013506753376687 0.028622323670675645 
0.2706353176588294 0.029287474363856775 
0.2711355677838919 0.02996658254685715 
0.27163581790895447 0.030659903096099648 
0.27213606803401696 0.031367694632851044 
0.2726363181590795 0.0320902195574927 
0.27313656828414207 0.03282774408362579 
0.27363681840920456 0.03358053827199845 
0.2741370685342671 0.03434887606423987 
0.27463731865932967 0.03513303531638568 
0.27513756878439216 0.035933297832181604 
0.2756378189094547 0.036749949396148625 
0.27613806903451726 0.03758327980639434 
0.27663831915957976 0.038433582907155844 
0.2771385692846423 0.03930115662105713 
0.2776388194097048 0.04018630298106451 
0.27813906953476736 0.041089328162124995 
0.2786393196598299 0.04201054251246891 
0.2791395697848924 0.04295026058456118 
0.27963981990995496 0.04390880116568421 
0.2801400700350175 0.044886487308132154 
0.28064032016008 0.04588364635900264 
0.28114057028514255 0.04690060998956514 
0.2816408204102051 0.047937714224187855 
0.2821410705352676 0.0489952994688062 
0.28264132066033015 0.050073710538912415 
0.28314157078539265 0.051173296687047405 
0.2836418209104552 0.05229441162977711 
0.28414207103551775 0.05343741357413095 
0.28464232116058025 0.05460266524348553 
0.2851425712856428 0.055790533902872017 
0.28564282141070535 0.05700139138368639 
0.28614307153576785 0.058235614107783405 
0.2866433216608304 0.05949358311093353 
0.28714357178589295 0.060775684065619694 
0.28764382191095544 0.06208230730315566 
0.288144072036018 0.06341384783510329 
0.28864432216108055 0.06477070537396569 
0.28914457228614304 0.06615328435313712 
0.2896448224112056 0.06756199394608624 
0.2901450725362681 0.06899724808474912 
0.29064532266133064 0.07045946547711324 
0.2911455727863932 0.07194906962396558 
0.2916458229114557 0.07346648883478474 
0.29214607303651824 0.07501215624275478 
0.2926463231615808 0.0765865098188737 
0.2931465732866433 0.07818999238513774 
0.29364682341170584 0.07982305162677633 
0.2941470735367684 0.08148614010351149 
0.2946473236618309 0.08317971525982287 
0.29514757378689344 0.084904239434191 
0.29564782391195593 0.08666017986729359 
0.2961480740370185 0.08844800870913655 
0.29664832416208103 0.09026820302508708 
0.29714857428714353 0.09212124480079174 
0.2976488244122061 0.09400762094595133 
0.29814907453726863 0.09592782329692731 
0.29864932466233113 0.09788234861815757 
0.2991495747873937 0.09987169860235558 
0.29964982491245623 0.1018963798694659 
0.3001500750375187 0.10395690396435488 
0.3006503251625813 0.10605378735320986 
0.3011505752876438 0.10818755141861887 
0.3016508254127063 0.11035872245331169 
0.3021510755377689 0.11256783165253127 
0.30265132566283137 0.11481541510501352 
0.3031515757878939 0.11710201378255099 
0.3036518259129565 0.11942817352811091 
0.30415207603801897 0.12179444504248782 
0.3046523261630815 0.12420138386946214 
0.3051525762881441 0.1266495503794397 
0.30565282641320657 0.1291395097515487 
0.3061530765382691 0.13167183195416904 
0.30665332666333167 0.1342470917238651 
0.30715357678839417 0.1368658685427033 
0.3076538269134567 0.13952874661392548 
0.3081540770385192 0.14223631483595198 
0.30865432716358177 0.144989166774696 
0.3091545772886443 0.14778790063415614 
0.3096548274137068 0.15063311922527114 
0.31015507753876936 0.15352542993300725 
0.3106553276638319 0.156465444681654 
0.3111555777888944 0.15945377989830786 
0.31165582791395696 0.16249105647451897 
0.3121560780390195 0.16557789972607329 
0.312656328164082 0.1687149393508925 
0.31315657828914456 0.1719028093850269 
0.31365682841420706 0.17514214815671378 
0.3141570785392696 0.1784335982384878 
0.31465732866433216 0.18177780639730987 
0.31515757878939465 0.18517542354270222 
0.3156578289144572 0.18862710467286395 
0.31615807903951976 0.19213350881874103 
0.31665832916458225 0.19569529898603838 
0.3171585792896448 0.1993131420951475 
0.31765882941470736 0.20298770891896878 
0.31815907953976985 0.20671967401861074 
0.3186593296648324 0.21050971567694715 
0.3191595797898949 0.2143585158300075 
0.31965982991495745 0.21826675999618955 
0.32016008004002 0.22223513720326674 
0.3206603301650825 0.22626433991318015 
0.32116058029014505 0.23035506394459454 
0.3216608304152076 0.23450800839319616 
0.3221610805402701 0.23872387554972493 
0.32266133066533265 0.24300337081571924 
0.3231615807903952 0.24734720261695534 
0.3236618309154577 0.2517560823145727 
0.32416208104052024 0.2562307241138677 
0.32466233116558274 0.2607718449707363 
0.3251625812906453 0.2653801644957646 
0.32566283141570784 0.2700564048559395 
0.32616308154077034 0.2748012906739794 
0.3266633316658329 0.279615548925269 
0.32716358179089544 0.28449990883238174 
0.32766383191595794 0.28945510175718914 
0.3281640820410205 0.2944818610905435 
0.32866433216608304 0.29958092213951815 
0.32916458229114554 0.3047530220122095 
0.3296648324162081 0.30999889950008525 
0.33016508254127064 0.31531929495786964 
0.33066533266633313 0.3207149501809686 
0.3311655827913957 0.3261866082804241 
0.3316658329164582 0.33173501355538754 
0.33216608304152073 0.33736091136312396 
0.3326663331665833 0.3430650479865256 
0.3331665832916458 0.3488481704991473 
0.33366683341670833 0.35471102662775705 
0.3341670835417709 0.360654364612397 
0.3346673336668334 0.36667893306396226 
0.33516758379189593 0.37278548081929974 
0.3356678339169585 0.378974756793818 
0.336168084042021 0.38524750983162426 
0.3366683341670835 0.39160448855318974 
0.337168584292146 0.39804644120053784 
0.3376688344172086 0.404574115479979 
0.3381690845422711 0.41118825840238216 
0.3386693346673336 0.4178896161210014 
0.3391695847923962 0.42467893376686716 
0.3396698349174587 0.43155695528173915 
0.3401700850425212 0.4385244232486503 
0.34067033516758377 0.44558207872004235 
0.3411705852926463 0.45273066104350346 
0.3416708354177088 0.45997090768513216 
0.34217108554277137 0.46730355405053997 
0.34267133566783387 0.47472933330349665 
0.3431715857928964 0.4822489761822581 
0.34367183591795897 0.4898632108135697 
0.34417208604302146 0.4975727625243885 
0.344672336168084 0.5053783536513301 
0.34517258629314657 0.5132807033478622 
0.34567283641820906 0.5212805273892755 
0.3461730865432716 0.529378537975456 
0.34667333666833416 0.5375754435314688 
0.34717358679339666 0.5458719485060001 
0.3476738369184592 0.5542687531676774 
0.34817408704352176 0.562766553399286 
0.34867433716858426 0.5713660404899268 
0.3491745872936468 0.5800679009251446 
0.3496748374187093 0.5888728161750444 
0.35017508754377186 0.5977814624804525 
0.3506753376688344 0.606794510637133 
0.3511755877938969 0.6159126257781163 
0.35167583791895946 0.6251364671541669 
0.352176088044022 0.6344666879124216 
0.3526763381690845 0.6439039348732556 
0.35317658829414705 0.653448848305406 
0.3536768384192096 0.6631020616993899 
0.3541770885442721 0.6728642015392718 
0.35467733866933465 0.6827358870728257 
0.35517758879439715 0.692717730080116 
0.3556778389194597 0.7028103346405784 
0.35617808904452225 0.7130142968986151 
0.35667833916958475 0.7233302048277777 
0.3571785892946473 0.7337586379935815 
0.35767883941970985 0.7443001673149925 
0.35817908954477234 0.7549553548246549 
0.3586793396698349 0.7657247534279137 
0.35917958979489745 0.7766089066606652 
0.35967983991995994 0.7876083484461236 
0.3601800900450225 0.7987236028505458 
0.360680340170085 0.8099551838379593 
0.36118059029514754 0.8213035950239906 
0.3616808404202101 0.8327693294288128 
0.3621810905452726 0.8443528692293084 
0.36268134067033514 0.8560546855104985 
0.3631815907953977 0.8678752380162917 
0.3636818409204602 0.8798149748996404 
0.36418209104552274 0.8918743324721645 
0.3646823411705853 0.9040537349532923 
0.3651825912956478 0.9163535942190176 
0.36568284142071034 0.9287743095503292 
0.3661830915457729 0.9413162673813709 
0.3666833416708354 0.9539798410474333 
0.36718359179589793 0.9667653905328324 
0.36768384192096043 0.9796732622187445 
0.368184092046023 0.9927037886310971 
0.36868434217108553 1.0058572881885617 
0.36918459229614803 1.0191340649507525 
0.3696848424212106 1.0325344083667038 
0.37018509254627313 1.0460585930236816 
0.3706853426713356 1.05970687839645 
0.3711855927963982 1.073479508597048 
0.37168584292146073 1.0873767121251565 
0.3721860930465232 1.1013987016191527 
0.3726863431715858 1.1155456736079403 
0.3731865932966483 1.1298178082636066 
0.3736868434217108 1.144215269155042 
0.3741870935467734 1.158738203002562 
0.37468734367183587 1.17338673943365 
0.3751875937968984 1.1881609907398993 
0.375687843921961 1.2030610516352331 
0.37618809404702347 1.2180869990155054 
0.376688344172086 1.2332388917195762 
0.37718859429714857 1.2485167702919227 
0.37768884442221107 1.2639206567469186 
0.3781890945472736 1.2794505543348473 
0.3786893446723361 1.295106447309734 
0.37918959479739867 1.3108883006991263 
0.3796898449224612 1.3267960600758666 
0.3801900950475237 1.3428296513319913 
0.38069034517258626 1.358988980454841 
0.3811905952976488 1.3752739333054482 
0.3816908454227113 1.391684375399338 
0.38219109554777386 1.4082201516898192 
0.3826913456728364 1.4248810863538435 
0.3831915957978989 1.441666982580559 
0.38369184592296146 1.458577622362645 
0.38419209604802396 1.4756127662904919 
0.3846923461730865 1.4927721533493878 
0.38519259629814906 1.5100555007197296 
0.38569284642321155 1.527462503580423 
0.3861930965482741 1.544992834915531 
0.38669334667333666 1.5626461453242626 
0.38719359679839915 1.5804220628344243 
0.3876938469234617 1.5983201927194177 
0.38819409704852426 1.6163401173188578 
0.38869434717358675 1.6344813958629467 
0.3891945972986493 1.6527435643006754 
0.38969484742371185 1.6711261351319366 
0.39019509754877435 1.6896285972436753 
0.3906953476738369 1.7082504157501532 
0.3911955977988994 1.7269910318374022 
0.39169584792396195 1.7458498626120154 
0.3921960980490245 1.7648263009542962 
0.392696348174087 1.783919715375923 
0.39319659829914955 1.8031294498821882 
0.3936968484242121 1.8224548238388962 
0.3941970985492746 1.841895131844038 
0.39469734867433715 1.8614496436043197 
0.3951975987993997 1.8811176038166162 
0.3956978489244622 1.9008982320544698 
0.39619809904952474 1.9207907226597103 
0.39669834917458724 1.9407942446392565 
0.3971985992996498 1.9609079415672424 
0.39769884942471234 1.9811309314924839 
0.39819909954977484 2.0014623068514283 
0.3986993496748374 2.021901134386647 
0.39919959979989994 2.0424464550709303 
0.39969984992496244 2.063097284037107 
0.400200100050025 2.083852610513651 
0.40070035017508754 2.1047113977661254 
0.40120060030015003 2.1256725830445897 
0.4017008504252126 2.1467350775370218 
0.4022011005502751 2.1678977663288026 
0.40270135067533763 2.189159508368402 
0.4032016008004002 2.2105191364392605 
0.4037018509254627 2.2319754571379975 
0.40420210105052523 2.2535272508589936 
0.4047023511755878 2.2751732717853876 
0.4052026013006503 2.2969122478865978 
0.40570285142571283 2.318742880922416 
0.4062031015507754 2.3406638464537046 
0.4067033516758379 2.3626737938598024 
0.4072036018009004 2.384771346362686 
0.407703851925963 2.4069551010579033 
0.4082041020510255 2.429223628952399 
0.408704352176088 2.4515754750092387 
0.4092046023011505 2.474009158199283 
0.4097048524262131 2.4965231715599026 
0.4102051025512756 2.5191159822607125 
0.4107053526763381 2.541786031676442 
0.41120560280140067 2.5645317354669412 
0.4117058529264632 2.587351483664356 
0.4122061030515257 2.610243640767548 
0.41270635317658827 2.6332065458437746 
0.4132066033016508 2.6562385126376418 
0.4137068534267133 2.6793378296874053 
0.41420710355177587 2.702502760448626 
0.41470735367683836 2.7257315434251836 
0.4152076038019009 2.749022392307734 
0.41570785392696347 2.772373496119562 
0.41620810405202596 2.7957830193698996 
0.4167083541770885 2.819249102214724 
0.41720860430215106 2.8427698606250016 
0.41770885442721356 2.8663433865624577 
0.4182091045522761 2.8899677481628436 
0.41870935467733866 2.913640989926699 
0.41920960480240116 2.9373611329176454 
0.4197098549274637 2.961126174968205 
0.4202101050525262 2.984934090893108 
0.42071035517758876 3.008782832710151 
0.4212106053026513 3.0326703298685325 
0.4217108554277138 3.0565944894847035 
0.42221110555277636 3.0805531965857202 
0.4227113556778389 3.104544314360038 
0.4232116058029014 3.128565684415794 
0.42371185592796395 3.152615127046523 
0.4242121060530265 3.176690441504275 
0.424712356178089 3.2007894062801387 
0.42521260630315155 3.2249097793921377 
0.4257128564282141 3.249049298680431 
0.4262131065532766 3.273205682109842 
0.42671335667833915 3.2973766280796473 
0.42721360680340165 3.321559815740569 
0.4277138569284642 3.3457529053189874 
0.42821410705352675 3.369953538448252 
0.42871435717858924 3.3941593385071123 
0.4292146073036518 3.41836791096519 
0.42971485742871435 3.4425768437354116 
0.43021510755377684 3.4667837075334007 
0.4307153576788394 3.490986056243741 
0.43121560780390195 3.515181427293025 
0.43171585792896444 3.5393673420296774 
0.432216108054027 3.5635413061104546 
0.4327163581790895 3.587700809893528 
0.43321660830415204 3.611843328838142 
0.4337168584292146 3.635966323910695 
0.4342171085542771 3.6600672419972256 
0.43471735867933964 3.6841435163222016 
0.4352176088044022 3.7081925668735023 
0.4357178589294647 3.732211800833549 
0.43621810905452724 3.756198613016484 
0.4367183591795898 3.780150386311265 
0.4372186093046523 3.80406449213064 
0.43771885942971483 3.8279382908658808 
0.43821910955477733 3.851769132347135 
0.4387193596798399 3.8755543563093813 
0.43921960980490243 3.899291292863783 
0.43971985992996493 3.9229772629744093 
0.4402201100550275 3.9466095789401856 
0.44072036018009003 3.970185544881931 
0.4412206103051525 3.993702457234424 
0.4417208604302151 4.017157605243341 
0.44222111055527763 4.04054827146694 
0.4427213606803401 4.063871732282401 
0.4432216108054027 4.087125258396676 
0.44372186093046523 4.110306115361707 
0.4442221110555277 4.133411564093916 
0.4447223611805903 4.15643886139782 
0.44522261130565277 4.17938526049361 
0.4457228614307153 4.202248011548617 
0.4462231115557779 4.225024362212456 
0.44672336168084037 4.247711558155767 
0.4472236118059029 4.270306843612384 
0.44772386193096547 4.292807461924774 
0.44822411205602797 4.315210656092626 
0.4487243621810905 4.337513669324439 
0.44922461230615307 4.359713745591926 
0.44972486243121557 4.381808130187125 
0.4502251125562781 4.403794070282047 
0.4507253626813406 4.425668815490679 
0.45122561280640316 4.447429618433241 
0.4517258629314657 4.46907373530247 
0.4522261130565282 4.490598426431839 
0.45272636318159076 4.512000956865499 
0.4532266133066533 4.533278596929801 
0.4537268634317158 4.5544286228062285 
0.45422711355677836 4.575448317105595 
0.4547273636818409 4.596334969443293 
0.4552276138069034 4.617085877015482 
0.45572786393196596 4.637698345176006 
0.45622811405702846 4.658169688013884 
0.456728364182091 4.678497228931214 
0.45722861430715356 4.698678301221286 
0.45772886443221605 4.718710248646773 
0.4582291145572786 4.738590426017798 
0.45872936468234116 4.758316199769697 
0.45922961480740365 4.7778849485403345 
0.4597298649324662 4.797294063746767 
0.46023011505752875 4.8165409501610865 
0.46073036518259125 4.835623026485269 
0.4612306153076538 4.8545377259248665 
0.4617308654327163 4.873282496761317 
0.46223111555777885 4.891854802922768 
0.4627313656828414 4.910252124553154 
0.4632316158079039 4.928471958579426 
0.46373186593296645 4.946511819276703 
0.464232116058029 4.964369238831188 
0.4647323661830915 4.982041767900666 
0.46523261630815405 4.9995269761724215 
0.4657328664332166 5.016822452918365 
0.4662331165582791 5.033925807547229 
0.46673336668334164 5.050834670153638 
0.4672336168084042 5.067546692063868 
0.4677338669334667 5.08405954637814 
0.46823411705852924 5.100370928509273 
0.46873436718359174 5.1164785567174835 
0.4692346173086543 5.1323801726412235 
0.46973486743371684 5.148073541823821 
0.47023511755877934 5.163556454235789 
0.4707353676838419 5.178826724792638 
0.47123561780890444 5.193882193867972 
0.47173586793396693 5.208720727801768 
0.4722361180590295 5.223340219403626 
0.47273636818409204 5.23773858845083 
0.47323661830915453 5.2519137821810675 
0.4737368684342171 5.2658637757796445 
0.4742371185592796 5.279586572861014 
0.47473736868434213 5.293080205944487 
0.4752376188094047 5.3063427369239395 
0.4757378689344672 5.319372257531378 
0.47623811905952973 5.3321668897942045 
0.4767383691845923 5.344724786486021 
0.4772386193096548 5.357044131570821 
0.47773886943471733 5.369123140640445 
0.4782391195597799 5.380960061345102 
0.4787393696848424 5.392553173816863 
0.4792396198099049 5.4039007910859524 
0.4797398699349674 5.415001259489713 
0.48024012006003 5.425852959074083 
0.4807403701850925 5.436454303987483 
0.481240620310155 5.446803742866942 
0.48174087043521757 5.456899759216365 
0.4822411205602801 5.466740871776782 
0.4827413706853426 5.476325634888476 
0.48324162081040517 5.485652638844853 
0.4837418709354677 5.49472051023794 
0.4842421210605302 5.503527912295381 
0.48474237118559277 5.512073545208833 
0.4852426213106553 5.520356146453633 
0.4857428714357178 5.5283744910996315 
0.48624312156078037 5.5361273921130945 
0.48674337168584286 5.543613700649547 
0.4872436218109054 5.550832306337488 
0.48774387193596797 5.557782137552845 
0.48824412206103046 5.564462161684108 
0.488744372186093 5.570871385388016 
0.48924462231115556 5.577008854835738 
0.48974487243621806 5.582873655949446 
0.4902451225612806 5.588464914629196 
0.49074537268634316 5.5937817969700525 
0.49124562281140566 5.598823509469365 
0.4917458729364682 5.60358929922414 
0.4922461230615307 5.60807845411842 
0.49274637318659326 5.612290303000632 
0.4932466233116558 5.616224215850807 
0.4937468734367183 5.619879603937648 
0.49424712356178085 5.623255919965378 
0.4947473736868434 5.626352658210295 
0.4952476238119059 5.629169354647032 
0.49574787393696845 5.631705587064435 
0.496248124062031 5.633960975171039 
0.4967483741870935 5.635935180690109 
0.49724862431215605 5.637627907444194 
0.49774887443721855 5.639038901429183 
0.4982491245622811 5.640167950877832 
0.49874937468734365 5.641014886312734 
0.49924962481240615 5.641579580588711 
0.4997498749374687 5.641861948924633 
0.5002501250625312 5.641861948924633 
0.5007503751875938 5.641579580588711 
0.5012506253126563 5.641014886312734 
0.5017508754377188 5.640167950877833 
0.5022511255627814 5.639038901429183 
0.5027513756878439 5.637627907444194 
0.5032516258129064 5.63593518069011 
0.503751875937969 5.633960975171039 
0.5042521260630315 5.631705587064435 
0.504752376188094 5.629169354647032 
0.5052526263131566 5.626352658210295 
0.5057528764382191 5.623255919965378 
0.5062531265632816 5.61987960393765 
0.5067533766883441 5.616224215850808 
0.5072536268134067 5.612290303000633 
0.5077538769384692 5.608078454118422 
0.5082541270635317 5.60358929922414 
0.5087543771885943 5.598823509469365 
0.5092546273136568 5.5937817969700525 
0.5097548774387193 5.588464914629197 
0.5102551275637819 5.582873655949447 
0.5107553776888444 5.577008854835739 
0.5112556278139069 5.570871385388017 
0.5117558779389695 5.564462161684109 
0.512256128064032 5.557782137552847 
0.5127563781890945 5.550832306337489 
0.5132566283141571 5.543613700649548 
0.5137568784392196 5.536127392113095 
0.5142571285642821 5.528374491099633 
0.5147573786893447 5.520356146453633 
0.5152576288144072 5.5120735452088345 
0.5157578789394697 5.503527912295382 
0.5162581290645323 5.49472051023794 
0.5167583791895948 5.485652638844854 
0.5172586293146573 5.476325634888478 
0.5177588794397199 5.466740871776782 
0.5182591295647824 5.456899759216367 
0.5187593796898449 5.446803742866944 
0.5192596298149074 5.436454303987485 
0.51975987993997 5.425852959074085 
0.5202601300650325 5.415001259489714 
0.520760380190095 5.403900791085955 
0.5212606303151576 5.3925531738168635 
0.5217608804402201 5.380960061345104 
0.5222611305652826 5.369123140640449 
0.5227613806903452 5.357044131570823 
0.5232616308154077 5.344724786486022 
0.5237618809404702 5.332166889794208 
0.5242621310655328 5.31937225753138 
0.5247623811905953 5.306342736923942 
0.5252626313156578 5.293080205944491 
0.5257628814407204 5.279586572861016 
0.5262631315657829 5.265863775779645 
0.5267633816908454 5.25191378218107 
0.527263631815908 5.23773858845083 
0.5277638819409705 5.223340219403628 
0.528264132066033 5.208720727801771 
0.5287643821910956 5.193882193867972 
0.5292646323161581 5.178826724792639 
0.5297648824412206 5.163556454235793 
0.530265132566283 5.148073541823824 
0.5307653826913457 5.132380172641225 
0.5312656328164082 5.116478556717487 
0.5317658829414706 5.100370928509277 
0.5322661330665333 5.084059546378142 
0.5327663831915957 5.067546692063869 
0.5332666333166582 5.050834670153642 
0.5337668834417209 5.033925807547231 
0.5342671335667833 5.016822452918368 
0.5347673836918458 4.999526976172426 
0.5352676338169085 4.982041767900668 
0.535767883941971 4.96436923883119 
0.5362681340670334 4.946511819276707 
0.536768384192096 4.928471958579427 
0.5372686343171585 4.910252124553156 
0.537768884442221 4.891854802922772 
0.5382691345672836 4.87328249676132 
0.5387693846923461 4.854537725924868 
0.5392696348174086 4.8356230264852735 
0.5397698849424712 4.8165409501610865 
0.5402701350675337 4.79729406374677 
0.5407703851925962 4.777884948540338 
0.5412706353176588 4.758316199769697 
0.5417708854427213 4.7385904260178 
0.5422711355677838 4.718710248646778 
0.5427713856928463 4.698678301221291 
0.5432716358179089 4.678497228931216 
0.5437718859429714 4.6581696880138885 
0.5442721360680339 4.637698345176011 
0.5447723861930965 4.617085877015485 
0.545272636318159 4.596334969443296 
0.5457728864432215 4.575448317105599 
0.5462731365682841 4.55442862280623 
0.5467733866933466 4.533278596929803 
0.5472736368184091 4.512000956865504 
0.5477738869434717 4.49059842643184 
0.5482741370685342 4.469073735302472 
0.5487743871935967 4.447429618433246 
0.5492746373186593 4.425668815490682 
0.5497748874437218 4.40379407028205 
0.5502751375687843 4.381808130187129 
0.5507753876938469 4.359713745591926 
0.5512756378189094 4.337513669324442 
0.5517758879439719 4.31521065609263 
0.5522761380690345 4.292807461924774 
0.552776388194097 4.270306843612386 
0.5532766383191595 4.247711558155771 
0.5537768884442221 4.225024362212456 
0.5542771385692846 4.202248011548619 
0.5547773886943471 4.179385260493615 
0.5552776388194096 4.156438861397825 
0.5557778889444722 4.133411564093918 
0.5562781390695347 4.110306115361709 
0.5567783891945972 4.087125258396681 
0.5572786393196598 4.063871732282403 
0.5577788894447223 4.0405482714669425 
0.5582791395697848 4.017157605243346 
0.5587793896948474 3.9937024572344266 
0.5592796398199099 3.970185544881934 
0.5597798899449724 3.9466095789401905 
0.560280140070035 3.922977262974412 
0.5607803901950975 3.8992912928637855 
0.56128064032016 3.8755543563093866 
0.5617808904452226 3.851769132347138 
0.5622811405702851 3.8279382908658834 
0.5627813906953476 3.804064492130646 
0.5632816408204102 3.780150386311265 
0.5637818909454727 3.756198613016487 
0.5642821410705352 3.7322118008335545 
0.5647823911955978 3.7081925668735023 
0.5652826413206603 3.6841435163222047 
0.5657828914457228 3.6600672419972304 
0.5662831415707853 3.6359663239107007 
0.5667833916958479 3.611843328838145 
0.5672836418209104 3.587700809893533 
0.5677838919459729 3.56354130611046 
0.5682841420710355 3.5393673420296796 
0.568784392196098 3.5151814272930273 
0.5692846423211605 3.490986056243746 
0.5697848924462231 3.4667837075334034 
0.5702851425712856 3.442576843735414 
0.5707853926963481 3.418367910965195 
0.5712856428214107 3.394159338507115 
0.5717858929464732 3.369953538448254 
0.5722861430715357 3.3457529053189923 
0.5727863931965983 3.3215598157405717 
0.5732866433216608 3.29737662807965 
0.5737868934467233 3.2732056821098476 
0.5742871435717859 3.249049298680431 
0.5747873936968484 3.2249097793921404 
0.5752876438219109 3.2007894062801445 
0.5757878939469735 3.176690441504275 
0.576288144072036 3.1526151270465252 
0.5767883941970985 3.1285656844157987 
0.5772886443221611 3.104544314360038 
0.5777888944472236 3.080553196585723 
0.5782891445722861 3.0565944894847084 
0.5787893946973486 3.032670329868538 
0.5792896448224112 3.0087828327101542 
0.5797898949474737 2.9849340908931135 
0.5802901450725362 2.9611261749682107 
0.5807903951975988 2.9373611329176477 
0.5812906453226613 2.9136409899267015 
0.5817908954477238 2.8899677481628485 
0.5822911455727864 2.8663433865624603 
0.5827913956978489 2.8427698606250043 
0.5832916458229114 2.819249102214729 
0.583791895947974 2.795783019369902 
0.5842921460730365 2.772373496119564 
0.584792396198099 2.7490223923077393 
0.5852926463231616 2.725731543425186 
0.5857928964482241 2.702502760448629 
0.5862931465732866 2.6793378296874106 
0.5867933966983492 2.6562385126376418 
0.5872936468234117 2.6332065458437772 
0.5877938969484742 2.6102436407675533 
0.5882941470735368 2.587351483664356 
0.5887943971985993 2.564531735466944 
0.5892946473236618 2.541786031676447 
0.5897948974487243 2.519115982260718 
0.5902951475737869 2.4965231715599048 
0.5907953976988494 2.4740091581992885 
0.5912956478239119 2.4515754750092436 
0.5917958979489745 2.429223628952401 
0.592296148074037 2.4069551010579056 
0.5927963981990995 2.3847713463626907 
0.5932966483241621 2.362673793859805 
0.5937968984492246 2.3406638464537073 
0.5942971485742871 2.318742880922421 
0.5947973986993497 2.2969122478866 
0.5952976488244122 2.27517327178539 
0.5957978989494747 2.2535272508589985 
0.5962981490745373 2.2319754571380006 
0.5967983991995998 2.2105191364392627 
0.5972986493246623 2.1891595083684066 
0.5977988994497249 2.1678977663288044 
0.5982991495747874 2.146735077537024 
0.5987993996998499 2.1256725830445946 
0.5992996498249125 2.1047113977661254 
0.599799899949975 2.0838526105136537 
0.6003001500750375 2.063097284037112 
0.6008004002001001 2.0424464550709303 
0.6013006503251626 2.0219011343866495 
0.601800900450225 2.001462306851433 
0.6023011505752875 1.9811309314924883 
0.6028014007003502 1.9609079415672446 
0.6033016508254126 1.940794244639261 
0.6038019009504751 1.920790722659715 
0.6043021510755378 1.900898232054472 
0.6048024012006002 1.8811176038166186 
0.6053026513256627 1.8614496436043244 
0.6058029014507254 1.84189513184404 
0.6063031515757878 1.8224548238388987 
0.6068034017008503 1.8031294498821926 
0.607303651825913 1.7839197153759248 
0.6078039019509754 1.7648263009542986 
0.6083041520760379 1.7458498626120196 
0.6088044022011005 1.726991031837404 
0.609304652326163 1.708250415750155 
0.6098049024512255 1.6896285972436795 
0.6103051525762881 1.6711261351319366 
0.6108054027013506 1.6527435643006776 
0.6113056528264131 1.6344813958629507 
0.6118059029514757 1.6163401173188578 
0.6123061530765382 1.5983201927194197 
0.6128064032016007 1.5804220628344283 
0.6133066533266633 1.5626461453242626 
0.6138069034517258 1.5449928349155329 
0.6143071535767883 1.5274625035804268 
0.6148074037018508 1.5100555007197334 
0.6153076538269134 1.4927721533493894 
0.6158079039519759 1.475612766290496 
0.6163081540770384 1.4585776223626485 
0.616808404202101 1.4416669825805615 
0.6173086543271635 1.424881086353845 
0.617808904452226 1.4082201516898227 
0.6183091545772886 1.3916843753993395 
0.6188094047023511 1.3752739333054498 
0.6193096548274136 1.358988980454845 
0.6198099049524762 1.342829651331993 
0.6203101550775387 1.3267960600758681 
0.6208104052026012 1.3108883006991303 
0.6213106553276638 1.295106447309736 
0.6218109054527263 1.2794505543348489 
0.6223111555777888 1.263920656746922 
0.6228114057028514 1.2485167702919227 
0.6233116558279139 1.2332388917195778 
0.6238119059529764 1.218086999015509 
0.624312156078039 1.2030610516352331 
0.6248124062031015 1.1881609907399013 
0.625312656328164 1.173386739433653 
0.6258129064532265 1.158738203002565 
0.6263131565782891 1.1442152691550436 
0.6268134067033516 1.1298178082636094 
0.6273136568284141 1.1155456736079434 
0.6278139069534767 1.1013987016191542 
0.6283141570785392 1.0873767121251579 
0.6288144072036017 1.0734795085970512 
0.6293146573286643 1.0597068783964514 
0.6298149074537268 1.046058593023683 
0.6303151575787893 1.0325344083667067 
0.6308154077038519 1.0191340649507543 
0.6313156578289144 1.0058572881885632 
0.6318159079539769 0.9927037886311002 
0.6323161580790395 0.9796732622187463 
0.632816408204102 0.9667653905328342 
0.6333166583291645 0.9539798410474359 
0.6338169084542271 0.9413162673813709 
0.6343171585792896 0.9287743095503306 
0.6348174087043521 0.9163535942190206 
0.6353176588294147 0.9040537349532923 
0.6358179089544772 0.8918743324721661 
0.6363181590795397 0.8798149748996431 
0.6368184092046023 0.8678752380162917 
0.6373186593296648 0.8560546855104999 
0.6378189094547273 0.8443528692293111 
0.6383191595797898 0.8327693294288153 
0.6388194097048524 0.8213035950239919 
0.6393196598299149 0.809955183837962 
0.6398199099549774 0.7987236028505483 
0.64032016008004 0.787608348446125 
0.6408204102051025 0.7766089066606661 
0.641320660330165 0.765724753427916 
0.6418209104552276 0.7549553548246564 
0.6423211605802901 0.7443001673149939 
0.6428214107053526 0.7337586379935839 
0.6433216608304152 0.7233302048277787 
0.6438219109554777 0.713014296898616 
0.6443221610805402 0.7028103346405806 
0.6448224112056028 0.6927177300801168 
0.6453226613306653 0.6827358870728268 
0.6458229114557278 0.672864201539274 
0.6463231615807904 0.6631020616993899 
0.6468234117058529 0.6534488483054071 
0.6473236618309154 0.6439039348732576 
0.647823911955978 0.6344666879124216 
0.6483241620810405 0.625136467154168 
0.648824412206103 0.6159126257781186 
0.6493246623311655 0.6067945106371349 
0.6498249124562281 0.5977814624804534 
0.6503251625812906 0.5888728161750464 
0.6508254127063531 0.5800679009251466 
0.6513256628314157 0.5713660404899278 
0.6518259129564782 0.562766553399287 
0.6523261630815407 0.5542687531676793 
0.6528264132066033 0.5458719485060008 
0.6533266633316658 0.5375754435314695 
0.6538269134567283 0.5293785379754579 
0.6543271635817909 0.5212805273892765 
0.6548274137068534 0.513280703347863 
0.6553276638319159 0.5053783536513319 
0.6558279139569785 0.4975727625243892 
0.656328164082041 0.4898632108135706 
0.6568284142071035 0.4822489761822598 
0.6573286643321661 0.47472933330349754 
0.6578289144572286 0.46730355405054097 
0.6583291645822911 0.45997090768513355 
0.6588294147073537 0.45273066104350346 
0.6593296648324162 0.44558207872004313 
0.6598299149574787 0.4385244232486519 
0.6603301650825413 0.43155695528173915 
0.6608304152076038 0.4246789337668679 
0.6613306653326663 0.41788961612100284 
0.6618309154577288 0.41118825840238354 
0.6623311655827914 0.40457411547997973 
0.6628314157078539 0.3980464412005392 
0.6633316658329164 0.39160448855319135 
0.663831915957979 0.385247509831625 
0.6643321660830415 0.3789747567938186 
0.664832416208104 0.37278548081930124 
0.6653326663331666 0.3666789330639629 
0.6658329164582291 0.36065436461239764 
0.6663331665832916 0.35471102662775844 
0.6668334167083542 0.3488481704991479 
0.6673336668334167 0.34306504798652615 
0.6678339169584792 0.3373609113631252 
0.6683341670835418 0.3317350135553881 
0.6688344172086043 0.32618660828042473 
0.6693346673336668 0.32071495018096996 
0.6698349174587294 0.31531929495786964 
0.6703351675837919 0.30999889950008575 
0.6708354177088544 0.3047530220122106 
0.671335667833917 0.29958092213951815 
0.6718359179589795 0.2944818610905439 
0.672336168084042 0.2894551017571902 
0.6728364182091046 0.28449990883238174 
0.673336668334167 0.2796155489252695 
0.6738369184592296 0.2748012906739805 
0.674337168584292 0.27005640485594057 
0.6748374187093547 0.26538016449576507 
0.6753376688344171 0.26077184497073735 
0.6758379189594796 0.25623072411386866 
0.6763381690845423 0.25175608231457314 
0.6768384192096047 0.2473472026169559 
0.6773386693346672 0.2430033708157201 
0.6778389194597298 0.23872387554972532 
0.6783391695847923 0.23450800839319666 
0.6788394197098548 0.23035506394459548 
0.6793396698349174 0.22626433991318065 
0.6798399199599799 0.22223513720326707 
0.6803401700850424 0.2182667599961904 
0.680840420210105 0.21435851583000798 
0.6813406703351675 0.21050971567694762 
0.68184092046023 0.20671967401861155 
0.6823411705852926 0.20298770891896878 
0.6828414207103551 0.19931314209514783 
0.6833416708354176 0.195695298986039 
0.6838419209604802 0.19213350881874103 
0.6843421710855427 0.1886271046728644 
0.6848424212106052 0.18517542354270294 
0.6853426713356677 0.18177780639731064 
0.6858429214607303 0.1784335982384882 
0.6863431715857928 0.17514214815671447 
0.6868434217108553 0.17190280938502767 
0.6873436718359179 0.16871493935089285 
0.6878439219609804 0.16557789972607365 
0.6883441720860429 0.16249105647451964 
0.6888444222111055 0.15945377989830814 
0.689344672336168 0.15646544468165433 
0.6898449224612305 0.1535254299330079 
0.6903451725862931 0.15063311922527148 
0.6908454227113556 0.14778790063415648 
0.6913456728364181 0.14498916677469656 
0.6918459229614807 0.14223631483595228 
0.6923461730865432 0.13952874661392578 
0.6928464232116057 0.1368658685427039 
0.6933466733366683 0.1342470917238651 
0.6938469234617308 0.13167183195416932 
0.6943471735867933 0.12913950975154928 
0.6948474237118559 0.1266495503794397 
0.6953476738369184 0.12420138386946242 
0.6958479239619809 0.12179444504248832 
0.6963481740870435 0.11942817352811091 
0.696848424212106 0.11710201378255121 
0.6973486743371685 0.11481541510501396 
0.697848924462231 0.11256783165253173 
0.6983491745872936 0.11035872245331198 
0.6988494247123561 0.1081875514186193 
0.6993496748374186 0.10605378735321029 
0.6998499249624812 0.10395690396435504 
0.7003501750875437 0.10189637986946608 
0.7008504252126062 0.09987169860235602 
0.7013506753376688 0.09788234861815784 
0.7018509254627313 0.09592782329692749 
0.7023511755877938 0.09400762094595176 
0.7028514257128564 0.09212124480079191 
0.7033516758379189 0.09026820302508726 
0.7038519259629814 0.08844800870913694 
0.704352176088044 0.08666017986729375 
0.7048524262131065 0.08490423943419113 
0.705352676338169 0.08317971525982332 
0.7058529264632316 0.08148614010351149 
0.7063531765882941 0.07982305162677654 
0.7068534267133566 0.07818999238513816 
0.7073536768384192 0.0765865098188737 
0.7078539269634817 0.07501215624275492 
0.7083541770885442 0.07346648883478506 
0.7088544272136067 0.07194906962396584 
0.7093546773386693 0.07045946547711343 
0.7098549274637318 0.06899724808474941 
0.7103551775887943 0.06756199394608654 
0.7108554277138569 0.06615328435313729 
0.7113556778389194 0.06477070537396586 
0.7118559279639819 0.06341384783510358 
0.7123561780890445 0.06208230730315582 
0.712856428214107 0.060775684065619805 
0.7133566783391695 0.05949358311093379 
0.7138569284642321 0.05823561410778351 
0.7143571785892946 0.0570013913836865 
0.7148574287143571 0.055790533902872266 
0.7153576788394197 0.05460266524348563 
0.7158579289644822 0.05343741357413109 
0.7163581790895447 0.05229441162977733 
0.7168584292146073 0.051173296687047495 
0.7173586793396698 0.050073710538912505 
0.7178589294647323 0.048995299468806416 
0.7183591795897949 0.047937714224187855 
0.7188594297148574 0.046900609989565266 
0.7193596798399199 0.04588364635900289 
0.7198599299649825 0.044886487308132154 
0.720360180090045 0.043908801165684325 
0.7208604302151075 0.042950260584561445 
0.72136068034017 0.04201054251246911 
0.7218609304652326 0.041089328162125106 
0.7223611805902951 0.04018630298106472 
0.7228614307153576 0.03930115662105735 
0.7233616808404202 0.038433582907155914 
0.7238619309654827 0.03758327980639444 
0.7243621810905452 0.036749949396148784 
0.7248624312156078 0.0359332978321817 
0.7253626813406703 0.035133035316385806 
0.7258629314657328 0.03434887606424002 
0.7263631815907954 0.033580538271998514 
0.7268634317158579 0.032827744083625855 
0.7273636818409204 0.03209021955749285 
0.727863931965983 0.03136769463285113 
0.7283641820910455 0.030659903096099755 
0.728864432216108 0.029966582546857308 
0.7293646823411706 0.029287474363856775 
0.7298649324662331 0.028622323670675718 
0.7303651825912956 0.027970879301314314 
0.7308654327163582 0.027332893765638095 
0.7313656828414207 0.02670812321469646 
0.7318659329664832 0.026096327405929865 
0.7323661830915458 0.02549726966828027 
0.7328664332166083 0.024910716867216437 
0.7333666833416708 0.024336439369685468 
0.7338669334667333 0.023774211009004727 
0.7343671835917959 0.023223809049704155 
0.7348674337168584 0.02268501415233203 
0.7353676838419209 0.022157610338233533 
0.7358679339669835 0.021641384954315196 
0.736368184092046 0.02113612863780552 
0.7368684342171085 0.020641635281020584 
0.7373686843421711 0.020157701996147775 
0.7378689344672336 0.019684129080055818 
0.7383691845922961 0.019220719979140766 
0.7388694347173587 0.018767281254219 
0.7393696848424212 0.01832362254547559 
0.7398699349674837 0.017889556537476453 
0.7403701850925463 0.017464898924254825 
0.7408704352176088 0.017049468374479734 
0.7413706853426713 0.016643086496714136 
0.7418709354677339 0.01624557780477242 
0.7423711855927964 0.015856769683184585 
0.7428714357178589 0.015476492352773706 
0.7433716858429215 0.015104578836356068 
0.743871935967984 0.01474086492457021 
0.7443721860930465 0.014385189141841266 
0.744872436218109 0.014037392712489103 
0.7453726863431716 0.013697319526985238 
0.745872936468234 0.013364816108366357 
0.7463731865932965 0.013039731578809001 
0.7468734367183592 0.012721917626373029 
0.7473736868434216 0.012411228471918948 
0.7478739369684841 0.012107520836204078 
0.7483741870935467 0.011810653907164037 
0.7488744372186092 0.011520489307384403 
0.7493746873436717 0.01123689106176674 
0.7498749374687343 0.010959725565394913 
0.7503751875937968 0.010688861551606045 
0.7508754377188593 0.010424170060269652 
0.751375687843922 0.010165524406280504 
0.7518759379689844 0.009912800148268704 
0.7523761880940469 0.009665875057530355 
0.7528764382191095 0.009424629087183578 
0.753376688344172 0.009188944341552898 
0.7538769384692345 0.008958705045785003 
0.7543771885942971 0.008733797515699863 
0.7548774387193596 0.008514110127880066 
0.7553776888444221 0.00829953329000055 
0.7558779389694847 0.008089959411402625 
0.7563781890945472 0.007885282873914202 
0.7568784392196097 0.007685400002918398 
0.7573786893446722 0.007490209038673691 
0.7578789394697348 0.007299610107887023 
0.7583791895947973 0.0071135051955422916 
0.7588794397198598 0.00693179811698558 
0.7593796898449224 0.0067543944902696065 
0.7598799399699849 0.00658120170875851 
0.7603801900950474 0.00641212891399423 
0.76088044022011 0.006247086968826451 
0.7613806903451725 0.0060859884308070026 
0.761880940470235 0.005928747525849428 
0.7623811905952976 0.005775280122155453 
0.7628814407203601 0.005625503704408738 
0.7633816908454226 0.005479337348236509 
0.7638819409704852 0.0053367016949402045 
0.7643821910955477 0.005197518926495321 
0.7648824412206102 0.005061712740820746 
0.7653826913456728 0.004929208327318238 
0.7658829414707353 0.004799932342682214 
0.7663831915957978 0.004673812886979441 
0.7668834417208604 0.004550779479999388 
0.7673836918459229 0.004430763037874814 
0.7678839419709854 0.004313695849972044 
0.7683841920960479 0.00419951155605148 
0.7688844422211105 0.004088145123697268 
0.769384692346173 0.003979532826016184 
0.7698849424712355 0.0038736122196048046 
0.7703851925962981 0.00377032212278473 
0.7708854427213606 0.0036696025941051354 
0.7713856928464231 0.0035713949111115355 
0.7718859429714857 0.0034756415493805014 
0.7723861930965482 0.0033822861618191145 
0.7728864432216107 0.0032912735582281056 
0.7733866933466733 0.003202549685127996 
0.7738869434717358 0.003116061605846986 
0.7743871935967983 0.003031757480869217 
0.7748874437218609 0.0029495865484426703 
0.7753876938469234 0.0028694991054451406 
0.7758879439719859 0.0027914464885068677 
0.7763881940970485 0.0027153810553888014 
0.776888444222111 0.0026412561666148606 
0.7773886943471735 0.0025690261673566236 
0.7778889444722361 0.0024986463695691706 
0.7783891945972986 0.002430073034376444 
0.7788894447223611 0.0023632633547043223 
0.7793896948474237 0.002298175438160037 
0.7798899449724862 0.002234768290156161 
0.7803901950975487 0.0021730017972772632 
0.7808904452226112 0.0021128367108877453 
0.7813906953476738 0.002054234630978876 
0.7818909454727363 0.0019971579902533032 
0.7823911955977988 0.0019415700384450153 
0.7828914457228614 0.0018874348268730868 
0.7833916958479239 0.0018347171932271943 
0.7838919459729864 0.001783382746582778 
0.784392196098049 0.0017333978526442473 
0.7848924462231115 0.0016847296192139096 
0.785392696348174 0.0016373458818847288 
0.7858929464732366 0.001591215189954908 
0.7863931965982991 0.001546306792562231 
0.7868934467233616 0.0015025906250359625 
0.7873936968484242 0.0014600372954644105 
0.7878939469734867 0.0014186180714759278 
0.7883941970985492 0.001378304867231186 
0.7888944472236118 0.0013390702306247317 
0.7893946973486743 0.0013008873306935862 
0.7898949474737368 0.0012637299452306705 
0.7903951975987994 0.0012275724486010536 
0.7908954477238619 0.0011923897997587393 
0.7913956978489244 0.001158157530461769 
0.791895947973987 0.001124851733683587 
0.7923961980990495 0.0010924490522183845 
0.792896448224112 0.0010609266674781956 
0.7933966983491745 0.001030262288479658 
0.7938969484742371 0.0010004341410181227 
0.7943971985992996 0.0009714209570270013 
0.7948974487243621 0.0009432019641200395 
0.7953976988494247 0.0009157568753144355 
0.7958979489744872 0.0008890658789325313 
0.7963981990995497 0.0008631096286798491 
0.7968984492246123 0.0008378692338973645 
0.7973986993496748 0.0008133262499857722 
0.7978989494747373 0.0007894626689995067 
0.7983991995997999 0.0007662609104084559 
0.7988994497248624 0.0007437038120250942 
0.7993996998499249 0.0007217746210948724 
0.7998999499749875 0.000700456985547755 
0.80040020010005 0.0006797349454087273 
0.8009004502251125 0.0006595929243650692 
0.8014007003501751 0.0006400157214883462 
0.8019009504752376 0.0006209885031089632 
0.8024012006003001 0.0006024967948411042 
0.8029014507253627 0.0005845264737560409 
0.8034017008504252 0.0005670637607016776 
0.8039019509754877 0.000550095212766211 
0.8044022011005502 0.0005336077158839095 
0.8049024512256128 0.0005175884775808964 
0.8054027013506753 0.0005020250198589316 
0.8059029514757378 0.0004869051722151049 
0.8064032016008004 0.00047221706479550347 
0.8069034517258629 0.00045794912168079215 
0.8074037018509254 0.0004440900543017211 
0.807903951975988 0.0004306288549826228 
0.8084042021010505 0.00041755479061093137 
0.808904452226113 0.0004048573964307281 
0.8094047023511756 0.00039252646995848183 
0.8099049524762381 0.0003805520650190074 
0.8104052026013006 0.00036892448589975285 
0.8109054527263632 0.0003576342816215748 
0.8114057028514257 0.0003466722403241231 
0.8119059529764882 0.00033602938376397525 
0.8124062031015508 0.0003256969619237265 
0.8129064532266133 0.0003156664477302266 
0.8134067033516758 0.000305929531880136 
0.8139069534767384 0.00029647811777108496 
0.8144072036018009 0.0002873043165366513 
0.8149074537268634 0.0002784004421834128 
0.815407703851926 0.0002697590068283886 
0.8159079539769885 0.00026137271603515614 
0.816408204102051 0.0002532344642469483 
0.8169084542271134 0.00024533733031510197 
0.817408704352176 0.0002376745731211923 
0.8179089544772385 0.0002302396272912433 
0.818409204602301 0.0002230260990003916 
0.8189094547273637 0.00021602776186644174 
0.8194097048524261 0.00020923855293073821 
0.8199099549774886 0.00020265256872478658 
0.8204102051025512 0.00019626406142112746 
0.8209104552276137 0.00019006743506693857 
0.8214107053526762 0.00018405724189885818 
0.8219109554777388 0.00017822817873758992 
0.8224112056028013 0.00017257508346081552 
0.8229114557278638 0.00016709293155297758 
0.8234117058529264 0.00016177683273053433 
0.8239119559779889 0.00015662202764128285 
0.8244122061030514 0.00015162388463635943 
0.824912456228114 0.00014677789661358162 
0.8254127063531765 0.0001420796779307814 
0.825912956478239 0.00013752496138779552 
0.8264132066033016 0.00013310959527583412 
0.8269134567283641 0.0001288295404929278 
0.8274137068534266 0.000124680867724184 
0.8279139569784892 0.00012065975468561754 
0.8284142071035517 0.00011676248343031977 
0.8289144572286142 0.00011298543771574625 
0.8294147073536767 0.00010932510043094575 
0.8299149574787393 0.00010577805108253965 
0.8304152076038018 0.00010234096333830801 
0.8309154577288643 9.901060262722356e-05 
0.8314157078539269 9.578382379482999e-05 
0.8319159579789894 9.265756881284974e-05 
0.8324162081040519 8.962886454192816e-05 
0.8329164582291145 8.669482054645474e-05 
0.833416708354177 8.385262696040068e-05 
0.8339169584792395 8.109955240313084e-05 
0.8344172086043021 7.843294194418113e-05 
0.8349174587293646 7.585021511599027e-05 
0.8354177088544271 7.334886397359428e-05 
0.8359179589794897 7.09264512003221e-05 
0.8364182091045522 6.858060825853394e-05 
0.8369184592296147 6.630903358445475e-05 
0.8374187093546773 6.4109490826193e-05 
0.8379189594797398 6.197980712402812e-05 
0.8384192096048023 5.991787143207467e-05 
0.8389194597298649 5.792163288045028e-05 
0.8394197098549274 5.5989099177084224e-05 
0.8399199599799899 5.411833504831485e-05 
0.8404202101050524 5.23074607174526e-05 
0.840920460230115 5.0554650420483834e-05 
0.8414207103551775 4.885813095811805e-05 
0.84192096048024 4.721618028338306e-05 
0.8424212106053026 4.562712612400268e-05 
0.8429214607303651 4.4089344638790736e-05 
0.8434217108554276 4.260125910731406e-05 
0.8439219609804902 4.116133865209604e-05 
0.8444222111055527 3.976809699263934e-05 
0.8449224612306152 3.84200912305581e-05 
0.8454227113556778 3.711592066513316e-05 
0.8459229614807403 3.585422563860619e-05 
0.8464232116058028 3.4633686410544234e-05 
0.8469234617308654 3.3453022060624675e-05 
0.8474237118559279 3.231098941919558e-05 
0.8479239619809904 3.12063820249794e-05 
0.848424212106053 3.0138029109307855e-05 
0.8489244622311155 2.910479460627808e-05 
0.849424712356178 2.8105576188235154e-05 
0.8499249624812406 2.713930432600312e-05 
0.8504252126063031 2.6204941373289635e-05 
0.8509254627313656 2.53014806747044e-05 
0.8514257128564282 2.4427945696845732e-05 
0.8519259629814907 2.3583389181915567e-05 
0.8524262131065532 2.2766892323334304e-05 
0.8529264632316157 2.19775639628433e-05 
0.8534267133566783 2.1214539808585402e-05 
0.8539269634817408 2.0476981673670235e-05 
0.8544272136068033 1.976407673473653e-05 
0.8549274637318659 1.907503681003838e-05 
0.8554277138569284 1.8409097656588632e-05 
0.8559279639819909 1.776551828590186e-05 
0.8564282141070535 1.7143580297893442e-05 
0.856928464232116 1.6542587232494743e-05 
0.8574287143571785 1.596186393855707e-05 
0.8579289644822411 1.5400755959626242e-05 
0.8584292146073036 1.4858628936176862e-05 
0.8589294647323661 1.4334868023903866e-05 
0.8594297148574287 1.3828877327680524e-05 
0.8599299649824912 1.3340079350797349e-05 
0.8604302151075537 1.286791445910428e-05 
0.8609304652326163 1.2411840359691467e-05 
0.8614307153576788 1.1971331593745627e-05 
0.8619309654827413 1.1545879043230647e-05 
0.8624312156078039 1.1134989451048703e-05 
0.8629314657328664 1.0738184954344774e-05 
0.8634317158579289 1.0355002630623577e-05 
0.8639319659829914 9.984994056359169e-06 
0.864432216108054 9.62772487778059e-06 
0.8649324662331165 9.282774393526334e-06 
0.865432716358179 8.949735148865953e-06 
0.8659329664832416 8.628212541195426e-06 
0.8664332166083041 8.317824436518512e-06 
0.8669334667333666 8.018200796632167e-06 
0.8674337168584292 7.72898331674264e-06 
0.8679339669834917 7.449825073243306e-06 
0.8684342171085542 7.180390181391685e-06 
0.8689344672336168 6.9203534626301805e-06 
0.8694347173586793 6.669400121300244e-06 
0.8699349674837418 6.4272254305047564e-06 
0.8704352176088044 6.193534426881021e-06 
0.8709354677338669 5.9680416140508235e-06 
0.8714357178589294 5.750470674519249e-06 
0.871935967983992 5.540554189801188e-06 
0.8724362181090545 5.338033368557775e-06 
0.872936468234117 5.142657782530618e-06 
0.8734367183591796 4.954185110067913e-06 
0.8739369684842421 4.772380887039861e-06 
0.8744372186093046 4.597018264946309e-06 
0.8749374687343672 4.42787777602489e-06 
0.8754377188594297 4.264747105171607e-06 
0.8759379689844922 4.1074208684906105e-06 
0.8764382191095547 3.955700398294987e-06 
0.8769384692346173 3.8093935343839274e-06 
0.8774387193596798 3.6683144214265046e-06 
0.8779389694847423 3.532283312285744e-06 
0.8784392196098049 3.4011263771218374e-06 
0.8789394697348674 3.2746755181164836e-06 
0.8794397198599299 3.1527681896642104e-06 
0.8799399699849925 3.0352472238812053e-06 
0.880440220110055 2.921960661285126e-06 
0.8809404702351175 2.8127615865029933e-06 
0.8814407203601801 2.7075079688687733e-06 
0.8819409704852426 2.606062507774697e-06 
0.882441220610305 2.508292482644107e-06 
0.8829414707353677 2.414069607397625e-06 
0.8834417208604302 2.3232698892867513e-06 
0.8839419709854927 2.235773491972565e-06 
0.8844422211105553 2.151464602730829e-06 
0.8849424712356178 2.070231303667104e-06 
0.8854427213606803 1.9919654468287328e-06 
0.8859429714857429 1.916562533103818e-06 
0.8864432216108054 1.843921594799722e-06 
0.8869434717358678 1.7739450817964835e-06 
0.8874437218609305 1.7065387511735805e-06 
0.887943971985993 1.6416115602108035e-06 
0.8884442221110554 1.5790755626665939e-06 
0.8889444722361179 1.5188458082401073e-06 
0.8894447223611806 1.4608402451252832e-06 
0.889944972486243 1.404979625567989e-06 
0.8904452226113055 1.3511874143393252e-06 
0.8909454727363681 1.2993897000408735e-06 
0.8914457228614306 1.24951510915966e-06 
0.8919459729864931 1.201494722792765e-06 
0.8924462231115557 1.1552619959638846e-06 
0.8929464732366182 1.1107526794561685e-06 
0.8934467233616807 1.067904744087405e-06 
0.8939469734867433 1.02665830735616e-06 
0.8944472236118058 9.86955562388988e-07 
0.8949474737368683 9.487407091208167e-07 
0.8954477238619309 9.119598876426529e-07 
0.8959479739869934 8.765611136523649e-07 
0.8964482241120559 8.424942159460333e-07 
0.8969484742371185 8.097107758893257e-07 
0.897448724362181 7.781640688097632e-07 
0.8979489744872435 7.478090072524487e-07 
0.8984492246123061 7.186020860435465e-07 
0.8989494747373686 6.905013291072405e-07 
0.8994497248624311 6.634662379833073e-07 
0.8999499749874936 6.374577419942242e-07 
0.9004502251125562 6.124381500118385e-07 
0.9009504752376187 5.883711037752648e-07 
0.9014507253626812 5.652215327128309e-07 
0.9019509754877438 5.429556102224697e-07 
0.9024512256128063 5.215407113660436e-07 
0.9029514757378688 5.009453719343838e-07 
0.9034517258629314 4.811392488412085e-07 
0.9039519759879939 4.6209308180508564e-07 
0.9044522261130564 4.437786562798291e-07 
0.904952476238119 4.2616876759497837e-07 
0.9054527263631815 4.0923718626894417e-07 
0.905952976488244 3.929586244585364e-07 
0.9064532266133066 3.773087035097217e-07 
0.9069534767383691 3.6226392257537334e-07 
0.9074537268634316 3.4780162826676456e-07 
0.9079539769884942 3.3389998530666155e-07 
0.9084542271135567 3.205379481526364e-07 
0.9089544772386192 3.076952335602392e-07 
0.9094547273636818 2.9535229405655143e-07 
0.9099549774887443 2.83490292295498e-07 
0.9104552276138068 2.720910762670884e-07 
0.9109554777388694 2.611371553336891e-07 
0.9114557278639319 2.5061167706713783e-07 
0.9119559779889944 2.4049840486128343e-07 
0.9124562281140569 2.3078169629537687e-07 
0.9129564782391195 2.2144648222436768e-07 
0.913456728364182 2.124782465729628e-07 
0.9139569784892445 2.0386300681091292e-07 
0.9144572286143071 1.9558729508775992e-07 
0.9149574787393696 1.8763814000587675e-07 
0.9154577288644321 1.800030490112421e-07 
0.9159579789894947 1.7266999138211934e-07 
0.9164582291145572 1.656273817962991e-07 
0.9169584792396197 1.5886406445819345e-07 
0.9174587293646823 1.523692977676788e-07 
0.9179589794897448 1.4613273951307404e-07 
0.9184592296148073 1.4014443257120548e-07 
0.9189594797398699 1.3439479109804892e-07 
0.9194597298649324 1.2887458719392658e-07 
0.9199599799899949 1.2357493802771829e-07 
0.9204602301150575 1.184872934050694e-07 
0.92096048024012 1.136034237659938e-07 
0.9214607303651825 1.0891540859774822e-07 
0.9219609804902451 1.04415625249297e-07 
0.9224612306153076 1.0009673813409688e-07 
0.9229614807403701 9.595168830834919e-08 
0.9234617308654326 9.19736834122829e-08 
0.9239619809904952 8.815618796239861e-08 
0.9244622311155577 8.449291398300778e-08 
0.9249624812406202 8.097781196573743e-08 
0.9254627313656828 7.760506214606425e-08 
0.9259629814907453 7.436906608626256e-08 
0.9264632316158078 7.126443855448403e-08 
0.9269634817408704 6.828599969003801e-08 
0.9274637318659329 6.542876744523626e-08 
0.9279639819909954 6.268795029446995e-08 
0.928464232116058 6.005894020150833e-08 
0.9289644822411205 5.7537305836275016e-08 
0.929464732366183 5.511878603263881e-08 
0.9299649824912456 5.279928347904889e-08 
0.9304652326163081 5.0574858634083136e-08 
0.9309654827413706 4.844172385924415e-08 
0.9314657328664332 4.6396237761589405e-08 
0.9319659829914957 4.4434899739020277e-08 
0.9324662331165582 4.255434472127513e-08 
0.9329664832416208 4.0751338099920434e-08 
0.9334667333666833 3.902277084083626e-08 
0.9339669834917458 3.736565477290322e-08 
0.9344672336168084 3.5777118046821296e-08 
0.9349674837418709 3.4254400758169767e-08 
0.9354677338669334 3.2794850729022565e-08 
0.9359679839919959 3.1395919442620464e-08 
0.9364682341170585 3.00551581257768e-08 
0.936968484242121 2.8770213973877677e-08 
0.9374687343671835 2.7538826513497124e-08 
0.9379689844922461 2.635882409782613e-08 
0.9384692346173086 2.522812053026307e-08 
0.9389694847423711 2.4144711811672176e-08 
0.9394697348674337 2.3106673006969336e-08 
0.9399699849924962 2.2112155226835707e-08 
0.9404702351175587 2.115938272050033e-08 
0.9409704852426213 2.024665007567429e-08 
0.9414707353676838 1.937231952184522e-08 
0.9419709854927463 1.853481833326956e-08 
0.9424712356178089 1.7732636328128233e-08 
0.9429714857428714 1.6964323460426033e-08 
0.9434717358679339 1.622848750133078e-08 
0.9439719859929965 1.552379180676687e-08 
0.944472236118059 1.4848953168178153e-08 
0.9449724862431215 1.42027397434851e-08 
0.9454727363681841 1.3583969065362294e-08 
0.9459729864932466 1.2991506124060353e-08 
0.9464732366183091 1.242426152208887e-08 
0.9469734867433717 1.1881189698175378e-08 
0.9474737368684342 1.1361287217997872e-08 
0.9479739869934967 1.086359112927761e-08 
0.9484742371185592 1.0387177378903555e-08 
0.9489744872436218 9.9311592898376e-09 
0.9494747373686843 9.494686095630098e-09 
0.9499749874937468 9.076941530448138e-09 
0.9504752376188094 8.67714247259553e-09 
0.9509754877438719 8.294537639570748e-09 
0.9514757378689344 7.92840633277806e-09 
0.951975987993997 7.578057230074724e-09 
0.9524762381190595 7.242827224399047e-09 
0.952976488244122 6.922080306785485e-09 
0.9534767383691846 6.615206492134556e-09 
0.9539769884942471 6.321620786161279e-09 
0.9544772386193096 6.040762192001128e-09 
0.9549774887443722 5.772092755008272e-09 
0.9554777388694347 5.5150966443309775e-09 
0.9559779889944972 5.2692792698992784e-09 
0.9564782391195598 5.034166433510463e-09 
0.9569784892446223 4.809303512742655e-09 
0.9574787393696848 4.594254676472463e-09 
0.9579789894947474 4.3886021308179514e-09 
0.9584792396198099 4.1919453943686755e-09 
0.9589794897448723 4.003900601605373e-09 
0.9594797398699348 3.824099833453346e-09 
0.9599799899949975 3.6521904739488525e-09 
0.96048024012006 3.487834592036831e-09 
0.9609804902451224 3.330708347552202e-09 
0.961480740370185 3.1805014204725328e-09 
0.9619809904952475 3.036916462562071e-09 
0.96248124062031 2.899668570559093e-09 
0.9629814907453726 2.768484780090296e-09 
0.9634817408704351 2.643103579524511e-09 
0.9639819909954976 2.5232744430073095e-09 
0.9644822411205602 2.4087573819461076e-09 
0.9649824912456227 2.2993225142417037e-09 
0.9654827413706852 2.1947496505876725e-09 
0.9659829914957478 2.0948278971850937e-09 
0.9664832416208103 1.9993552742429926e-09 
0.9669834917458728 1.9081383496584487e-09 
0.9674837418709354 1.8209918872931349e-09 
0.9679839919959979 1.7377385092839484e-09 
0.9684842421210604 1.6582083718465608e-09 
0.968984492246123 1.5822388540510128e-09 
0.9694847423711855 1.5096742590673567e-09 
0.969984992496248 1.4403655273983606e-09 
0.9704852426213106 1.3741699616342999e-09 
0.9709854927463731 1.3109509622821796e-09 
0.9714857428714356 1.250577774238259e-09 
0.9719859929964981 1.1929252434893965e-09 
0.9724862431215607 1.137873583643852e-09 
0.9729864932466232 1.0853081519073907e-09 
0.9734867433716857 1.0351192341349461e-09 
0.9739869934967483 9.872018386021355e-10 
0.9744872436218108 9.414554981543102e-10 
0.9749874937468733 8.977840804036117e-10 
0.9754877438719359 8.560956056573514e-10 
0.9759879939969984 8.16302072272797e-10 
0.9764882441220609 7.783192891449317e-10 
0.9769884942471235 7.420667150454015e-10 
0.977488744372186 7.074673045410631e-10 
0.9779889944972485 6.744473602312494e-10 
0.9784892446223111 6.429363910528345e-10 
0.9789894947473736 6.128669764116758e-10 
0.9794897448724361 5.841746359083223e-10 
0.9799899949974987 5.567977044348888e-10 
0.9804902451225612 5.30677212428501e-10 
0.9809904952476237 5.057567710749479e-10 
0.9814907453726863 4.819824622643301e-10 
0.9819909954977488 4.5930273310795726e-10 
0.9824912456228113 4.376682948332585e-10 
0.9829914957478738 4.1703202588056104e-10 
0.9834917458729364 3.97348879032421e-10 
0.9839919959979989 3.785757924128235e-10 
0.9844922461230614 3.606716041997916e-10 
0.984992496248124 3.435969709012668e-10 
0.9854927463731865 3.273142890497806e-10 
0.985992996498249 3.117876201772105e-10 
0.9864932466233116 2.969826189363544e-10 
0.9869934967483741 2.828664642412554e-10 
0.9874937468734366 2.6940779330324277e-10 
0.9879939969984992 2.5657663844456697e-10 
0.9884942471235617 2.4434436657611176e-10 
0.9889944972486242 2.3268362123013484e-10 
0.9894947473736868 2.2156826704339535e-10 
0.9899949974987493 2.1097333659009073e-10 
0.9904952476238118 2.0087497946802565e-10 
0.9909954977488744 1.9125041354534995e-10 
0.9914957478739369 1.8207787827880516e-10 
0.9919959979989994 1.7333659001800726e-10 
0.992496248124062 1.6500669921372335e-10 
0.9929964982491245 1.5706924945137166e-10 
0.993496748374187 1.4950613823408892e-10 
0.9939969984992496 1.423000794428191e-10 
0.9944972486243121 1.3543456740374892e-10 
0.9949974987493746 1.2889384249618593e-10 
0.9954977488744371 1.2266285823676474e-10 
0.9959979989994997 1.1672724977835693e-10 
0.9964982491245622 1.1107330376461984e-10 
0.9969984992496247 1.0568792948345278e-10 
0.9974987493746873 1.0055863126499609e-10 
0.9979989994997498 9.567348207195595e-11 
0.9984992496248123 9.102109823217722e-11 
0.9989994997498749 8.659061526545453e-11 
0.9994997498749374 8.237166475848934e-11 
1.0 7.835435224379242e-11 
