xdata ydata 
0.0 -0.024412551639129004 
0.002004008016032064 -0.01677893311133373 
0.004008016032064128 -0.009145314583538452 
0.0060120240480961915 -0.0015116960557431773 
0.008016032064128256 0.006121922472052101 
0.01002004008016032 0.013755540999847375 
0.012024048096192383 0.02138915952764265 
0.014028056112224447 0.029022778055437924 
0.01603206412825651 0.036656396583233206 
0.018036072144288574 0.04429001511102848 
0.02004008016032064 0.051923633638823755 
0.022044088176352703 0.05140609999153778 
0.024048096192384766 0.04905455710485851 
0.026052104208416832 0.04670301421817924 
0.028056112224448895 0.04435147133149997 
0.03006012024048096 0.04199992844482069 
0.03206412825651302 0.03964838555814142 
0.03406813627254509 0.03729684267146215 
0.03607214428857715 0.03494529978478289 
0.038076152304609215 0.032593756898103614 
0.04008016032064128 0.03024221401142434 
0.04208416833667334 0.026373449315110386 
0.044088176352705406 0.021623717116427882 
0.04609218436873747 0.01687398491774538 
0.04809619238476953 0.012124252719062898 
0.0501002004008016 0.0073745205203803975 
0.052104208416833664 0.002624788321697897 
0.05410821643286573 -0.0021249438769846037 
0.05611222444889779 -0.00687467607566709 
0.058116232464929855 -0.011624408274349591 
0.06012024048096192 -0.01637414047303209 
0.06212424849699398 -0.01891109805235482 
0.06412825651302605 -0.018732377689736006 
0.06613226452905811 -0.01855365732711719 
0.06813627254509018 -0.018374936964498375 
0.07014028056112225 -0.01819621660187956 
0.0721442885771543 -0.018017496239260748 
0.07414829659318636 -0.017838775876641934 
0.07615230460921843 -0.01766005551402312 
0.0781563126252505 -0.017481335151404306 
0.08016032064128256 -0.01730261478878549 
0.08216432865731463 -0.016920850351235604 
0.08416833667334668 -0.015976810013876616 
0.08617234468937875 -0.015032769676517618 
0.08817635270541081 -0.01408872933915862 
0.09018036072144288 -0.013144689001799624 
0.09218436873747494 -0.012200648664440629 
0.09418837675350701 -0.01125660832708163 
0.09619238476953906 -0.01031256798972264 
0.09819639278557113 -0.009368527652363644 
0.1002004008016032 -0.008424487315004647 
0.10220440881763526 -0.00774809938269659 
0.10420841683366733 -0.010082801007211567 
0.1062124248496994 -0.012417502631726543 
0.10821643286573146 -0.014752204256241519 
0.11022044088176351 -0.01708690588075648 
0.11222444889779558 -0.019421607505271457 
0.11422845691382764 -0.021756309129786433 
0.11623246492985971 -0.024091010754301413 
0.11823647294589178 -0.02642571237881639 
0.12024048096192384 -0.028760414003331364 
0.1222444889779559 -0.031095115627846327 
0.12424849699398796 -0.02900283190365507 
0.12625250501002003 -0.02640748166256535 
0.1282565130260521 -0.023812131421475626 
0.13026052104208416 -0.0212167811803859 
0.13226452905811623 -0.018621430939296177 
0.1342685370741483 -0.016026080698206456 
0.13627254509018036 -0.013430730457116732 
0.13827655310621242 -0.010835380216027007 
0.1402805611222445 -0.008240029974937287 
0.14228456913827653 -0.005644679733847597 
0.1442885771543086 -0.00571606504772248 
0.14629258517034066 -0.006854144583583242 
0.14829659318637273 -0.007992224119444004 
0.1503006012024048 -0.009130303655304765 
0.15230460921843686 -0.010268383191165527 
0.15430861723446893 -0.011406462727026289 
0.156312625250501 -0.012544542262887051 
0.15831663326653306 -0.013682621798747813 
0.16032064128256512 -0.014820701334608576 
0.1623246492985972 -0.015958780870469334 
0.16432865731462926 -0.013002539260994895 
0.16633266533066132 -0.006424398176800919 
0.16833667334669336 0.0001537429073929647 
0.17034068136272543 0.0067318839915869386 
0.1723446893787575 0.013310025075780912 
0.17434869739478956 0.01988816615997489 
0.17635270541082163 0.026466307244168864 
0.1783567134268537 0.03304444832836284 
0.18036072144288576 0.03962258941255681 
0.18236472945891782 0.04620073049675079 
0.1843687374749499 0.05009331329003061 
0.18637274549098196 0.04893072753570741 
0.18837675350701402 0.04776814178138421 
0.1903807615230461 0.046605556027061 
0.19238476953907813 0.04544297027273782 
0.1943887775551102 0.04428038451841461 
0.19639278557114226 0.04311779876409141 
0.19839679358717432 0.041955213009768205 
0.2004008016032064 0.040792627255444996 
0.20240480961923846 0.039630041501121795 
0.20440881763527052 0.03814464929573869 
0.2064128256513026 0.035004874028673624 
0.20841683366733466 0.03186509876160856 
0.21042084168336672 0.0287253234945435 
0.2124248496993988 0.02558554822747844 
0.21442885771543085 0.022445772960413373 
0.21643286573146292 0.019305997693348308 
0.21843687374749496 0.016166222426283287 
0.22044088176352702 0.013026447159218225 
0.2224448897795591 0.00988667189215316 
0.22444889779559116 0.006746896625088095 
0.22645290581162322 0.004681279142250926 
0.2284569138276553 0.002638039946585167 
0.23046092184368736 0.0005948007509194069 
0.23246492985971942 -0.0014484384447463533 
0.2344689378757515 -0.0034916776404121134 
0.23647294589178355 -0.005534916836077874 
0.23847695390781562 -0.007578156031743634 
0.24048096192384769 -0.009621395227409395 
0.24248496993987975 -0.011664634423075155 
0.2444889779559118 -0.013707873618740887 
0.24649298597194386 -0.009363981999619199 
0.24849699398797592 -0.003382364530551872 
0.250501002004008 0.002599252938515456 
0.25250501002004005 0.008580870407582784 
0.2545090180360721 0.014562487876650109 
0.2565130260521042 0.020544105345717434 
0.25851703406813625 0.026525722814784762 
0.2605210420841683 0.03250734028385209 
0.2625250501002004 0.03848895775291942 
0.26452905811623245 0.04447057522198675 
0.2665330661322645 0.04304107646191899 
0.2685370741482966 0.036917870756732585 
0.27054108216432865 0.030794665051546186 
0.2725450901803607 0.02467145934635979 
0.2745490981963928 0.018548253641173393 
0.27655310621242485 0.012425047935986998 
0.2785571142284569 0.006301842230800596 
0.280561122244489 0.00017863652561420085 
0.282565130260521 -0.005944569179572028 
0.28456913827655306 -0.01206777488475843 
0.2865731462925851 -0.012751524011019994 
0.2885771543086172 -0.006182664365381313 
0.29058116232464926 0.00038619528025736656 
0.2925851703406813 0.006955054925896048 
0.2945891783567134 0.013523914571534729 
0.29659318637274545 0.020092774217173412 
0.2985971943887775 0.02666163386281209 
0.3006012024048096 0.033230493508450774 
0.30260521042084165 0.03979935315408945 
0.3046092184368737 0.04636821279972814 
0.3066132264529058 0.05355353263736409 
0.30861723446893785 0.06263960473365816 
0.3106212424849699 0.07172567682995223 
0.312625250501002 0.08081174892624632 
0.31462925851703405 0.08989782102254039 
0.3166332665330661 0.09898389311883446 
0.3186372745490982 0.10806996521512854 
0.32064128256513025 0.1171560373114226 
0.3226452905811623 0.12624210940771668 
0.3246492985971944 0.13532818150401077 
0.32665330661322645 0.1439081349459784 
0.3286573146292585 0.14472760235494198 
0.3306613226452906 0.14554706976390552 
0.33266533066132264 0.14636653717286907 
0.33466933867735466 0.14718600458183262 
0.3366733466933867 0.14800547199079617 
0.3386773547094188 0.14882493939975971 
0.34068136272545085 0.14964440680872326 
0.3426853707414829 0.15046387421768684 
0.344689378757515 0.15128334162665039 
0.34669338677354705 0.15210280903561393 
0.3486973947895791 0.16003149858612933 
0.3507014028056112 0.1689521726215126 
0.35270541082164325 0.17787284665689587 
0.3547094188376753 0.18679352069227917 
0.3567134268537074 0.19571419472766244 
0.35871743486973945 0.2046348687630457 
0.3607214428857715 0.21355554279842898 
0.3627254509018036 0.22247621683381225 
0.36472945891783565 0.23139689086919552 
0.3667334669338677 0.24031756490457878 
0.3687374749498998 0.2468943965055079 
0.37074148296593185 0.25243717997358966 
0.3727454909819639 0.2579799634416714 
0.374749498997996 0.26352274690975314 
0.37675350701402804 0.26906553037783487 
0.3787575150300601 0.2746083138459166 
0.3807615230460922 0.28015109731399834 
0.38276553106212424 0.2856938807820801 
0.38476953907815625 0.29123666425016165 
0.3867735470941883 0.2967794477182434 
0.3887775551102204 0.3070876270722877 
0.39078156312625245 0.3219705864768564 
0.3927855711422845 0.3368535458814251 
0.3947895791583166 0.3517365052859938 
0.39679358717434865 0.3666194646905625 
0.3987975951903807 0.38150242409513124 
0.4008016032064128 0.39638538349969993 
0.40280561122244485 0.4112683429042686 
0.4048096192384769 0.42615130230883735 
0.406813627254509 0.44103426171340604 
0.40881763527054105 0.45355891160375944 
0.4108216432865731 0.46121954812104377 
0.4128256513026052 0.46888018463832815 
0.41482965931863724 0.4765408211556125 
0.4168336673346693 0.48420145767289685 
0.4188376753507014 0.49186209419018123 
0.42084168336673344 0.4995227307074656 
0.4228456913827655 0.50718336722475 
0.4248496993987976 0.5148440037420343 
0.42685370741482964 0.5225046402593186 
0.4288577154308617 0.5296826609598315 
0.4308617234468938 0.5339649867597158 
0.43286573146292584 0.5382473125596 
0.4348697394789579 0.5425296383594842 
0.4368737474949899 0.5468119641593684 
0.438877755511022 0.5510942899592526 
0.44088176352705405 0.5553766157591368 
0.4428857715430861 0.5596589415590211 
0.4448897795591182 0.5639412673589053 
0.44689378757515025 0.5682235931587895 
0.4488977955911823 0.5725059189586736 
0.4509018036072144 0.5897840190807255 
0.45290581162324645 0.6076151308760611 
0.4549098196392785 0.6254462426713967 
0.4569138276553106 0.6432773544667323 
0.45891783567134264 0.6611084662620679 
0.4609218436873747 0.6789395780574035 
0.4629258517034068 0.696770689852739 
0.46492985971943884 0.7146018016480746 
0.4669338677354709 0.7324329134434102 
0.468937875751503 0.7502640252387458 
0.47094188376753504 0.7589921121620348 
0.4729458917835671 0.7650851129381523 
0.4749498997995992 0.7711781137142698 
0.47695390781563124 0.7772711144903874 
0.4789579158316633 0.783364115266505 
0.48096192384769537 0.7894571160426225 
0.48296593186372744 0.79555011681874 
0.4849699398797595 0.8016431175948576 
0.48697394789579157 0.8077361183709751 
0.4889779559118236 0.8138291191470926 
0.49098196392785565 0.8220421226926614 
0.4929859719438877 0.8317171971137141 
0.4949899799599198 0.8413922715347667 
0.49699398797595185 0.8510673459558193 
0.4989979959919839 0.860742420376872 
0.501002004008016 0.8704174947979246 
0.503006012024048 0.8800925692189772 
0.5050100200400801 0.8897676436400299 
0.5070140280561122 0.8994427180610824 
0.5090180360721442 0.9091177924821352 
0.5110220440881763 0.9151643290632803 
0.5130260521042084 0.9159494857765587 
0.5150300601202404 0.9167346424898372 
0.5170340681362725 0.9175197992031157 
0.5190380761523046 0.918304955916394 
0.5210420841683366 0.9190901126296726 
0.5230460921843687 0.919875269342951 
0.5250501002004008 0.9206604260562296 
0.5270541082164328 0.9214455827695079 
0.5290581162324649 0.9222307394827864 
0.531062124248497 0.9177989860790208 
0.533066132264529 0.8953451795436507 
0.5350701402805611 0.8728913730082806 
0.5370741482965932 0.8504375664729105 
0.5390781563126252 0.8279837599375404 
0.5410821643286573 0.8055299534021702 
0.5430861723446894 0.7830761468668 
0.5450901803607214 0.76062234033143 
0.5470941883767535 0.7381685337960598 
0.5490981963927856 0.7157147272606897 
0.5511022044088176 0.6937849521295396 
0.5531062124248497 0.6841699149975501 
0.5551102204408818 0.6745548778655606 
0.5571142284569138 0.664939840733571 
0.5591182364729459 0.6553248036015816 
0.561122244488978 0.6457097664695921 
0.56312625250501 0.6360947293376026 
0.565130260521042 0.6264796922056136 
0.567134268537074 0.6168646550736241 
0.5691382765531061 0.6072496179416347 
0.5711422845691382 0.5976345808096452 
0.5731462925851702 0.5857135964946871 
0.5751503006012023 0.5734082876492343 
0.5771543086172344 0.5611029788037815 
0.5791583166332664 0.5487976699583287 
0.5811623246492985 0.5364923611128758 
0.5831663326653306 0.524187052267423 
0.5851703406813626 0.5118817434219701 
0.5871743486973947 0.4995764345765173 
0.5891783567134268 0.48727112573106446 
0.5911823647294588 0.4749658168856116 
0.5931863727454909 0.4671571750313011 
0.595190380761523 0.4615287353545144 
0.597194388777555 0.4559002956777277 
0.5991983967935871 0.45027185600094105 
0.6012024048096192 0.44464341632415433 
0.6032064128256512 0.43901497664736766 
0.6052104208416833 0.433386536970581 
0.6072144288577154 0.42775809729379427 
0.6092184368737474 0.4221296576170076 
0.6112224448897795 0.41650121794022094 
0.6132264529058116 0.41299725380660507 
0.6152304609218436 0.4117062850304587 
0.6172344689378757 0.4104153162543123 
0.6192384769539078 0.40912434747816595 
0.6212424849699398 0.4078333787020196 
0.6232464929859719 0.4065424099258732 
0.625250501002004 0.40525144114972683 
0.627254509018036 0.40396047237358046 
0.6292585170340681 0.4026695035974341 
0.6312625250501002 0.40137853482128766 
0.6332665330661322 0.3978397254689333 
0.6352705410821643 0.3892058108105081 
0.6372745490981964 0.38057189615208287 
0.6392785571142284 0.3719379814936576 
0.6412825651302605 0.36330406683523236 
0.6432865731462926 0.3546701521768071 
0.6452905811623246 0.34603623751838186 
0.6472945891783567 0.33740232285995664 
0.6492985971943888 0.32876840820153136 
0.6513026052104208 0.3201344935431061 
0.6533066132264529 0.3098594284177138 
0.655310621242485 0.2878227849457264 
0.657314629258517 0.26578614147373897 
0.6593186372745491 0.24374949800175152 
0.6613226452905812 0.22171285452976408 
0.6633266533066132 0.19967621105777666 
0.6653306613226453 0.17763956758578922 
0.6673346693386772 0.15560292411380303 
0.6693386773547093 0.13356628064181558 
0.6713426853707414 0.11152963716982817 
0.6733466933867734 0.08949299369784072 
0.6753507014028055 0.08263716488957124 
0.6773547094188376 0.07677138921154485 
0.6793587174348696 0.07090561353351846 
0.6813627254509017 0.06503983785549207 
0.6833667334669338 0.059174062177465674 
0.6853707414829658 0.053308286499439285 
0.6873747494989979 0.04744251082141289 
0.68937875751503 0.0415767351433865 
0.691382765531062 0.03571095946536011 
0.6933867735470941 0.029845183787333723 
0.6953907815631262 0.02992442923308172 
0.6973947895791582 0.031931789637892075 
0.6993987975951903 0.03393915004270244 
0.7014028056112224 0.03594651044751279 
0.7034068136272544 0.03795387085232316 
0.7054108216432865 0.03996123125713351 
0.7074148296593186 0.041968591661943874 
0.7094188376753506 0.04397595206675423 
0.7114228456913827 0.04598331247156459 
0.7134268537074148 0.04799067287637494 
0.7154308617234468 0.05141059362433398 
0.7174348697394789 0.055889934629654435 
0.719438877755511 0.06036927563497489 
0.721442885771543 0.06484861664029536 
0.7234468937875751 0.0693279576456158 
0.7254509018036072 0.07380729865093627 
0.7274549098196392 0.07828663965625673 
0.7294589178356713 0.0827659806615772 
0.7314629258517034 0.08724532166689766 
0.7334669338677354 0.09172466267221811 
0.7354709418837675 0.09268234159173566 
0.7374749498997996 0.08807950142840683 
0.7394789579158316 0.083476661265078 
0.7414829659318637 0.07887382110174916 
0.7434869739478958 0.07427098093842034 
0.7454909819639278 0.06966814077509151 
0.7474949899799599 0.06506530061176267 
0.749498997995992 0.06046246044843385 
0.751503006012024 0.055859620285105015 
0.7535070140280561 0.05125678012177619 
0.7555110220440882 0.046745820284511026 
0.7575150300601202 0.04259319371889411 
0.7595190380761523 0.038440567153277205 
0.7615230460921844 0.03428794058766029 
0.7635270541082164 0.03013531402204338 
0.7655310621242485 0.02598268745642647 
0.7675350701402806 0.02183006089080956 
0.7695390781563125 0.01767743432519288 
0.7715430861723446 0.013524807759575971 
0.7735470941883766 0.009372181193959057 
0.7755511022044087 0.005285475019565138 
0.7775551102204408 0.004362947623881547 
0.7795591182364728 0.0034404202281979558 
0.7815631262525049 0.002517892832514365 
0.783567134268537 0.0015953654368307739 
0.785571142284569 0.0006728380411471823 
0.7875751503006011 -0.00024968935453640803 
0.7895791583166332 -0.0011722167502199992 
0.7915831663326652 -0.0020947441459035904 
0.7935871743486973 -0.0030172715415871824 
0.7955911823647294 -0.003939798937270774 
0.7975951903807614 -0.0028623781840105477 
0.7995991983967935 -0.0013947236455905854 
0.8016032064128256 7.293089282937697e-05 
0.8036072144288576 0.0015405854312493389 
0.8056112224448897 0.0030082399696693017 
0.8076152304609218 0.004475894508089264 
0.8096192384769538 0.0059435490465092255 
0.8116232464929859 0.0074112035849291874 
0.813627254509018 0.00887885812334915 
0.81563126252505 0.010346512661769114 
0.8176352705410821 0.007528752590020898 
0.8196392785571142 0.002434366006620942 
0.8216432865731462 -0.002660020576779016 
0.8236472945891783 -0.007754407160178972 
0.8256513026052104 -0.012848793743578932 
0.8276553106212424 -0.017943180326978888 
0.8296593186372745 -0.023037566910378848 
0.8316633266533066 -0.0281319534937788 
0.8336673346693386 -0.033226340077178756 
0.8356713426853707 -0.038320726660578716 
0.8376753507014028 -0.03905626954555565 
0.8396793587174348 -0.034864423901880645 
0.8416833667334669 -0.030672578258205633 
0.843687374749499 -0.026480732614530628 
0.845691382765531 -0.02228888697085562 
0.8476953907815631 -0.01809704132718061 
0.8496993987975952 -0.013905195683505601 
0.8517034068136272 -0.009713350039830593 
0.8537074148296593 -0.005521504396155584 
0.8557114228456913 -0.0013296587524805822 
0.8577154308617234 0.0038636788587614844 
0.8597194388777555 0.011560746388921102 
0.8617234468937875 0.01925781391908072 
0.8637274549098196 0.02695488144924034 
0.8657314629258517 0.03465194897939996 
0.8677354709418837 0.04234901650955957 
0.8697394789579158 0.05004608403971919 
0.8717434869739479 0.05774315156987881 
0.8737474949899798 0.065440219100038 
0.8757515030060119 0.07313728663019763 
0.877755511022044 0.07960680662450227 
0.879759519038076 0.07527390830327753 
0.8817635270541081 0.07094100998205277 
0.8837675350701402 0.06660811166082803 
0.8857715430861722 0.06227521333960327 
0.8877755511022043 0.057942315018378515 
0.8897795591182364 0.05360941669715377 
0.8917835671342684 0.049276518375929015 
0.8937875751503005 0.044943620054704266 
0.8957915831663326 0.040610721733479516 
0.8977955911823646 0.03627782341225476 
0.8997995991983967 0.02657212489441986 
0.9018036072144288 0.016388844136886307 
0.9038076152304608 0.006205563379352758 
0.9058116232464929 -0.003977717378180791 
0.907815631262525 -0.014160998135714344 
0.909819639278557 -0.024344278893247896 
0.9118236472945891 -0.03452755965078144 
0.9138276553106212 -0.044710840408314995 
0.9158316633266532 -0.05489412116584855 
0.9178356713426853 -0.0650774019233821 
0.9198396793587174 -0.06777247825238948 
0.9218436873747494 -0.06776348075998473 
0.9238476953907815 -0.06775448326757996 
0.9258517034068136 -0.0677454857751752 
0.9278557114228456 -0.06773648828277044 
0.9298597194388777 -0.06772749079036568 
0.9318637274549098 -0.06771849329796091 
0.9338677354709418 -0.06770949580555614 
0.9358717434869739 -0.06770049831315139 
0.937875751503006 -0.06769150082074663 
0.939879759519038 -0.06326006400943195 
0.9418837675350701 -0.05522515812344998 
0.9438877755511021 -0.04719025223746802 
0.9458917835671342 -0.039155346351486056 
0.9478957915831663 -0.031120440465504093 
0.9498997995991983 -0.02308553457952213 
0.9519038076152304 -0.015050628693540166 
0.9539078156312625 -0.007015722807558203 
0.9559118236472945 0.0010191830784237604 
0.9579158316633266 0.009054088964405724 
0.9599198396793587 0.013985082728714794 
0.9619238476953907 0.013570450061253961 
0.9639278557114228 0.013155817393793129 
0.9659318637274549 0.012741184726332296 
0.9679358717434869 0.012326552058871463 
0.969939879759519 0.01191191939141063 
0.9719438877755511 0.011497286723949795 
0.9739478957915831 0.011082654056488962 
0.9759519038076151 0.010668021389028153 
0.9779559118236472 0.010253388721567318 
0.9799599198396792 0.010435169060842927 
0.9819639278557113 0.013267673874503678 
0.9839679358717434 0.016100178688164428 
0.9859719438877754 0.01893268350182518 
0.9879759519038075 0.021765188315485934 
0.9899799599198396 0.024597693129146683 
0.9919839679358716 0.027430197942807436 
0.9939879759519037 0.030262702756468186 
0.9959919839679358 0.03309520757012894 
0.9979959919839678 0.03592771238378969 
1.0 0.0387602171974506 
