xdata ydata 
0.0 0.018858992415714086 
0.0005002501250625312 0.018828969948726442 
0.0010005002501250625 0.01876896790074219 
0.0015007503751875936 0.01867907211480935 
0.002001000500250125 0.018559411531874882 
0.0025012506253126563 0.018410158398838247 
0.003001500750375187 0.018231528539981806 
0.0035017508754377185 0.018023781686723445 
0.00400200100050025 0.01778722185944104 
0.004502251125562781 0.017522197793976152 
0.0050025012506253125 0.017229103404339807 
0.005502751375687844 0.016908378272110034 
0.006003001500750374 0.016560508152097725 
0.006503251625812906 0.016186025482941315 
0.007003501750875437 0.01578550989057088 
0.007503751875937968 0.01535958867175878 
0.0080040020010005 0.014908937244402443 
0.00850425212606303 0.014434279550749307 
0.009004502251125562 0.013936388399342635 
0.009504752376188093 0.013416085731294743 
0.010005002501250625 0.012874242796309597 
0.010505252626313155 0.012311780223900448 
0.011005502751375688 0.011729667975353011 
0.011505752876438218 0.011128925162225953 
0.012006003001500749 0.010510619717529592 
0.01250625312656328 0.0098758679062328 
0.013006503251625811 0.009225833662321388 
0.013506753376688344 0.008561727740378403 
0.014007003501750874 0.007884806670479999 
0.014507253626813406 0.007196371506149712 
0.015007503751875937 0.006497766356173203 
0.015507753876938469 0.0057903766922257115 
0.016008004002001 0.00507562742550942 
0.01650825412706353 0.004354980746939752 
0.01700850425212606 0.0036299337268355983 
0.017508754377188594 0.00290201567153359 
0.018009004502251125 0.0021727852359384437 
0.018509254627313655 0.0014438272925672239 
0.019009504752376186 0.0007167495593461584 
0.01950975487743872 0.0 
0.02001000500250125 0.0 
0.02051025512756378 0.0 
0.02101050525262631 0.0 
0.02151075537768884 0.0 
0.022011005502751375 0.0 
0.022511255627813906 0.0 
0.023011505752876436 0.0 
0.023511755877938967 0.0 
0.024012006003001497 0.0 
0.02451225612806403 0.0 
0.02501250625312656 0.0 
0.025512756378189092 0.0 
0.026013006503251623 0.0 
0.026513256628314157 0.0 
0.027013506753376687 0.0 
0.027513756878439218 0.0 
0.028014007003501748 0.0 
0.02851425712856428 0.0 
0.029014507253626812 0.0 
0.029514757378689343 0.0 
0.030015007503751873 0.0 
0.030515257628814404 0.0 
0.031015507753876938 0.0 
0.03151575787893947 0.0 
0.032016008004002 0.0 
0.03251625812906453 0.0 
0.03301650825412706 0.0 
0.03351675837918959 0.0 
0.03401700850425212 0.0 
0.03451725862931466 0.0 
0.03501750875437719 0.0 
0.03551775887943972 0.0 
0.03601800900450225 0.0 
0.03651825912956478 0.0 
0.03701850925462731 0.0 
0.03751875937968984 0.0 
0.03801900950475237 0.0 
0.0385192596298149 0.0 
0.03901950975487744 0.0 
0.03951975987993997 0.0 
0.0400200100050025 0.0 
0.04052026013006503 0.0 
0.04102051025512756 0.0 
0.04152076038019009 0.0 
0.04202101050525262 0.0 
0.04252126063031515 0.0 
0.04302151075537768 0.0 
0.04352176088044022 0.0 
0.04402201100550275 0.0 
0.04452226113056528 0.0 
0.04502251125562781 0.0 
0.04552276138069034 0.0 
0.04602301150575287 0.0 
0.0465232616308154 0.0 
0.047023511755877934 0.0 
0.047523761880940464 0.0 
0.048024012006002995 0.0 
0.04852426213106553 0.0 
0.04902451225612806 0.00045468575770614384 
0.04952476238119059 0.0010413512571820973 
0.05002501250625312 0.0016148514904566352 
0.050525262631315654 0.002172985078140969 
0.051025512756378184 0.0027136063299737392 
0.051525762881440715 0.0032346343727476475 
0.052026013006503245 0.0037340620978610554 
0.052526263131565776 0.004209964885765328 
0.05302651325662831 0.004660509065111976 
0.053526763381690844 0.005083960065085481 
0.054027013506753374 0.005478690220388134 
0.054527263631815905 0.005843186189456873 
0.055027513756878435 0.0061760559478648835 
0.055527763881940966 0.006476035320421448 
0.056028014007003496 0.006741994017243552 
0.056528264132066026 0.0069729411410157085 
0.05702851425712856 0.007168030134805194 
0.057528764382191094 0.007326563142092811 
0.058029014507253625 0.007447994753173444 
0.058529264632316155 0.0075319351146882025 
0.059029514757378686 0.00757815238183943 
0.059529764882441216 0.007586574495730546 
0.06003001500750375 0.007557290271302245 
0.06053026513256628 0.007490549784436541 
0.06103051525762881 0.007386764050028855 
0.06153076538269134 0.007246503986098471 
0.062031015507753876 0.007070498662341575 
0.0625312656328164 0.006859632834915374 
0.06303151575787894 0.006614943772636747 
0.06353176588294146 0.006337617383190868 
0.064032016008004 0.006028983651328502 
0.06453226613306653 0.005690511404432672 
0.06503251625812906 0.005323802424112929 
0.0655327663831916 0.004930584925796521 
0.06603301650825412 0.004512706431439659 
0.06653326663331666 0.0040721260635900895 
0.06703351675837918 0.003610906291993943 
0.06753376688344172 0.0031312041668244634 
0.06803401700850424 0.0026352620752745273 
0.06853426713356678 0.0021253980608605073 
0.06903451725862932 0.0016039957471192866 
0.06953476738369184 0.0010734939096193503 
0.07003501750875438 0.0005363757421829954 
0.0705352676338169 0.0 
0.07103551775887944 0.0 
0.07153576788394196 0.0 
0.0720360180090045 0.0 
0.07253626813406702 0.0 
0.07303651825912956 0.0 
0.0735367683841921 0.0 
0.07403701850925462 0.0 
0.07453726863431716 0.0 
0.07503751875937968 0.0 
0.07553776888444222 0.0 
0.07603801900950474 0.0 
0.07653826913456728 0.0 
0.0770385192596298 0.0 
0.07753876938469234 0.0 
0.07803901950975488 0.0 
0.0785392696348174 0.0 
0.07903951975987994 0.0 
0.07953976988494246 0.0 
0.080040020010005 0.0 
0.08054027013506752 0.0 
0.08104052026013006 0.0 
0.08154077038519258 0.0 
0.08204102051025512 0.0 
0.08254127063531766 0.0 
0.08304152076038018 0.0 
0.08354177088544272 0.0 
0.08404202101050524 0.0 
0.08454227113556778 0.0 
0.0850425212606303 0.0 
0.08554277138569284 0.0 
0.08604302151075537 0.0 
0.0865432716358179 0.0 
0.08704352176088044 0.0 
0.08754377188594296 0.0 
0.0880440220110055 0.0 
0.08854427213606803 0.0 
0.08904452226113056 0.0 
0.08954477238619309 0.0 
0.09004502251125562 0.0 
0.09054527263631815 0.0 
0.09104552276138068 0.0 
0.09154577288644322 0.0 
0.09204602301150575 0.0 
0.09254627313656828 0.0 
0.0930465232616308 0.0 
0.09354677338669334 3.943950695286211e-05 
0.09404702351175587 0.0006214364806978695 
0.0945472736368184 0.0012025542479278367 
0.09504752376188093 0.001780105133309437 
0.09554777388694347 0.0023514124704588244 
0.09604802401200599 0.0029138232201500495 
0.09654827413706853 0.0034647205092784563 
0.09704852426213106 0.004001536030564449 
0.09754877438719359 0.004521762243466132 
0.09804902451225612 0.005022964317528292 
0.09854927463731865 0.005502791760442292 
0.09904952476238119 0.005958989674445063 
0.09954977488744371 0.0063894095862726385 
0.10005002501250625 0.006792019797809093 
0.10055027513756877 0.007164915206684072 
0.10105052526263131 0.00750632654850099 
0.10155077538769385 0.007814629015031506 
0.10205102551275637 0.008088350205563349 
0.1025512756378189 0.008326177371715555 
0.10305152576288143 0.008526963919313534 
0.10355177588794397 0.008689735134416886 
0.10405202601300649 0.00881369310423128 
0.10455227613806903 0.008898220807470469 
0.10505252626313155 0.008942885352658723 
0.10555277638819409 0.00894744034693388 
0.10605302651325663 0.008911827382061522 
0.10655327663831915 0.008836176628615466 
0.10705352676338169 0.008720806533552138 
0.10755377688844421 0.008566222620739212 
0.10805402701350675 0.008373115398330641 
0.10855427713856927 0.008142357381205008 
0.10905452726363181 0.007874999240986945 
0.10955477738869433 0.007572265100415626 
0.11005502751375687 0.00723554699299842 
0.11055527763881941 0.006866398512963301 
0.11105552776388193 0.006466527684520245 
0.11155577788894447 0.006037789083240676 
0.11205602801400699 0.005582175246075951 
0.11255627813906953 0.005101807410054499 
0.11305652826413205 0.004598925622988718 
0.11355677838919459 0.004075878272699327 
0.11405702851425711 0.0035351110841103923 
0.11455727863931965 0.0029791556362844963 
0.11505752876438219 0.0024106174538373356 
0.11555777888944471 0.0018321637293735838 
0.11605802901450725 0.0012465107354274812 
0.11655827913956977 0.0006564109860279432 
0.11705852926463231 6.464020928707227e-05 
0.11755877938969483 0.0 
0.11805902951475737 0.0 
0.1185592796398199 0.0 
0.11905952976488243 0.0 
0.11955977988994497 0.0 
0.1200600300150075 0.0 
0.12056028014007003 0.0 
0.12106053026513255 0.0 
0.12156078039019509 0.0 
0.12206103051525762 0.0 
0.12256128064032015 0.0 
0.12306153076538268 0.0 
0.12356178089044521 0.0 
0.12406203101550775 0.0 
0.12456228114057027 0.0 
0.1250625312656328 0.0 
0.12556278139069535 0.0 
0.12606303151575787 0.0 
0.1265632816408204 0.0 
0.12706353176588292 0.0 
0.12756378189094547 0.0 
0.128064032016008 0.0 
0.12856428214107052 0.0 
0.12906453226613307 0.0 
0.1295647823911956 0.0 
0.13006503251625812 0.0 
0.13056528264132064 0.0 
0.1310655327663832 0.0 
0.13156578289144572 0.0 
0.13206603301650824 0.0 
0.13256628314157076 0.0 
0.1330665332666333 0.0 
0.13356678339169584 0.0 
0.13406703351675836 0.0 
0.1345672836418209 0.0 
0.13506753376688344 0.0 
0.13556778389194596 0.0 
0.13606803401700848 0.0 
0.13656828414207103 0.0 
0.13706853426713356 0.0 
0.13756878439219608 0.0 
0.13806903451725863 0.0 
0.13856928464232116 0.0 
0.13906953476738368 0.0 
0.1395697848924462 0.00016871086644108742 
0.14007003501750875 0.0007633581777510008 
0.14057028514257128 0.001356085854133225 
0.1410705352676338 0.0019441065551634529 
0.14157078539269632 0.0025246568767409603 
0.14207103551775888 0.0030950105406574316 
0.1425712856428214 0.0036524914007728783 
0.14307153576788392 0.0041944862029844425 
0.14357178589294647 0.004718457037353989 
0.144072036018009 0.005221953422312097 
0.14457228614307152 0.005702623962637659 
0.14507253626813404 0.006158227525026784 
0.1455727863931966 0.0065866438774337625 
0.14607303651825912 0.0069858837410036465 
0.14657328664332164 0.007354098206288031 
0.1470735367683842 0.007689587468578256 
0.14757378689344672 0.007990808840511558 
0.14807403701850924 0.008256384003665032 
0.14857428714357176 0.008485105464564265 
0.14907453726863432 0.008675942184459483 
0.14957478739369684 0.008828044356239895 
0.15007503751875936 0.008940747306043549 
0.1505752876438219 0.00901357450141451 
0.15107553776888444 0.009046239652189293 
0.15157578789394696 0.009038647894778394 
0.15207603801900949 0.008990896054939293 
0.15257628814407204 0.00890327198865089 
0.15307653826913456 0.008776253005195574 
0.15357678839419708 0.008610503381020814 
0.1540770385192596 0.008406870977368969 
0.15457728864432216 0.008166382979033415 
0.15507753876938468 0.007890240775846675 
0.1555777888944472 0.007579814012686089 
0.15607803901950976 0.007236633837777236 
0.15657828914457228 0.006862385382978924 
0.1570785392696348 0.006458899513422179 
0.15757878939469733 0.006028143887387452 
0.15807903951975988 0.005572213370638272 
0.1585792896448224 0.005093319852495681 
0.15907953976988493 0.004593781513807692 
0.15957978989494745 0.004076011599570484 
0.16008004002001 0.003542506751305083 
0.16058029014507252 0.0029958349563382223 
0.16108054027013505 0.0024386231729673132 
0.1615807903951976 0.0018735446919296618 
0.16208104052026012 0.0013033062958366654 
0.16258129064532265 0.0007306352790874733 
0.16308154077038517 0.0001582663913893716 
0.16358179089544772 0.0 
0.16408204102051024 0.0 
0.16458229114557277 0.0 
0.16508254127063532 0.0 
0.16558279139569784 0.0 
0.16608304152076037 0.0 
0.1665832916458229 0.0 
0.16708354177088544 0.0 
0.16758379189594796 0.0 
0.1680840420210105 0.0 
0.168584292146073 0.0 
0.16908454227113556 0.0 
0.1695847923961981 0.0 
0.1700850425212606 0.0 
0.17058529264632316 0.0 
0.17108554277138568 0.0 
0.1715857928964482 0.0 
0.17208604302151073 0.0 
0.17258629314657328 0.0 
0.1730865432716358 0.0 
0.17358679339669833 0.0 
0.17408704352176088 0.0 
0.1745872936468234 0.0 
0.17508754377188593 0.0 
0.17558779389694845 0.0 
0.176088044022011 0.0 
0.17658829414707353 0.0 
0.17708854427213605 0.0 
0.17758879439719857 0.0 
0.17808904452226113 0.0 
0.17858929464732365 0.0 
0.17908954477238617 0.0 
0.17958979489744872 0.0 
0.18009004502251125 0.0 
0.18059029514757377 0.0 
0.1810905452726363 0.0 
0.18159079539769885 0.0 
0.18209104552276137 0.0 
0.1825912956478239 0.0 
0.18309154577288644 0.0 
0.18359179589794897 0.0 
0.1840920460230115 0.0 
0.18459229614807401 0.0 
0.18509254627313657 0.0002961964855313258 
0.1855927963981991 0.0008584006556906893 
0.1860930465232616 0.00141989950557804 
0.18659329664832414 0.001978136358708434 
0.1870935467733867 0.002530580509953569 
0.1875937968984492 0.003074739280980952 
0.18809404702351173 0.00360816985400445 
0.18859429714857429 0.0041284908273531915 
0.1890945472736368 0.004633393437899831 
0.18959479739869933 0.00512065239723665 
0.19009504752376186 0.005588136290515351 
0.1905952976488244 0.006033817489229625 
0.19109554777388693 0.006455781531742156 
0.19159579789894945 0.006852235928118341 
0.19209604802401198 0.007221518348805693 
0.19259629814907453 0.007562104159880419 
0.19309654827413705 0.00787261327084701 
0.19359679839919958 0.008151816264531769 
0.19409704852426213 0.008398639782170049 
0.19459729864932465 0.008612171140579555 
0.19509754877438718 0.00879166216208932 
0.1955977988994497 0.008936532201867442 
0.19609804902451225 0.009046370361216364 
0.19659829914957477 0.009120936879471282 
0.1970985492746373 0.00916016370111723 
0.19759879939969985 0.009164154218827644 
0.19809904952476237 0.009133182197114984 
0.1985992996498249 0.009067689885254403 
0.19909954977488742 0.008968285332089725 
0.19959979989994997 0.008835738919133541 
0.2001000500250125 0.00867097913211821 
0.20060030015007502 0.008475087594827582 
0.20110055027513754 0.008249293392440543 
0.2016008004002001 0.007994966715053092 
0.20210105052526262 0.007713611855154684 
0.20260130065032514 0.007406859595872026 
0.2031015507753877 0.007076459029562683 
0.2036018009004502 0.006724268848965681 
0.20410205102551274 0.006352248155461186 
0.20460230115057526 0.005962446831156999 
0.2051025512756378 0.005556995523407792 
0.20560280140070034 0.0051380952920414774 
0.20610305152576286 0.004708006970959256 
0.2066033016508254 0.004269040296913434 
0.20710355177588793 0.0038235428591523847 
0.20760380190095046 0.0033738889242169185 
0.20810405202601298 0.002922468190522913 
0.20860430215107553 0.002471674527409694 
0.20910455227613806 0.0020238947531432986 
0.20960480240120058 0.0015814975059132317 
0.2101050525262631 0.0011468222610831126 
0.21060530265132565 0.0007221685470096443 
0.21110555277638818 0.00030978541047723903 
0.2116058029014507 0.0 
0.21210605302651325 0.0 
0.21260630315157578 0.0 
0.2131065532766383 0.0 
0.21360680340170082 0.0 
0.21410705352676337 0.0 
0.2146073036518259 0.0 
0.21510755377688842 0.0 
0.21560780390195097 0.0 
0.2161080540270135 0.0 
0.21660830415207602 0.0 
0.21710855427713854 0.0 
0.2176088044022011 0.0 
0.21810905452726362 0.0 
0.21860930465232614 0.0 
0.21910955477738867 0.0 
0.21960980490245122 0.0 
0.22011005502751374 0.0 
0.22061030515257626 0.0 
0.22111055527763882 0.0 
0.22161080540270134 0.0 
0.22211105552776386 0.0 
0.22261130565282639 0.0 
0.22311155577788894 0.0 
0.22361180590295146 0.0 
0.22411205602801398 0.0 
0.22461230615307654 0.0 
0.22511255627813906 0.0 
0.22561280640320158 9.721660320536262e-05 
0.2261130565282641 0.0005512413457529474 
0.22661330665332666 0.0010284109807933203 
0.22711355677838918 0.0015270525392711467 
0.2276138069034517 0.0020454186982122565 
0.22811405702851423 0.002581696809427776 
0.22861430715357678 0.003134018184837427 
0.2291145572786393 0.003700467592215117 
0.22961480740370183 0.0042790929145010296 
0.23011505752876438 0.0048679149253184634 
0.2306153076538269 0.005464937133178345 
0.23111555777888942 0.0060681556468179685 
0.23161580790395195 0.006675569014400857 
0.2321160580290145 0.00728518798976521 
0.23261630815407702 0.007895045179644181 
0.23311655827913955 0.008503204526651209 
0.2336168084042021 0.00910777058403646 
0.23411705852926462 0.00970689753949242 
0.23461730865432714 0.010298797946887366 
0.23511755877938967 0.010881751126520858 
0.23561780890445222 0.011454111196389264 
0.23611805902951474 0.012014314699065887 
0.23661830915457727 0.01256088779101329 
0.2371185592796398 0.01309245296353213 
0.23761880940470234 0.013607735267074582 
0.23811905952976486 0.01410556801326241 
0.2386193096548274 0.014584897931700404 
0.23911955977988994 0.015044789761488247 
0.23961980990495246 0.01548443026023863 
0.240120060030015 0.01590313161636039 
0.2406203101550775 0.016300334253353185 
0.24112056028014006 0.016675609017934714 
0.24162081040520259 0.017028658746788765 
0.2421210605302651 0.01735931920984746 
0.24262131065532766 0.01766755943097042 
0.24312156078039018 0.017953481389931067 
0.2436218109054527 0.018217319112527157 
0.24412206103051523 0.01845943715854759 
0.24462231115557778 0.01868032852011267 
0.2451225612806403 0.01888061194565478 
0.24562281140570283 0.01906102870740737 
0.24612306153076535 0.019222438832788114 
0.2466233116558279 0.01936581682247255 
0.24712356178089043 0.019492246880168013 
0.24762381190595295 0.019602917681237952 
0.2481240620310155 0.01969911670927555 
0.24862431215607803 0.019782224191522254 
0.24912456228114055 0.01985370666564517 
0.24962481240620307 0.019915110211852428 
0.2501250625312656 0.019968053385588342 
0.25062531265632815 0.020014219887145974 
0.2511255627813907 0.02005535100542404 
0.2516258129064532 0.020093237873767284 
0.25212606303151575 0.020129713576358427 
0.2526263131565783 0.020166645143918017 
0.2531265632816408 0.020205925477660182 
0.25362681340670334 0.020249465240319738 
0.25412706353176584 0.0202991847528741 
0.2546273136568284 0.020357005935141108 
0.25512756378189094 0.020424844327788544 
0.25562781390695344 0.020504601232539842 
0.256128064032016 0.020598156006382477 
0.25662831415707854 0.020707358544472976 
0.25712856428214104 0.020834021985123612 
0.2576288144072036 0.02097991566889154 
0.25812906453226614 0.021146758382157297 
0.25862931465732864 0.02133621191392505 
0.2591295647823912 0.021549874952768985 
0.2596298149074537 0.021789277348893552 
0.26013006503251623 0.022055874764287418 
0.2606303151575788 0.022351043731828495 
0.2611305652826413 0.022676077142001656 
0.26163081540770383 0.02303218017367961 
0.2621310655327664 0.023420466683074247 
0.2626313156578289 0.023841956062657557 
0.26313156578289143 0.02429757057946593 
0.263631815907954 0.02478813319984341 
0.2641320660330165 0.02531436590525148 
0.26463231615807903 0.02587688850144001 
0.2651325662831415 0.02647621792088872 
0.2656328164082041 0.02711276801610108 
0.2661330665332666 0.027786849839062502 
0.2666333166583291 0.02849867239992839 
0.2671335667833917 0.029248343895844228 
0.2676338169084542 0.030035873398704664 
0.2681340670335167 0.030861172988643874 
0.26863431715857927 0.031724060318129 
0.2691345672836418 0.03262426158969458 
0.2696348174087043 0.0335614149286647 
0.27013506753376687 0.03453507413057848 
0.2706353176588294 0.035544712761575 
0.2711355677838919 0.036589728588618704 
0.27163581790895447 0.037669448315242327 
0.27213606803401696 0.03878313259737093 
0.2726363181590795 0.03992998131284562 
0.27313656828414207 0.04110913905746805 
0.27363681840920456 0.04231970083968044 
0.2741370685342671 0.04356071794550746 
0.27463731865932967 0.04483120394496174 
0.27513756878439216 0.04613014081092978 
0.2756378189094547 0.04745648512138239 
0.27613806903451726 0.04880917431586143 
0.27663831915957976 0.05018713297734312 
0.2771385692846423 0.0515892791108916 
0.2776388194097048 0.05301453039096154 
0.27813906953476736 0.054461810349797045 
0.2786393196598299 0.05593005448003827 
0.2791395697848924 0.057418216225482 
0.27963981990995496 0.058925272834828214 
0.2801400700350175 0.06045023105431584 
0.28064032016008 0.061992132636202006 
0.28114057028514255 0.0635500596413089 
0.2816408204102051 0.06512313951511463 
0.2821410705352676 0.06671054991823172 
0.28264132066033015 0.06831152329355421 
0.28314157078539265 0.0699253511538358 
0.2836418209104552 0.07155138807499767 
0.28414207103551775 0.07318905538203378 
0.28464232116058025 0.07483784451599693 
0.2851425712856428 0.07649732007218202 
0.28564282141070535 0.07816712250126569 
0.28614307153576785 0.07984697046680025 
0.2866433216608304 0.08153666285416154 
0.28714357178589295 0.08323608042762017 
0.28764382191095544 0.08494518713390048 
0.288144072036018 0.08666403105215194 
0.28864432216108055 0.08839274499184101 
0.28914457228614304 0.09013154674159161 
0.2896448224112056 0.0918807389735091 
0.2901450725362681 0.09364070880892868 
0.29064532266133064 0.09541192705291741 
0.2911455727863932 0.09719494710618129 
0.2916458229114557 0.09899040356424438 
0.29214607303651824 0.1007990105149757 
0.2926463231615808 0.10262155954660697 
0.2931465732866433 0.10445891747940245 
0.29364682341170584 0.10631202383510695 
0.2941470735367684 0.10818188805909305 
0.2946473236618309 0.11006958651094056 
0.29514757378689344 0.11197625923982245 
0.29564782391195593 0.1139031065616611 
0.2961480740370185 0.11585138545551753 
0.29664832416208103 0.1178224057970718 
0.29714857428714353 0.11981752644737027 
0.2976488244122061 0.12183815121522948 
0.29814907453726863 0.12388572471184141 
0.29864932466233113 0.12596172811614734 
0.2991495747873937 0.12806767486955842 
0.29964982491245623 0.13020510631843685 
0.3001500750375187 0.13237558732259264 
0.3006503251625813 0.13458070184778925 
0.3011505752876438 0.13682204855989472 
0.3016508254127063 0.1391012364379039 
0.3021510755377689 0.1414198804226376 
0.30265132566283137 0.14377959711733015 
0.3031515757878939 0.1461820005557864 
0.3036518259129565 0.14862869805314402 
0.30415207603801897 0.15112128615356776 
0.3046523261630815 0.15366134668854686 
0.3051525762881441 0.15625044295863524 
0.30565282641320657 0.1588901160507677 
0.3061530765382691 0.16158188130238962 
0.30665332666333167 0.16432722492287657 
0.30715357678839417 0.16712760078182634 
0.3076538269134567 0.16998442737294445 
0.3081540770385192 0.17289908496138495 
0.30865432716358177 0.1758729129215252 
0.3091545772886443 0.17890720727128004 
0.3096548274137068 0.18200321840816858 
0.31015507753876936 0.18516214905152684 
0.3106553276638319 0.18838515239436024 
0.3111555777888944 0.19167333046752272 
0.31165582791395696 0.19502773271807541 
0.3121560780390195 0.1984493548029049 
0.312656328164082 0.2019391375978525 
0.31315657828914456 0.2054979664219331 
0.31365682841420706 0.20912667047543423 
0.3141570785392696 0.21282602249003307 
0.31465732866433216 0.21659673858840478 
0.31515757878939465 0.2204394783501471 
0.3156578289144572 0.22435484508029413 
0.31615807903951976 0.22834338627607925 
0.31665832916458225 0.23240559428713747 
0.3171585792896448 0.23654190716380072 
0.31765882941470736 0.24075270968771698 
0.31815907953976985 0.24503833457859225 
0.3186593296648324 0.24939906387045088 
0.3191595797898949 0.2538351304505105 
0.31965982991495745 0.2583467197533599 
0.32016008004002 0.26293397160294907 
0.3206603301650825 0.2675969821945353 
0.32116058029014505 0.2723358062085957 
0.3216608304152076 0.27715045904843627 
0.3221610805402701 0.28204091919312935 
0.32266133066533265 0.287007130657206 
0.3231615807903952 0.2920490055484336 
0.3236618309154577 0.2971664267149173 
0.32416208104052024 0.302359250472654 
0.32466233116558274 0.30762730940465166 
0.3251625812906453 0.3129704152226297 
0.32566283141570784 0.31838836168235196 
0.32616308154077034 0.3238809275435869 
0.3266633316658329 0.329447879565706 
0.32716358179089544 0.33508897552998 
0.32766383191595794 0.34080396727959483 
0.3281640820410205 0.34659260376853207 
0.32866433216608304 0.35245463411042705 
0.32916458229114554 0.35838981061863834 
0.3296648324162081 0.36439789182879223 
0.33016508254127064 0.37047864549515963 
0.33066533266633313 0.3766318515522896 
0.3311655827913957 0.382857305033438 
0.3316658329164582 0.38915481893740017 
0.33216608304152073 0.39552422703547147 
0.3326663331665833 0.40196538661040326 
0.3331665832916458 0.4084781811192713 
0.33366683341670833 0.41506252277238787 
0.3341670835417709 0.42171835502047444 
0.3346673336668334 0.4284456549424657 
0.33516758379189593 0.4352444355265022 
0.3356678339169585 0.4421147478368259 
0.336168084042021 0.4490566830594633 
0.3366683341670835 0.4560703744197967 
0.337168584292146 0.4631559989653659 
0.3376688344172086 0.470313779207388 
0.3381690845422711 0.47754398461483505 
0.3386693346673336 0.4848469329550847 
0.3391695847923962 0.49222299147551707 
0.3396698349174587 0.49967257792066094 
0.3401700850425212 0.5071961613798905 
0.34067033516758377 0.5147942629609622 
0.3411705852926463 0.522467456285101 
0.3416708354177088 0.5302163677996868 
0.34217108554277137 0.5380416769050652 
0.34267133566783387 0.5459441158924089 
0.3431715857928964 0.5539244696900251 
0.34367183591795897 0.5619835754160356 
0.34417208604302146 0.5701223217358055 
0.344672336168084 0.5783416480231107 
0.34517258629314657 0.586642543324535 
0.34567283641820906 0.5950260451272028 
0.3461730865432716 0.603493237930582 
0.34667333666833416 0.61204525162367 
0.34717358679339666 0.6206832596695646 
0.3476738369184592 0.6294084771000793 
0.34817408704352176 0.6382221583237412 
0.34867433716858426 0.6471255947511702 
0.3491745872936468 0.6561201122426411 
0.3496748374187093 0.6652070683832145 
0.35017508754377186 0.674387849591652 
0.3506753376688344 0.6836638680699935 
0.3511755877938969 0.6930365586014156 
0.35167583791895946 0.7025073752047202 
0.352176088044022 0.7120777876544893 
0.3526763381690845 0.721749277876651 
0.35317658829414705 0.7315233362299128 
0.3536768384192096 0.7414014576841569 
0.3541770885442721 0.7513851379075169 
0.35467733866933465 0.76147586927456 
0.35517758879439715 0.7716751368084758 
0.3556778389194597 0.7819844140707927 
0.35617808904452225 0.7924051590126813 
0.35667833916958475 0.8029388098022671 
0.3571785892946473 0.8135867806429488 
0.35767883941970985 0.8243504575979591 
0.35817908954477234 0.8352311944368163 
0.3586793396698349 0.8462303085195317 
0.35917958979489745 0.8573490767346806 
0.35967983991995994 0.8685887315075103 
0.3601800900450225 0.879950456894444 
0.360680340170085 0.8914353847802386 
0.36118059029514754 0.9030445911940325 
0.3616808404202101 0.9147790927603963 
0.3621810905452726 0.9266398433012262 
0.36268134067033514 0.938627730604101 
0.3631815907953977 0.9507435733722726 
0.3636818409204602 0.9629881183710831 
0.36418209104552274 0.975362037785025 
0.3646823411705853 0.9878659267990946 
0.3651825912956478 1.0005003014173632 
0.36568284142071034 1.0132655965309862 
0.3661830915457729 1.026162164247018 
0.3666833416708354 1.0391902724884368 
0.36718359179589793 1.0523501038749739 
0.36768384192096043 1.0656417548930819 
0.368184092046023 1.0790652353624788 
0.36868434217108553 1.0926204682054104 
0.36918459229614803 1.1063072895236241 
0.3696848424212106 1.1201254489867383 
0.37018509254627313 1.1340746105344413 
0.3706853426713356 1.1481543533935152 
0.3711855927963982 1.162364173409378 
0.37168584292146073 1.17670348469039 
0.3721860930465232 1.1911716215616952 
0.3726863431715858 1.2057678408240322 
0.3731865932966483 1.220491324311336 
0.3736868434217108 1.2353411817396418 
0.3741870935467734 1.2503164538382627 
0.37468734367183587 1.26541611575279 
0.3751875937968984 1.2806390807080767 
0.375687843921961 1.2959842039179532 
0.37618809404702347 1.3114502867270688 
0.376688344172086 1.3270360809689739 
0.37718859429714857 1.3427402935232955 
0.37768884442221107 1.358561591053612 
0.3781890945472736 1.3744986049066026 
0.3786893446723361 1.390549936151904 
0.37918959479739867 1.40671416074115 
0.3796898449224612 1.4229898347638448 
0.3801900950475237 1.439375499776798 
0.38069034517258626 1.4558696881832869 
0.3811905952976488 1.4724709286374251 
0.3816908454227113 1.489177751448748 
0.38219109554777386 1.5059886939616864 
0.3826913456728364 1.5229023058843172 
0.3831915957978989 1.5399171545406123 
0.38369184592296146 1.557031830020474 
0.38419209604802396 1.5742449502018834 
0.3846923461730865 1.591555165619751 
0.38519259629814906 1.6089611641564665 
0.38569284642321155 1.6264616755295462 
0.3861930965482741 1.6440554755525218 
0.38669334667333666 1.6617413901458566 
0.38719359679839915 1.6795182990756072 
0.3876938469234617 1.6973851393985524 
0.38819409704852426 1.7153409085935871 
0.38869434717358675 1.7333846673604438 
0.3891945972986493 1.7515155420681614 
0.38969484742371185 1.7697327268371368 
0.39019509754877435 1.7880354852401479 
0.3906953476738369 1.8064231516094573 
0.3911955977988994 1.8248951319386992 
0.39169584792396195 1.8434509043702219 
0.3921960980490245 1.8620900192603391 
0.392696348174087 1.880812098816901 
0.39319659829914955 1.899616836305667 
0.3936968484242121 1.918503994823939 
0.3941970985492746 1.9374734056419904 
0.39469734867433715 1.9565249661150492 
0.3951975987993997 1.9756586371705422 
0.3956978489244622 1.9948744403775827 
0.39619809904952474 2.0141724546077233 
0.39669834917458724 2.0335528122981463 
0.3971985992996498 2.053015695330474 
0.39769884942471234 2.072561330540515 
0.39819909954977484 2.0921899848761263 
0.3986993496748374 2.1119019602224327 
0.39919959979989994 2.1316975879153617 
0.39969984992496244 2.151577222966336 
0.400200100050025 2.1715412380225576 
0.40070035017508754 2.1915900170889886 
0.40120060030015003 2.211723949039491 
0.4017008504252126 2.2319434209460356 
0.4022011005502751 2.2522488112560577 
0.40270135067533763 2.2726404828491216 
0.4032016008004002 2.2931187760050302 
0.4037018509254627 2.3136840013162745 
0.40420210105052523 2.3343364325783615 
0.4047023511755878 2.355076299692093 
0.4052026013006503 2.3759037816120565 
0.40570285142571283 2.3968189993758737 
0.4062031015507754 2.417822009248679 
0.4067033516758379 2.43891279601701 
0.4072036018009004 2.4600912664661005 
0.407703851925963 2.481357243073895 
0.4082041020510255 2.5027104579543797 
0.408704352176088 2.5241505470820935 
0.4092046023011505 2.5456770448283885 
0.4097048524262131 2.5672893788390603 
0.4102051025512756 2.5889868652813735 
0.4107053526763381 2.6107687044870973 
0.41120560280140067 2.6326339770164697 
0.4117058529264632 2.6545816401661826 
0.4122061030515257 2.676610524942491 
0.41270635317658827 2.698719333518562 
0.4132066033016508 2.720906637192932 
0.4137068534267133 2.7431708748636003 
0.41420710355177587 2.7655103520300273 
0.41470735367683836 2.7879232403327356 
0.4152076038019009 2.81040757763763 
0.41570785392696347 2.832961268669731 
0.41620810405202596 2.855582086198138 
0.4167083541770885 2.878267672771539 
0.41720860430215106 2.90101554300081 
0.41770885442721356 2.923823086382511 
0.4182091045522761 2.946687570654434 
0.41870935467733866 2.969606145671737 
0.41920960480240116 2.9925758477893565 
0.4197098549274637 3.0155936047340566 
0.4202101050525262 3.038656240946759 
0.42071035517758876 3.0617604833733827 
0.4212106053026513 3.084902967680155 
0.4217108554277138 3.1080802448669127 
0.42221110555277636 3.131288788249976 
0.4227113556778389 3.1545250007839654 
0.4232116058029014 3.177785222690195 
0.42371185592796395 3.201065739357424 
0.4242121060530265 3.224362789479304 
0.424712356178089 3.2476725733912883 
0.42521260630315155 3.2709912615687116 
0.4257128564282141 3.2943150032465587 
0.4262131065532766 3.31763993512066 
0.42671335667833915 3.340962190089405 
0.42721360680340165 3.364277905994514 
0.4277138569284642 3.38758323431928 
0.42821410705352675 3.410874348802566 
0.42871435717858924 3.4341474539269825 
0.4292146073036518 3.4573987932401806 
0.42971485742871435 3.480624657468621 
0.43021510755377684 3.5038213923840558 
0.4307153576788394 3.5269854063839823 
0.43121560780390195 3.550113177748485 
0.43171585792896444 3.573201261537252 
0.432216108054027 3.596246296092274 
0.4327163581790895 3.6192450091133397 
0.43321660830415204 3.6421942232755344 
0.4337168584292146 3.6650908613600155 
0.4342171085542771 3.687931950871577 
0.43471735867933964 3.7107146281190495 
0.4352176088044022 3.733436141737051 
0.4357178589294647 3.756093855630322 
0.43621810905452724 3.7786852513247124 
0.4367183591795898 3.8012079297117456 
0.4372186093046523 3.8236596121766655 
0.43771885942971483 3.846038141102949 
0.43821910955477733 3.868341479749366 
0.4387193596798399 3.890567711498763 
0.43921960980490243 3.912715038480985 
0.43971985992996493 3.934781779575433 
0.4402201100550275 3.956766367802006 
0.44072036018009003 3.978667347112209 
0.4412206103051525 4.0004833685953685 
0.4417208604302151 4.022213186117902 
0.44222111055527763 4.043855651416536 
0.4427213606803401 4.065409708669219 
0.4432216108054027 4.0868743885702905 
0.44372186093046523 4.108248801939019 
0.4442221110555277 4.129532132893194 
0.4447223611805903 4.150723631621793 
0.44522261130565277 4.17182260679292 
0.4457228614307153 4.192828417635223 
0.4462231115557779 4.213740465732947 
0.44672336168084037 4.234558186576194 
0.4472236118059029 4.255281040909659 
0.44772386193096547 4.275908505924149 
0.44822411205602797 4.296440066336275 
0.4487243621810905 4.316875205402471 
0.44922461230615307 4.337213395914057 
0.44972486243121557 4.3574540912203314 
0.4502251125562781 4.377596716326812 
0.4507253626813406 4.397640659115531 
0.45122561280640316 4.4175852617339055 
0.4517258629314657 4.437429812198071 
0.4522261130565282 4.457173536255668 
0.45272636318159076 4.476815589551922 
0.4532266133066533 4.496355050141654 
0.4537268634317158 4.515790911388058 
0.45422711355677836 4.535122075287587 
0.4547273636818409 4.554347346258025 
0.4552276138069034 4.573465425424846 
0.45572786393196596 4.592474905438452 
0.45622811405702846 4.611374265852445 
0.456728364182091 4.630161869090229 
0.45722861430715356 4.648835957024545 
0.45772886443221605 4.667394648191375 
0.4582291145572786 4.685835935656656 
0.45872936468234116 4.704157685550947 
0.45922961480740365 4.722357636283856 
0.4597298649324662 4.740433398446735 
0.46023011505752875 4.758382455408567 
0.46073036518259125 4.776202164606622 
0.4612306153076538 4.7938897595297885 
0.4617308654327163 4.811442352389182 
0.46223111555777885 4.828856937466887 
0.4627313656828414 4.846130395130485 
0.4632316158079039 4.863259496497351 
0.46373186593296645 4.880240908729569 
0.464232116058029 4.897071200936978 
0.4647323661830915 4.913746850662609 
0.46523261630815405 4.93026425092191 
0.4657328664332166 4.946619717764184 
0.4662331165582791 4.9628094983218025 
0.46673336668334164 4.978829779310407 
0.4672336168084042 4.994676695940704 
0.4677338669334667 5.01034634120032 
0.46823411705852924 5.025834775462238 
0.46873436718359174 5.041138036374411 
0.4692346173086543 5.056252148983746 
0.46973486743371684 5.071173136046174 
0.47023511755877934 5.085897028473512 
0.4707353676838419 5.100419875866984 
0.47123561780890444 5.1147377570866555 
0.47173586793396693 5.128846790805684 
0.4722361180590295 5.14274314599827 
0.47273636818409204 5.156423052310371 
0.47323661830915453 5.1698828102626235 
0.4737368684342171 5.183118801235724 
0.4742371185592796 5.196127497189404 
0.47473736868434213 5.20890547006741 
0.4752376188094047 5.221449400842284 
0.4757378689344672 5.23375608815552 
0.47623811905952973 5.245822456510577 
0.4767383691845923 5.257645563978301 
0.4772386193096548 5.2692226093768255 
0.47773886943471733 5.280550938890421 
0.4782391195597799 5.291628052094643 
0.4787393696848424 5.302451607357914 
0.4792396198099049 5.313019426592926 
0.4797398699349674 5.32332949933429 
0.48024012006003 5.333379986122315 
0.4807403701850925 5.343169221176281 
0.481240620310155 5.3526957143439535 
0.48174087043521757 5.361958152317972 
0.4822411205602801 5.370955399113156 
0.4827413706853426 5.379686495802653 
0.48324162081040517 5.388150659514544 
0.4837418709354677 5.396347281694237 
0.4842421210605302 5.4042759256416755 
0.48474237118559277 5.411936323336095 
0.4852426213106553 5.419328371564667 
0.4857428714357178 5.426452127374846 
0.48624312156078037 5.433307802873726 
0.48674337168584286 5.439895759401041 
0.4872436218109054 5.446216501105551 
0.48774387193596797 5.452270667957726 
0.48824412206103046 5.458059028234362 
0.488744372186093 5.463582470513645 
0.48924462231115556 5.468841995221465 
0.48974487243621806 5.47383870577231 
0.4902451225612806 5.478573799349949 
0.49074537268634316 5.483048557375099 
0.49124562281140566 5.487264335708838 
0.4917458729364682 5.491222554641839 
0.4922461230615307 5.4949246887206815 
0.49274637318659326 5.498372256463326 
0.4932466233116558 5.501566810016366 
0.4937468734367183 5.504509924807017 
0.49424712356178085 5.50720318924287 
0.4947473736868434 5.509648194512136 
0.4952476238119059 5.511846524536651 
0.49574787393696845 5.513799746129134 
0.496248124062031 5.515509399405083 
0.4967483741870935 5.516976988498556 
0.49724862431215605 5.518203972629284 
0.49774887443721855 5.519191757567056 
0.4982491245622811 5.519941687536998 
0.49874937468734365 5.52045503760733 
0.49924962481240615 5.520733006598572 
0.4997498749374687 5.520776710550555 
0.5002501250625312 5.520587176780691 
0.5007503751875938 5.52016533856395 
0.5012506253126563 5.5195120304617715 
0.5017508754377188 5.518627984323777 
0.5022511255627814 5.517513825982749 
0.5027513756878439 5.51617007265967 
0.5032516258129064 5.5145971310920965 
0.503751875937969 5.512795296395218 
0.5042521260630315 5.510764751661402 
0.504752376188094 5.508505568299979 
0.5052526263131566 5.506017707115421 
0.5057528764382191 5.503301020118065 
0.5062531265632816 5.5003552530578625 
0.5067533766883441 5.4971800486678974 
0.5072536268134067 5.493774950600652 
0.5077538769384692 5.490139408036557 
0.5082541270635317 5.486272780940741 
0.5087543771885943 5.482174345940664 
0.5092546273136568 5.4778433027940245 
0.5097548774387193 5.473278781413309 
0.5102551275637819 5.468479849410448 
0.5107553776888444 5.463445520122397 
0.5112556278139069 5.458174761075885 
0.5117558779389695 5.452666502847378 
0.512256128064032 5.446919648272184 
0.5127563781890945 5.440933081954901 
0.5132566283141571 5.434705680031691 
0.5137568784392196 5.42823632013376 
0.5142571285642821 5.421523891500165 
0.5147573786893447 5.414567305187419 
0.5152576288144072 5.407365504322837 
0.5157578789394697 5.399917474348237 
0.5162581290645323 5.392222253200775 
0.5167583791895948 5.384278941377922 
0.5172586293146573 5.376086711834191 
0.5177588794397199 5.367644819658057 
0.5182591295647824 5.358952611478732 
0.5187593796898449 5.350009534553674 
0.5192596298149074 5.340815145489491 
0.51975987993997 5.331369118550677 
0.5202601300650325 5.321671253512776 
0.520760380190095 5.311721483018921 
0.5212606303151576 5.301519879401143 
0.5217608804402201 5.29106666093072 
0.5222611305652826 5.280362197464653 
0.5227613806903452 5.269407015458504 
0.5232616308154077 5.258201802319031 
0.5237618809404702 5.246747410073527 
0.5242621310655328 5.235044858336119 
0.5247623811905953 5.223095336555013 
0.5252626313156578 5.210900205528315 
0.5257628814407204 5.198460998179704 
0.5262631315657829 5.185779419589149 
0.5267633816908454 5.17285734627759 
0.527263631815908 5.159696824748262 
0.5277638819409705 5.146300069291269 
0.528264132066033 5.132669459061606 
0.5287643821910956 5.118807534444621 
0.5292646323161581 5.104716992726489 
0.5297648824412206 5.090400683090853 
0.530265132566283 5.07586160096603 
0.5307653826913457 5.061102881750743 
0.5312656328164082 5.046127793949161 
0.5317658829414706 5.030939731749303 
0.5322661330665333 5.01554220708133 
0.5327663831915957 4.999938841195228 
0.5332666333166582 4.984133355799426 
0.5337668834417209 4.968129563804305 
0.5342671335667833 4.951931359716402 
0.5347673836918458 4.935542709730867 
0.5352676338169085 4.918967641571149 
0.535767883941971 4.902210234126138 
0.5362681340670334 4.885274606935937 
0.536768384192096 4.868164909578058 
0.5372686343171585 4.8508853110063646 
0.537768884442221 4.833439988895109 
0.5382691345672836 4.815833119040374 
0.5387693846923461 4.798068864870755 
0.5392696348174086 4.780151367118609 
0.5397698849424712 4.762084733701976 
0.5402701350675337 4.743873029866495 
0.5407703851925962 4.725520268634865 
0.5412706353176588 4.7070304016098286 
0.5417708854427213 4.688407310174886 
0.5422711355677838 4.6696547971345685 
0.5427713856928463 4.650776578833937 
0.5432716358179089 4.631776277794349 
0.5437718859429714 4.612657415899791 
0.5442721360680339 4.593423408165235 
0.5447723861930965 4.574077557115298 
0.545272636318159 4.5546230477984135 
0.5457728864432215 4.535062943458333 
0.5462731365682841 4.515400181881256 
0.5467733866933466 4.495637572433588 
0.5472736368184091 4.475777793801522 
0.5477738869434717 4.455823392440071 
0.5482741370685342 4.435776781735579 
0.5487743871935967 4.4156402418819765 
0.5492746373186593 4.395415920467344 
0.5497748874437218 4.3751058337638025 
0.5502751375687843 4.354711868710089 
0.5507753876938469 4.33423578557257 
0.5512756378189094 4.313679221267105 
0.5517758879439719 4.293043693320764 
0.5522761380690345 4.2723306044491025 
0.552776388194097 4.251541247721673 
0.5532766383191595 4.2306768122855285 
0.5537768884442221 4.2097383896134435 
0.5542771385692846 4.188726980241315 
0.5547773886943471 4.1676435009565065 
0.5552776388194096 4.14648879239681 
0.5557778889444722 4.1252636270175875 
0.5562781390695347 4.103968717383075 
0.5567783891945972 4.082604724736091 
0.5572786393196598 4.061172267799096 
0.5577788894447223 4.039671931758717 
0.5582791395697848 4.018104277384753 
0.5587793896948474 3.9964698502343095 
0.5592796398199099 3.9747691898913997 
0.5597798899449724 3.953002839192299 
0.560280140070035 3.931171353387086 
0.5607803901950975 3.909275309188511 
0.56128064032016 3.887315313659821 
0.5617808904452226 3.8652920128942836 
0.5622811405702851 3.843206100440406 
0.5627813906953476 3.821058325428266 
0.5632816408204102 3.798849500353993 
0.5637818909454727 3.776580508481552 
0.5642821410705352 3.7542523108228996 
0.5647823911955978 3.7318659526599434 
0.5652826413206603 3.7094225695743765 
0.5657828914457228 3.6869233929539353 
0.5662831415707853 3.6643697549465135 
0.5667833916958479 3.641763092836647 
0.5672836418209104 3.619104952821772 
0.5677838919459729 3.5963969931690367 
0.5682841420710355 3.573640986736584 
0.568784392196098 3.550838822846705 
0.5692846423211605 3.527992508501626 
0.5697848924462231 3.505104168936058 
0.5702851425712856 3.4821760475043266 
0.5707853926963481 3.4592105049031545 
0.5712856428214107 3.436210017734683 
0.5717858929464732 3.4131771764178773 
0.5722861430715357 3.390114682459623 
0.5727863931965983 3.367025345100252 
0.5732866433216608 3.3439120773513906 
0.5737868934467233 3.320777891447226 
0.5742871435717859 3.2976258937330556 
0.5747873936968484 3.27445927901812 
0.5752876438219109 3.2512813244222416 
0.5757878939469735 3.228095382748291 
0.576288144072036 3.2049048754151013 
0.5767883941970985 3.1817132849873673 
0.5772886443221611 3.1585241473411916 
0.5777888944472236 3.135341043505696 
0.5782891445722861 3.1121675912226356 
0.5787893946973486 3.089007436267345 
0.5792896448224112 3.065864243575324 
0.5797898949474737 3.042741688219838 
0.5802901450725362 3.01964344628636 
0.5807903951975988 2.996573185690114 
0.5812906453226613 2.9735345569832057 
0.5817908954477238 2.9505311841976583 
0.5822911455727864 2.927566655770291 
0.5827913956978489 2.9046445155949434 
0.5832916458229114 2.8817682542466296 
0.583791895947974 2.858941300421162 
0.5842921460730365 2.8361670126326257 
0.584792396198099 2.8134486712095295 
0.5852926463231616 2.7907894706287437 
0.5857928964482241 2.7681925122245876 
0.5862931465732866 2.7456607973082683 
0.5867933966983492 2.7231972207305737 
0.5872936468234117 2.700804564918512 
0.5877938969484742 2.6784854944138696 
0.5882941470735368 2.6562425509389724 
0.5887943971985993 2.6340781490122867 
0.5892946473236618 2.6119945721334257 
0.5897948974487243 2.589993969554095 
0.5902951475737869 2.568078353648681 
0.5907953976988494 2.5462495978947066 
0.5912956478239119 2.524509435470504 
0.5917958979489745 2.5028594584740134 
0.592296148074037 2.481301117763625 
0.5927963981990995 2.4598357234186037 
0.5932966483241621 2.438464445813542 
0.5937968984492246 2.4171883172981845 
0.5942971485742871 2.396008234470836 
0.5947973986993497 2.3749249610305787 
0.5952976488244122 2.353939131190652 
0.5957978989494747 2.3330512536325516 
0.5962981490745373 2.3122617159775976 
0.5967983991995998 2.2915707897503816 
0.5972986493246623 2.2709786358059265 
0.5977988994497249 2.250485310190168 
0.5982991495747874 2.2300907704013775 
0.5987993996998499 2.2097948820181723 
0.5992996498249125 2.1895974256579933 
0.599799899949975 2.1694981042285537 
0.6003001500750375 2.1494965504333456 
0.6008004002001001 2.129592334491124 
0.6013006503251626 2.10978497202859 
0.601800900450225 2.0900739321046355 
0.6023011505752875 2.0704586453240617 
0.6028014007003502 2.050938511998631 
0.6033016508254126 2.031512910313038 
0.6038019009504751 2.012181204453814 
0.6043021510755378 1.9929427526593873 
0.6048024012006002 1.973796915150414 
0.6053026513256627 1.9547430619000956 
0.6058029014507254 1.935780580205369 
0.6063031515757878 1.9169088820211628 
0.6068034017008503 1.898127411021189 
0.607303651825913 1.8794356493505189 
0.6078039019509754 1.8608331240369111 
0.6083041520760379 1.8423194130298504 
0.6088044022011005 1.8238941508383 
0.609304652326163 1.805557033740544 
0.6098049024512255 1.787307824541765 
0.6103051525762881 1.7691463568575079 
0.6108054027013506 1.7510725389038677 
0.6113056528264131 1.7330863567777888 
0.6118059029514757 1.71518787721369 
0.6123061530765382 1.6973772498054334 
0.6128064032016007 1.6796547086855222 
0.6133066533266633 1.6620205736561846 
0.6138069034517258 1.6444752507700526 
0.6143071535767883 1.6270192323609254 
0.6148074037018508 1.6096530965279794 
0.6153076538269134 1.5923775060796566 
0.6158079039519759 1.5751932069462389 
0.6163081540770384 1.5581010260728594 
0.616808404202101 1.5411018688072462 
0.6173086543271635 1.5241967157992504 
0.617808904452226 1.5073866194314836 
0.6183091545772886 1.4906726998027608 
0.6188094047023511 1.474056140288405 
0.6193096548274136 1.4575381827033642 
0.6198099049524762 1.4411201220960796 
0.6203101550775387 1.4248033012029027 
0.6208104052026012 1.4085891045943668 
0.6213106553276638 1.3924789525460375 
0.6218109054527263 1.376474294668057 
0.6223111555777888 1.3605766033284254 
0.6228114057028514 1.3447873669059913 
0.6233116558279139 1.3291080829098667 
0.6238119059529764 1.3135402510024106 
0.624312156078039 1.2980853659631992 
0.6248124062031015 1.2827449106316255 
0.625312656328164 1.2675203488655158 
0.6258129064532265 1.2524131185529745 
0.6263131565782891 1.2374246247141423 
0.6268134067033516 1.2225562327288577 
0.6273136568284141 1.2078092617254188 
0.6278139069534767 1.1931849781645296 
0.6283141570785392 1.1786845896513578 
0.6288144072036017 1.1643092390072962 
0.6293146573286643 1.1500599986313513 
0.6298149074537268 1.1359378651795768 
0.6303151575787893 1.1219437545890896 
0.6308154077038519 1.108078497471162 
0.6313156578289144 1.0943428348960476 
0.6318159079539769 1.0807374145898299 
0.6323161580790395 1.0672627875614218 
0.632816408204102 1.0539194051755238 
0.6333166583291645 1.0407076166849065 
0.6338169084542271 1.027627667232913 
0.6343171585792896 1.014679696334638 
0.6348174087043521 1.0018637368426728 
0.6353176588294147 0.9891797144007027 
0.6358179089544772 0.9766274473858623 
0.6363181590795397 0.9642066473380413 
0.6368184092046023 0.9519169198719073 
0.6373186593296648 0.9397577660649876 
0.6378189094547273 0.9277285843126309 
0.6383191595797898 0.9158286726383891 
0.6388194097048524 0.9040572314460253 
0.6393196598299149 0.8924133666972203 
0.6398199099549774 0.8808960934968888 
0.64032016008004 0.8695043400660497 
0.6408204102051025 0.8582369520803244 
0.641320660330165 0.8470926973503939 
0.6418209104552276 0.8360702708191062 
0.6423211605802901 0.825168299848468 
0.6428214107053526 0.8143853497684632 
0.6433216608304152 0.8037199296583729 
0.6438219109554777 0.793170498330414 
0.6443221610805402 0.7827354704845183 
0.6448224112056028 0.7724132230024727 
0.6453226613306653 0.7622021013491506 
0.6458229114557278 0.7521004260481515 
0.6463231615807904 0.7421064991990738 
0.6468234117058529 0.7322186110035883 
0.6473236618309154 0.7224350462677435 
0.647823911955978 0.7127540908481106 
0.6483241620810405 0.7031740380101071 
0.648824412206103 0.6936931946673314 
0.6493246623311655 0.6843098874715822 
0.6498249124562281 0.6750224687243394 
0.6503251625812906 0.665829322081452 
0.6508254127063531 0.656728868024124 
0.6513256628314157 0.6477195690706394 
0.6518259129564782 0.6387999347048174 
0.6523261630815407 0.6299685259987688 
0.6528264132066033 0.6212239599092682 
0.6533266633316658 0.6125649132289218 
0.6538269134567283 0.6039901261751277 
0.6543271635817909 0.5954984056018965 
0.6548274137068534 0.5870886278215898 
0.6553276638319159 0.5787597410257614 
0.6558279139569785 0.5705107672963615 
0.656328164082041 0.5623408042008442 
0.6568284142071035 0.554249025966753 
0.6573286643321661 0.5462346842336716 
0.6578289144572286 0.5382971083825413 
0.6583291645822911 0.5304357054445409 
0.6588294147073537 0.5226499595938414 
0.6593296648324162 0.51493943123066 
0.6598299149574787 0.5073037556631146 
0.6603301650825413 0.4997426413983002 
0.6608304152076038 0.49225586805498656 
0.6613306653326663 0.4848432839122054 
0.6618309154577288 0.47750480310963517 
0.6623311655827914 0.47024040251748095 
0.6628314157078539 0.4630501182950195 
0.6633316658329164 0.45593404215846245 
0.663831915957979 0.44889231738006014 
0.6643321660830415 0.4419251345416491 
0.664832416208104 0.43503272706689605 
0.6653326663331666 0.42821536655731934 
0.6658329164582291 0.42147335795818536 
0.6663331665832916 0.4148070345808308 
0.6668334167083542 0.4082167530085968 
0.6673336668334167 0.4017028879139152 
0.6678339169584792 0.39526582681430045 
0.6683341670835418 0.3889059647950802 
0.6688344172086043 0.382623699226685 
0.6693346673336668 0.3764194245040698 
0.6698349174587294 0.37029352683549416 
0.6703351675837919 0.36424637910749225 
0.6708354177088544 0.358278335852121 
0.671335667833917 0.3523897283419446 
0.6718359179589795 0.3465808598373215 
0.672336168084042 0.340852001009526 
0.6728364182091046 0.33520338556219964 
0.673336668334167 0.3296352060724164 
0.6738369184592296 0.32414761007131515 
0.674337168584292 0.3187406963828778 
0.6748374187093547 0.313414511737979 
0.6753376688344171 0.3081690476792324 
0.6758379189594796 0.30300423777060204 
0.6763381690845423 0.297919955124015 
0.6768384192096047 0.2929160102535356 
0.6773386693346672 0.28799214926589334 
0.6778389194597298 0.2831480523943108 
0.6783391695847923 0.27838333288087236 
0.6788394197098548 0.27369753621076753 
0.6793396698349174 0.2690901396999289 
0.6798399199599799 0.26456055243582505 
0.6803401700850424 0.26010811556934094 
0.680840420210105 0.2557321029538624 
0.6813406703351675 0.2514317221260556 
0.68184092046023 0.247206115621035 
0.6823411705852926 0.24305436261303867 
0.6828414207103551 0.23897548087114168 
0.6833416708354176 0.2349684290180213 
0.6838419209604802 0.23103210907832605 
0.6843421710855427 0.2271653693019387 
0.6848424212106052 0.22336700724602973 
0.6853426713356677 0.21963577309872884 
0.6858429214607303 0.21597037322611795 
0.6863431715857928 0.21236947392329714 
0.6868434217108553 0.2088317053493823 
0.6873436718359179 0.20535566562557034 
0.6878439219609804 0.20193992507477126 
0.6883441720860429 0.19858303058069762 
0.6888444222111055 0.19528351004404523 
0.689344672336168 0.19203987691291674 
0.6898449224612305 0.18885063476463612 
0.6903451725862931 0.18571428191592473 
0.6908454227113556 0.1826293160385146 
0.6913456728364181 0.17959423875747352 
0.6918459229614807 0.1766075602097169 
0.6923461730865432 0.17366780354068942 
0.6928464232116057 0.17077350931760477 
0.6933466733366683 0.16792323983829024 
0.6938469234617308 0.16511558331538542 
0.6943471735867933 0.1623491579164259 
0.6948474237118559 0.15962261564124255 
0.6953476738369184 0.15693464601908888 
0.6958479239619809 0.15428397960895485 
0.6963481740870435 0.15166939128762946 
0.696848424212106 0.14908970331132793 
0.6973486743371685 0.1465437881378462 
0.697848924462231 0.1440305709976317 
0.6983491745872936 0.14154903220338577 
0.6988494247123561 0.13909820918928725 
0.6993496748374186 0.13667719827229205 
0.6998499249624812 0.13428515612940803 
0.7003501750875437 0.1319213009863349 
0.7008504252126062 0.12958491351424273 
0.7013506753376688 0.1272753374330144 
0.7018509254627313 0.12499197982065235 
0.7023511755877938 0.12273431113005175 
0.7028514257128564 0.12050186491572325 
0.7033516758379189 0.1182942372744384 
0.7038519259629814 0.11611108600517986 
0.704352176088044 0.11395212949501018 
0.7048524262131065 0.11181714533882188 
0.705352676338169 0.10970596870210128 
0.7058529264632316 0.10761849043702247 
0.7063531765882941 0.10555465496323131 
0.7068534267133566 0.10351445792582509 
0.7073536768384192 0.10149794364381781 
0.7078539269634817 0.09950520236342285 
0.7083541770885442 0.09753636733119407 
0.7088544272136067 0.0955916117027816 
0.7093546773386693 0.09367114530376273 
0.7098549274637318 0.09177521125945289 
0.7103551775887943 0.08990408251116495 
0.7108554277138569 0.08805805823665548 
0.7113556778389194 0.08623746019283103 
0.7118559279639819 0.0844426289989969 
0.7123561780890445 0.08267392037890552 
0.712856428214107 0.0809317013800638 
0.7133566783391695 0.0792163465884519 
0.7138569284642321 0.07752823435682815 
0.7143571785892946 0.07586774306442746 
0.7148574287143571 0.0742352474255567 
0.7153576788394197 0.07263111486416977 
0.7158579289644822 0.07105570197101435 
0.7163581790895447 0.06950935105938058 
0.7168584292146073 0.06799238683479929 
0.7173586793396698 0.06650511319340821 
0.7178589294647323 0.06504781016286275 
0.7183591795897949 0.06362073099889021 
0.7188594297148574 0.062224099449700476 
0.7193596798399199 0.06085810719954085 
0.7198599299649825 0.059522911501696425 
0.720360180090045 0.058218633010286444 
0.7208604302151075 0.05694535381910987 
0.72136068034017 0.05570311571478466 
0.7218609304652326 0.054491918650302645 
0.7223611805902951 0.05331171944404174 
0.7228614307153576 0.05216243070819614 
0.7233616808404202 0.05104392000939055 
0.7238619309654827 0.04995600926324222 
0.7243621810905452 0.04889847436342091 
0.7248624312156078 0.04787104504474227 
0.7253626813406703 0.04687340497871074 
0.7258629314657328 0.04590519209885651 
0.7263631815907954 0.04496599915221529 
0.7268634317158579 0.0440553744722833 
0.7273636818409204 0.04317282296776068 
0.727863931965983 0.04231780732055866 
0.7283641820910455 0.04148974938557348 
0.728864432216108 0.04068803178391121 
0.7293646823411706 0.039911999680468956 
0.7298649324662331 0.03916096273602597 
0.7303651825912956 0.038434197223288634 
0.7308654327163582 0.03773094829570958 
0.7313656828414207 0.03705043239737232 
0.7318659329664832 0.03639183980160633 
0.7323661830915458 0.035754337265706225 
0.7328664332166083 0.0351370707885695 
0.7333666833416708 0.03453916845788326 
0.7338669334667333 0.03395974337313215 
0.7343671835917959 0.033397896630562016 
0.7348674337168584 0.03285272035608835 
0.7353676838419209 0.03232330077202924 
0.7358679339669835 0.0318087212836158 
0.736368184092046 0.03130806557123328 
0.7368684342171085 0.03082042067446406 
0.7373686843421711 0.03034488005423122 
0.7378689344672336 0.02988054661952422 
0.7383691845922961 0.02942653570551762 
0.7388694347173587 0.02898197799022779 
0.7393696848424212 0.028546022337250062 
0.7398699349674837 0.02811783855256285 
0.7403701850925463 0.027696620043900857 
0.7408704352176088 0.027281586371724044 
0.7413706853426713 0.02687198568134858 
0.7418709354677339 0.02646709700652707 
0.7423711855927964 0.026066232435268767 
0.7428714357178589 0.02566873912951826 
0.7433716858429215 0.02527400119090508 
0.743871935967984 0.024881441365588133 
0.7443721860930465 0.02449052258189046 
0.744872436218109 0.02410074931530001 
0.7453726863431716 0.02371166877608832 
0.745872936468234 0.02332287191565226 
0.7463731865932965 0.022933994248474365 
0.7468734367183592 0.022544716487373526 
0.7473736868434216 0.022154764990604047 
0.7478739369684841 0.02176391202002174 
0.7483741870935467 0.021371975810489226 
0.7488744372186092 0.02097882045134464 
0.7493746873436717 0.020584355581611705 
0.7498749374687343 0.020188535901355133 
0.7503751875937968 0.019791360502327732 
0.7508754377188593 0.019392872021776152 
0.751375687843922 0.018993155623946576 
0.7518759379689844 0.018592337814536262 
0.7523761880940469 0.018190585093959096 
0.7528764382191095 0.017788102455880323 
0.753376688344172 0.0173851317380993 
0.7538769384692345 0.016981949833355013 
0.7543771885942971 0.01657886676820092 
0.7548774387193596 0.016176223658462895 
0.7553776888444221 0.01577439055039318 
0.7558779389694847 0.01537376415680322 
0.7563781890945472 0.014974765498080612 
0.7568784392196097 0.014577837458029715 
0.7573786893446722 0.014183442265002231 
0.7578789394697348 0.013792058908815071 
0.7583791895947973 0.013404180504270823 
0.7588794397198598 0.013020311612173943 
0.7593796898449224 0.012640965528869886 
0.7598799399699849 0.012266661555363444 
0.7603801900950474 0.011897922257160517 
0.76088044022011 0.011535270725831243 
0.7613806903451725 0.01117922785338354 
0.761880940470235 0.010830309630287825 
0.7623811905952976 0.010489024477946418 
0.7628814407203601 0.010155870626178197 
0.7633816908454226 0.009831333546061494 
0.7638819409704852 0.009515883448261382 
0.7643821910955477 0.009209972856599231 
0.7648824412206102 0.008914034266397815 
0.7653826913456728 0.008628477896676838 
0.7658829414707353 0.008353689544952194 
0.7663831915957978 0.008090028552933115 
0.7668834417208604 0.00783782589096678 
0.7673836918459229 0.0075973823686285025 
0.7678839419709854 0.0073689669783297464 
0.7683841920960479 0.007152815378299457 
0.7688844422211105 0.006949128520760653 
0.769384692346173 0.0067580714305310215 
0.7698849424712355 0.006579772138742042 
0.7703851925962981 0.006414320775741267 
0.7708854427213606 0.006261768826630021 
0.7713856928464231 0.006122128552275133 
0.7718859429714857 0.005995372578040058 
0.7723861930965482 0.005881433651758298 
0.7728864432216107 0.005780204571936531 
0.7733866933466733 0.005691538286409278 
0.7738869434717358 0.0056152481611481874 
0.7743871935967983 0.005551108418166531 
0.7748874437218609 0.005498854740904452 
0.7753876938469234 0.005458185044783443 
0.7758879439719859 0.005428760410026841 
0.7763881940970485 0.0054102061732054126 
0.776888444222111 0.005402113173337024 
0.7773886943471735 0.0054040391478552535 
0.7778889444722361 0.005415510273041405 
0.7783891945972986 0.005436022843092114 
0.7788894447223611 0.0054650450813750725 
0.7793896948474237 0.005502019076906856 
0.7798899449724862 0.005546362838580674 
0.7803901950975487 0.005597472459271894 
0.7808904452226112 0.005654724381364035 
0.7813906953476738 0.005717477754954648 
0.7818909454727363 0.0057850768795126555 
0.7823911955977988 0.00585685371943898 
0.7828914457228614 0.005932130483665445 
0.7833916958479239 0.006010222259099023 
0.7838919459729864 0.006090439687494715 
0.784392196098049 0.006172091675086591 
0.7848924462231115 0.006254488124144775 
0.785392696348174 0.0063369426754978884 
0.7858929464732366 0.006418775450894794 
0.7863931965982991 0.006499315784097242 
0.7868934467233616 0.006577904929464856 
0.7873936968484242 0.006653898736943144 
0.7878939469734867 0.006726670282308184 
0.7883941970985492 0.006795612441683162 
0.7888944472236118 0.00686014039946961 
0.7893946973486743 0.006919694079022521 
0.7898949474737368 0.006973740485645831 
0.7903951975987994 0.0070217759517183604 
0.7908954477238619 0.007063328274108396 
0.7913956978489244 0.007097958734359804 
0.791895947973987 0.00712526399256673 
0.7923961980990495 0.00714487784620606 
0.792896448224112 0.00715647284579652 
0.7933966983491745 0.007159761759616256 
0.7938969484742371 0.007154498880340352 
0.7943971985992996 0.00714048116705604 
0.7948974487243621 0.007117549216631452 
0.7953976988494247 0.007085588059132463 
0.7958979489744872 0.007044527772638509 
0.7963981990995497 0.006994343913451623 
0.7968984492246123 0.006935057758473873 
0.7973986993496748 0.006866736357249055 
0.7978989494747373 0.006789492391866956 
0.7983991995997999 0.006703483843807925 
0.7988994497248624 0.006608913467502803 
0.7993996998499249 0.006506028071213387 
0.7998999499749875 0.00639511760663433 
0.80040020010005 0.00627651406947308 
0.8009004502251125 0.006150590213976449 
0.8014007003501751 0.006017758085290977 
0.8019009504752376 0.005878467374259566 
0.8024012006003001 0.0057332036000806155 
0.8029014507253627 0.005582486127069793 
0.8034017008504252 0.005426866022449826 
0.8039019509754877 0.005266923762919954 
0.8044022011005502 0.00510326679841798 
0.8049024512256128 0.004936526982205954 
0.8054027013506753 0.004767357877093175 
0.8059029514757378 0.004596431948203876 
0.8064032016008004 0.004424437653335181 
0.8069034517258629 0.004252076442446313 
0.8074037018509254 0.004080059678437622 
0.807903951975988 0.0039091054917283884 
0.8084042021010505 0.003739935581653078 
0.808904452226113 0.0035732719780334566 
0.8094047023511756 0.0034098337765896963 
0.8099049524762381 0.0032503338621530063 
0.8104052026013006 0.0030954756338246727 
0.8109054527263632 0.0029459497463799867 
0.8114057028514257 0.002802430882295765 
0.8119059529764882 0.002665574568828119 
0.8124062031015508 0.00253601405451783 
0.8129064532266133 0.002414357259387529 
0.8134067033516758 0.0023011838129708174 
0.8139069534767384 0.002197042194008053 
0.8144072036018009 0.0021024469854904948 
0.8149074537268634 0.0020178762581791582 
0.815407703851926 0.0019437690955229287 
0.8159079539769885 0.0018805232722383957 
0.816408204102051 0.001828493098376509 
0.8169084542271134 0.0017879874400602458 
0.817408704352176 0.0017592679274430316 
0.8179089544772385 0.0017425473596455125 
0.818409204602301 0.0017379883157965855 
0.8189094547273637 0.0017457019803477796 
0.8194097048524261 0.001765747190007073 
0.8199099549774886 0.0017981297088177973 
0.8204102051025512 0.001842801736781556 
0.8209104552276137 0.0018996616565800741 
0.8214107053526762 0.0019685540218956623 
0.8219109554777388 0.002049269789709004 
0.8224112056028013 0.0021415467979681033 
0.8229114557278638 0.002245070488884256 
0.8234117058529264 0.0023594748769888165 
0.8239119559779889 0.0024843437600012446 
0.8244122061030514 0.0026192121694022666 
0.824912456228114 0.002763568056478824 
0.8254127063531765 0.002916854208538636 
0.825912956478239 0.00307847038879677 
0.8264132066033016 0.003247775692426764 
0.8269134567283641 0.003424091110153583 
0.8274137068534266 0.0036067022897120116 
0.8279139569784892 0.003794862484512607 
0.8284142071035517 0.0039877956778648 
0.8289144572286142 0.004184699870180298 
0.8294147073536767 0.004384750515634404 
0.8299149574787393 0.004587104094045165 
0.8304152076038018 0.004790901802857648 
0.8309154577288643 0.004995273353389494 
0.8314157078539269 0.005199340854929385 
0.8319159579789894 0.005402222769633327 
0.8324162081040519 0.005603037920622892 
0.8329164582291145 0.005800909535350697 
0.833416708354177 0.005994969305847997 
0.8339169584792395 0.006184361447223696 
0.8344172086043021 0.006368246735632138 
0.8349174587293646 0.006545806506752443 
0.8354177088544271 0.006716246595881621 
0.8359179589794897 0.006878801200716899 
0.8364182091045522 0.0070327366481725525 
0.8369184592296147 0.007177355046762305 
0.8374187093546773 0.007311997806410818 
0.8379189594797398 0.00743604900803268 
0.8384192096048023 0.007548938605700176 
0.8389194597298649 0.0076501454448472395 
0.8394197098549274 0.007739200080616514 
0.8399199599799899 0.007815687381291904 
0.8404202101050524 0.007879248902520319 
0.840920460230115 0.007929585019049562 
0.8414207103551775 0.007966456801648668 
0.84192096048024 0.00798968762800082 
0.8424212106053026 0.007999164517413419 
0.8429214607303651 0.007994839180520097 
0.8434217108554276 0.007976728776271489 
0.8439219609804902 0.007944916369908031 
0.8444222111055527 0.007899551086899827 
0.8449224612306152 0.007840847959258738 
0.8454227113556778 0.007769087462059938 
0.8459229614807403 0.007684614739386737 
0.8464232116058028 0.007587838520459878 
0.8469234617308654 0.007479229728153225 
0.8474237118559279 0.007359319783536403 
0.8479239619809904 0.007228698611657827 
0.848424212106053 0.007088012355171496 
0.8489244622311155 0.006937960803888866 
0.849424712356178 0.006779294549784185 
0.8499249624812406 0.006612811878362857 
0.8504252126063031 0.0064393554086823405 
0.8509254627313656 0.006259808495586307 
0.8514257128564282 0.006075091409050024 
0.8519259629814907 0.005886157306694742 
0.8524262131065532 0.005693988016649707 
0.8529264632316157 0.005499589649089023 
0.8534267133566783 0.005303988055685467 
0.8539269634817408 0.005108224157170068 
0.8544272136068033 0.004913349160030665 
0.8549274637318659 0.004720419684054802 
0.8554277138569284 0.00453049282312225 
0.8559279639819909 0.004344621162139983 
0.8564282141070535 0.004163847773437824 
0.856928464232116 0.003989201216328283 
0.8574287143571785 0.003821690563607381 
0.8579289644822411 0.0036623004790476005 
0.8584292146073036 0.003511986369732932 
0.8589294647323661 0.0033716696371058744 
0.8594297148574287 0.003242233050203044 
0.8599299649824912 0.0031245162643537107 
0.8604302151075537 0.003019311507934678 
0.8609304652326163 0.002927359459365564 
0.8614307153576788 0.002849345335702346 
0.8619309654827413 0.0027858952133830543 
0.8624312156078039 0.002737572600802861 
0.8629314657328664 0.0027048752813210756 
0.8634317158579289 0.002688232444154564 
0.8639319659829914 0.0026880021194620736 
0.864432216108054 0.002704468932506183 
0.8649324662331165 0.002737842190487904 
0.865432716358179 0.002788254314053162 
0.8659329664832416 0.0028557596240229 
0.8664332166083041 0.0029403334922288218 
0.8669334667333666 0.0030418718636478076 
0.8674337168584292 0.0031601911553563364 
0.8679339669834917 0.003295028536004471 
0.8684342171085542 0.0034460425877403823 
0.8689344672336168 0.0036128143506681193 
0.8694347173586793 0.003794848748109437 
0.8699349674837418 0.0039915763890266695 
0.8704352176088044 0.004202355742172264 
0.8709354677338669 0.00442647567467256 
0.8714357178589294 0.004663158345886379 
0.871935967983992 0.004911562445642364 
0.8724362181090545 0.005170786764166862 
0.872936468234117 0.00543987407930407 
0.8734367183591796 0.0057178153449775684 
0.8739369684842421 0.006003554163228439 
0.8744372186093046 0.006295991520682325 
0.8749374687343672 0.006593990768796511 
0.8754377188594297 0.006896382825925365 
0.8759379689844922 0.007201971577965243 
0.8764382191095547 0.007509539453160347 
0.8769384692346173 0.007817853145634839 
0.8774387193596798 0.008125669461248831 
0.8779389694847423 0.008431741258567858 
0.8784392196098049 0.0087348234570497 
0.8789394697348674 0.009033679083952214 
0.8794397198599299 0.009327085331114659 
0.8799399699849925 0.009613839592389034 
0.880440220110055 0.009892765452349786 
0.8809404702351175 0.01016271859699816 
0.8814407203601801 0.01042259261716754 
0.8819409704852426 0.010671324675700755 
0.882441220610305 0.010907901009870005 
0.8829414707353677 0.011131362241054021 
0.8834417208604302 0.011340808464385314 
0.8839419709854927 0.011535404091935488 
0.8844422211105553 0.011714382424007354 
0.8849424712356178 0.011877049924098505 
0.8854427213606803 0.012022790174514787 
0.8859429714857429 0.012151067490793456 
0.8864432216108054 0.012261430174689544 
0.8869434717358678 0.012353513387029483 
0.8874437218609305 0.012427041623393326 
0.887943971985993 0.012481830777483272 
0.8884442221110554 0.012517789778756332 
0.8889444722361179 0.01253492179303088 
0.8894447223611806 0.01253332497668852 
0.889944972486243 0.01251319277722894 
0.8904452226113055 0.012474813775131587 
0.8909454727363681 0.012418571064084416 
0.8914457228614306 0.012344941168943946 
0.8919459729864931 0.012254492503011867 
0.8924462231115557 0.012147883368472735 
0.8929464732366182 0.01202585950612443 
0.8934467233616807 0.011889251202738748 
0.8939469734867433 0.01173896996671517 
0.8944472236118058 0.011576004784786922 
0.8949474737368683 0.011401417974768246 
0.8954477238619309 0.011216340651444551 
0.8959479739869934 0.011021967824682465 
0.8964482241120559 0.010819553150886117 
0.8969484742371185 0.010610403360776344 
0.897448724362181 0.010395872388216766 
0.8979489744872435 0.010177355226602286 
0.8984492246123061 0.009956281540775418 
0.8989494747373686 0.009734109063984269 
0.8994497248624311 0.009512316810672767 
0.8999499749874936 0.009292398137067767 
0.9004502251125562 0.009075853682637513 
0.9009504752376187 0.008864184226264797 
0.9014507253626812 0.008658883491869237 
0.9019509754877438 0.008461430938619613 
0.9024512256128063 0.008273284571457339 
0.9029514757378688 0.008095873807734402 
0.9034517258629314 0.007930592435946642 
0.9039519759879939 0.007778791702418237 
0.9044522261130564 0.007641773561459034 
0.904952476238119 0.007520784124152335 
0.9054527263631815 0.0074170073402457055 
0.905952976488244 0.007331558946829933 
0.9064532266133066 0.0072654807165447675 
0.9069534767383691 0.007219735036883803 
0.9074537268634316 0.0071951998509324905 
0.9079539769884942 0.00719266398832299 
0.9084542271135567 0.007212822913674184 
0.9089544772386192 0.007256274917989604 
0.9094547273636818 0.007323517776560012 
0.9099549774887443 0.007414945894991837 
0.9104552276138068 0.007530847962674285 
0.9109554777388694 0.007671405130914154 
0.9114557278639319 0.007836689730435874 
0.9119559779889944 0.008026664540598943 
0.9124562281140569 0.008241182620070469 
0.9129564782391195 0.008479987706070103 
0.913456728364182 0.008742715186693392 
0.9139569784892445 0.009028893647963217 
0.9144572286143071 0.009337946994626067 
0.9149574787393696 0.009669197140822792 
0.9154577288644321 0.010021867263995374 
0.9159579789894947 0.01039508561259237 
0.9164582291145572 0.01078788985534086 
0.9169584792396197 0.011199231957101489 
0.9174587293646823 0.011627983563582057 
0.9179589794897448 0.012072941874573844 
0.9184592296148073 0.012532835982705801 
0.9189594797398699 0.013006333652275454 
0.9194597298649324 0.013492048510203605 
0.9199599799899949 0.013988547618932094 
0.9204602301150575 0.014494359398798012 
0.92096048024012 0.015007981865401093 
0.9214607303651825 0.015527891145492129 
0.9219609804902451 0.016052550233160566 
0.9224612306153076 0.01658041794644639 
0.9229614807403701 0.017109958043030168 
0.9234617308654326 0.017639648452380037 
0.9239619809904952 0.018167990580599893 
0.9244622311155577 0.018693518643343628 
0.9249624812406202 0.019214808981393355 
0.9254627313656828 0.0197304893130036 
0.9259629814907453 0.02023924787679308 
0.9264632316158078 0.020739842418823033 
0.9269634817408704 0.021231108977672823 
0.9274637318659329 0.02171197042154419 
0.9279639819909954 0.02218144469203819 
0.928464232116058 0.022638652709922217 
0.9289644822411205 0.023082825899182452 
0.929464732366183 0.023513313286833072 
0.9299649824912456 0.023929588137270787 
0.9304652326163081 0.024331254081575854 
0.9309654827413706 0.024718050703889643 
0.9314657328664332 0.025089858548974157 
0.9319659829914957 0.025446703517180817 
0.9324662331165582 0.02578876061538209 
0.9329664832416208 0.026116357034880185 
0.9334667333666833 0.0264299745299559 
0.9339669834917458 0.026730251073516596 
0.9344672336168084 0.027017981769193348 
0.9349674837418709 0.02729411900231643 
0.9354677338669334 0.027559771815341586 
0.9359679839919959 0.02781620449654888 
0.9364682341170585 0.028064834374213823 
0.936968484242121 0.028307228811825173 
0.9374687343671835 0.028545101403462815 
0.9379689844922461 0.028780307371888365 
0.9384692346173086 0.029014838175535424 
0.9389694847423711 0.029250815334086713 
0.9394697348674337 0.029490483485946684 
0.9399699849924962 0.029736202694378076 
0.9404702351175587 0.029990440022709845 
0.9409704852426213 0.030255760402356793 
0.9414707353676838 0.030534816820893648 
0.9419709854927463 0.030830339860696086 
0.9424712356178089 0.03114512662191075 
0.9429714857428714 0.03148202906667497 
0.9434717358679339 0.031843941824411505 
0.9439719859929965 0.03223378950099687 
0.944472236118059 0.03265451353726435 
0.9449724862431215 0.03310905866484702 
0.9454727363681841 0.033600359009793544 
0.9459729864932466 0.03413132389650036 
0.9464732366183091 0.034704823406618526 
0.9469734867433717 0.03532367374924452 
0.9474737368684342 0.035990622500411906 
0.9479739869934967 0.03670833377113926 
0.9484742371185592 0.0374793733644684 
0.9489744872436218 0.03830619398279563 
0.9494747373686843 0.03919112054738925 
0.9499749874937468 0.040136335692458336 
0.9504752376188094 0.04114386549614612 
0.9509754877438719 0.04221556551081339 
0.9514757378689344 0.04335310715450578 
0.951975987993997 0.04455796452492162 
0.9524762381190595 0.04583140169627683 
0.952976488244122 0.04717446055826264 
0.9534767383691846 0.048587949254998944 
0.9539769884942471 0.050072431280107015 
0.9544772386193096 0.05162821528221969 
0.9549774887443722 0.05325534563306096 
0.9554777388694347 0.054953593807881354 
0.9559779889944972 0.056722450625429105 
0.9564782391195598 0.05856111939186107 
0.9569784892446223 0.06046850998992184 
0.9574787393696848 0.06244323395160836 
0.9579789894947474 0.06448360054908095 
0.9584792396198099 0.06658761393501376 
0.9589794897448723 0.06875297135994685 
0.9594797398699348 0.07097706249024746 
0.9599799899949975 0.0732569698463524 
0.96048024012006 0.0755894703768641 
0.9609804902451224 0.07797103817985558 
0.961480740370185 0.08039784837845579 
0.9619809904952475 0.08286578215346288 
0.96248124062031 0.0853704329313121 
0.9629814907453726 0.08790711372132415 
0.9634817408704351 0.09047086559168994 
0.9639819909954976 0.09305646726921465 
0.9644822411205602 0.09565844584346002 
0.9649824912456227 0.0982710885514989 
0.9654827413706852 0.10088845561519533 
0.9659829914957478 0.10350439409869433 
0.9664832416208103 0.10611255274956415 
0.9669834917458728 0.10870639778311243 
0.9674837418709354 0.11127922956535408 
0.9679839919959979 0.11382420014637042 
0.9684842421210604 0.11633433159216931 
0.968984492246123 0.11880253505966555 
0.9694847423711855 0.12122163055615712 
0.969984992496248 0.12358436732158104 
0.9704852426213106 0.12588344476895874 
0.9709854927463731 0.12811153391579277 
0.9714857428714356 0.13026129923680616 
0.9719859929964981 0.13232542086621188 
0.9724862431215607 0.13429661707583457 
0.9729864932466232 0.13616766695372098 
0.9734867433716857 0.13793143320656362 
0.9739869934967483 0.1395808850081153 
0.9744872436218108 0.1411091208150298 
0.9749874937468733 0.1425093910709823 
0.9754877438719359 0.1437751207197658 
0.9759879939969984 0.14489993144804503 
0.9764882441220609 0.1458776635789619 
0.9769884942471235 0.14670239753823092 
0.977488744372186 0.14736847481556223 
0.9779889944972485 0.1478705183452802 
0.9784892446223111 0.14820345223173742 
0.9789894947473736 0.1483625207467335 
0.9794897448724361 0.14834330652847746 
0.9799899949974987 0.1481417479137585 
0.9804902451225612 0.1477541553378758 
0.9809904952476237 0.14717722673952777 
0.9814907453726863 0.14640806191112757 
0.9819909954977488 0.1454441757384033 
0.9824912456228113 0.14428351027655556 
0.9829914957478738 0.1429244456142512 
0.9834917458729364 0.14136580948058963 
0.9839919959979989 0.1396068855543427 
0.9844922461230614 0.1376474204391715 
0.984992496248124 0.1354876292729857 
0.9854927463731865 0.133128199944201 
0.985992996498249 0.13057029589239807 
0.9864932466233116 0.12781555747574147 
0.9869934967483741 0.12486610189241688 
0.9874937468734366 0.121724521648294 
0.9879939969984992 0.11839388156813872 
0.9884942471235617 0.1148777143525875 
0.9889944972486242 0.11118001468836325 
0.9894947473736868 0.10730523192401316 
0.9899949974987493 0.10325826132872776 
0.9904952476238118 0.09904443395651853 
0.9909954977488744 0.09466950514309691 
0.9914957478739369 0.09013964166753902 
0.9919959979989994 0.08546140761554487 
0.992496248124062 0.08064174898565055 
0.9929964982491245 0.07568797708428933 
0.993496748374187 0.07060775075975498 
0.9939969984992496 0.06540905752936373 
0.9944972486243121 0.06010019365793582 
0.9949974987493746 0.05468974324958084 
0.9954977488744371 0.04918655641808477 
0.9959979989994997 0.04359972660468475 
0.9964982491245622 0.037938567114926595 
0.9969984992496247 0.032212586949125065 
0.9974987493746873 0.026431466003457985 
0.9979989994997498 0.020605029721015265 
0.9984992496248123 0.01474322327401651 
0.9989994997498749 0.008856085360170395 
0.9994997498749374 0.0029537216974265938 
1.0 0.0 
