xdata ydata 
0.0 0.038335726880667734 
0.0005002501250625312 0.03833687432325341 
0.0010005002501250625 0.03833916805969464 
0.0015007503751875936 0.038342605794043784 
0.002001000500250125 0.038347184086158066 
0.0025012506253126563 0.0383528983562272 
0.003001500750375187 0.038359742890797785 
0.0035017508754377185 0.03836771085028437 
0.00400200100050025 0.03837679427795445 
0.004502251125562781 0.03838698411037301 
0.0050025012506253125 0.038398270189286966 
0.005502751375687844 0.038410641274929776 
0.006003001500750374 0.038424085060726 
0.006503251625812906 0.038438588189366275 
0.007003501750875437 0.038454136270229936 
0.007503751875937968 0.038470713898123586 
0.0080040020010005 0.0384883046733018 
0.00850425212606303 0.0385068912227423 
0.009004502251125562 0.03852645522263191 
0.009504752376188093 0.03854697742203203 
0.010005002501250625 0.03856843766767958 
0.010505252626313155 0.038590814929883324 
0.011005502751375688 0.03861408732947308 
0.011505752876438218 0.03863823216575521 
0.012006003001500749 0.038663225945428085 
0.01250625312656328 0.03868904441241033 
0.013006503251625811 0.03871566257853172 
0.013506753376688344 0.03874305475503609 
0.014007003501750874 0.03877119458484424 
0.014507253626813406 0.03880005507552418 
0.015007503751875937 0.03882960863291404 
0.015507753876938469 0.038859827095344 
0.016008004002001 0.03889068176839997 
0.01650825412706353 0.038922143460174086 
0.01700850425212606 0.038954182516944866 
0.017508754377188594 0.03898676885922904 
0.018009004502251125 0.03901987201814911 
0.018509254627313655 0.039053461172056186 
0.019009504752376186 0.03908750518335269 
0.01950975487743872 0.03912197263545649 
0.02001000500250125 0.03915683186984649 
0.02051025512756378 0.03919205102313568 
0.02101050525262631 0.03922759806411051 
0.02151075537768884 0.039263440830683345 
0.022011005502751375 0.039299547066698505 
0.022511255627813906 0.039335884458538944 
0.023011505752876436 0.039372420671475554 
0.023511755877938967 0.039409123385708324 
0.024012006003001497 0.03944596033204418 
0.02451225612806403 0.03948289932715845 
0.02501250625312656 0.03951990830839192 
0.025512756378189092 0.03955695536803043 
0.026013006503251623 0.03959400878702024 
0.026513256628314157 0.039631037068071785 
0.027013506753376687 0.03966800896810554 
0.027513756878439218 0.03970489352999595 
0.028014007003501748 0.03974166011357102 
0.02851425712856428 0.039778278425826444 
0.029014507253626812 0.039814718550314786 
0.029514757378689343 0.03985095097567218 
0.030015007503751873 0.03988694662324847 
0.030515257628814404 0.039922676873803443 
0.031015507753876938 0.03995811359324184 
0.03151575787893947 0.03999322915735369 
0.032016008004002 0.04002799647553394 
0.03251625812906453 0.0400623890134555 
0.03301650825412706 0.04009638081467105 
0.03351675837918959 0.04012994652112312 
0.03401700850425212 0.040163061392542804 
0.03451725862931466 0.040195701324718176 
0.03501750875437719 0.04022784286662037 
0.03551775887943972 0.0402594632363711 
0.03601800900450225 0.040290540336042194 
0.03651825912956478 0.040321052765279794 
0.03701850925462731 0.04035097983374262 
0.03751875937968984 0.040380301572355205 
0.03801900950475237 0.04040899874336871 
0.0385192596298149 0.04043705284923325 
0.03901950975487744 0.04046444614028081 
0.03951975987993997 0.04049116162122344 
0.0400200100050025 0.0405171830564737 
0.04052026013006503 0.0405424949742938 
0.04102051025512756 0.040567082669784635 
0.04152076038019009 0.04059093220672489 
0.04202101050525262 0.04061403041827537 
0.04252126063031515 0.04063636490656343 
0.04302151075537768 0.0406579240411643 
0.04352176088044022 0.04067869695649881 
0.04402201100550275 0.040698673548167925 
0.04452226113056528 0.040717844468245105 
0.04502251125562781 0.04073620111955236 
0.04552276138069034 0.04075373564894306 
0.04602301150575287 0.040770440939618235 
0.0465232616308154 0.04078631060250604 
0.047023511755877934 0.04080133896672985 
0.047523761880940464 0.04081552106919962 
0.048024012006002995 0.04082885264335321 
0.04852426213106553 0.04084133010708356 
0.04902451225612806 0.040852950549883534 
0.04952476238119059 0.040863711719242496 
0.05002501250625312 0.04087361200632856 
0.050525262631315654 0.040882650430995156 
0.051025512756378184 0.04089082662614514 
0.051525762881440715 0.04089814082148979 
0.052026013006503245 0.04090459382674193 
0.052526263131565776 0.040910187014277795 
0.05302651325662831 0.040914922301308845 
0.053526763381690844 0.04091880213159837 
0.054027013506753374 0.04092182945676463 
0.054527263631815905 0.040924007717206036 
0.055027513756878435 0.04092534082268925 
0.055527763881940966 0.04092583313263638 
0.056028014007003496 0.04092548943615172 
0.056528264132066026 0.04092431493182432 
0.05702851425712856 0.040922315207345024 
0.057528764382191094 0.040919496218975185 
0.058029014507253625 0.04091586427090438 
0.058529264632316155 0.040911425994533124 
0.059029514757378686 0.040906188327716926 
0.059529764882441216 0.040900158494006536 
0.06003001500750375 0.040893343981920696 
0.06053026513256628 0.040885752524283225 
0.06103051525762881 0.04087739207765906 
0.06153076538269134 0.040868270801921666 
0.062031015507753876 0.04085839703998331 
0.0625312656328164 0.04084777929771776 
0.06303151575787894 0.0408364262241073 
0.06353176588294146 0.04082434659164113 
0.064032016008004 0.040811549276992654 
0.06453226613306653 0.0407980432420046 
0.06503251625812906 0.04078383751500438 
0.0655327663831916 0.040768941172476765 
0.06603301650825412 0.040753363321115184 
0.06653326663331666 0.04073711308027618 
0.06703351675837918 0.040720199564854995 
0.06753376688344172 0.04070263186860503 
0.06803401700850424 0.04068441904791681 
0.06853426713356678 0.04066557010607735 
0.06903451725862932 0.04064609397802185 
0.06953476738369184 0.040625999515595965 
0.07003501750875438 0.04060529547334067 
0.0705352676338169 0.04058399049481286 
0.07103551775887944 0.04056209309945109 
0.07153576788394196 0.040539611669999816 
0.0720360180090045 0.04051655444049651 
0.07253626813406702 0.040492929484832636 
0.07303651825912956 0.04046874470589338 
0.0735367683841921 0.04044400782528001 
0.07403701850925462 0.04041872637362238 
0.07453726863431716 0.040392907681479275 
0.07503751875937968 0.04036655887083279 
0.07553776888444222 0.0403396868471756 
0.07603801900950474 0.040312298292188034 
0.07653826913456728 0.040284399657009466 
0.0770385192596298 0.0402559971560941 
0.07753876938469234 0.04022709676165298 
0.07803901950975488 0.04019770419867546 
0.0785392696348174 0.04016782494052422 
0.07903951975987994 0.04013746420509908 
0.07953976988494246 0.040106626951559726 
0.080040020010005 0.04007531787760229 
0.08054027013506752 0.04004354141727837 
0.08104052026013006 0.04001130173934775 
0.08154077038519258 0.03997860274615497 
0.08204102051025512 0.03994544807301784 
0.08254127063531766 0.039911841088115685 
0.08304152076038018 0.039877784892867384 
0.08354177088544272 0.03984328232278289 
0.08404202101050524 0.03980833594877822 
0.08454227113556778 0.03977294807893713 
0.0850425212606303 0.03973712076070723 
0.08554277138569284 0.03970085578351493 
0.08604302151075537 0.03966415468178375 
0.0865432716358179 0.03962701873834167 
0.08704352176088044 0.03958944898820122 
0.08754377188594296 0.03955144622269526 
0.0880440220110055 0.03951301099395437 
0.08854427213606803 0.039474143619709225 
0.08904452226113056 0.0394348441883986 
0.08954477238619309 0.039395112564570636 
0.09004502251125562 0.03935494839455816 
0.09054527263631815 0.03931435111241151 
0.09104552276138068 0.03927331994607403 
0.09154577288644322 0.039231853923780126 
0.09204602301150575 0.03918995188066475 
0.09254627313656828 0.039147612465561504 
0.0930465232616308 0.039104834147978655 
0.09354677338669334 0.03906161522523302 
0.09404702351175587 0.039017953829728676 
0.0945472736368184 0.03897384793636203 
0.09504752376188093 0.03892929537003971 
0.09554777388694347 0.03888429381329402 
0.09604802401200599 0.03883884081397921 
0.09654827413706853 0.038792933793035965 
0.09704852426213106 0.0387465700523087 
0.09754877438719359 0.038699746782401144 
0.09804902451225612 0.03865246107055888 
0.09854927463731865 0.038604709908562226 
0.09904952476238119 0.03855649020061951 
0.09954977488744371 0.03850779877124615 
0.10005002501250625 0.03845863237311969 
0.10055027513756877 0.03840898769489666 
0.10105052526263131 0.03835886136898123 
0.10155077538769385 0.0383082499792363 
0.10205102551275637 0.03825715006862359 
0.1025512756378189 0.03820555814676572 
0.10305152576288143 0.03815347069741912 
0.10355177588794397 0.038100884185850094 
0.10405202601300649 0.03804779506610406 
0.10455227613806903 0.03799419978816151 
0.10505252626313155 0.03794009480497195 
0.10555277638819409 0.03788547657935973 
0.10605302651325663 0.03783034159079394 
0.10655327663831915 0.03777468634201743 
0.10705352676338169 0.03771850736552868 
0.10755377688844421 0.037661801229910905 
0.10805402701350675 0.03760456454600477 
0.10855427713856927 0.037546793972918636 
0.10905452726363181 0.03748848622387401 
0.10955477738869433 0.03742963807188222 
0.11005502751375687 0.03737024635524908 
0.11055527763881941 0.037310307982903676 
0.11105552776388193 0.03724981993955246 
0.11155577788894447 0.03718877929065286 
0.11205602801400699 0.037127183187207306 
0.11255627813906953 0.03706502887037632 
0.11305652826413205 0.037002313675908415 
0.11355677838919459 0.03693903503838917 
0.11405702851425711 0.03687519049530607 
0.11455727863931965 0.03681077769093318 
0.11505752876438219 0.03674579438003198 
0.11555777888944471 0.03668023843137338 
0.11605802901450725 0.03661410783107864 
0.11655827913956977 0.03654740068578439 
0.11705852926463231 0.036480115225629044 
0.11755877938969483 0.036412249807066074 
0.11805902951475737 0.03634380291550534 
0.1185592796398199 0.03627477316778467 
0.11905952976488243 0.03620515931447353 
0.11955977988994497 0.036134960242014846 
0.1200600300150075 0.036064174974702885 
0.12056028014007003 0.03599280267650605 
0.12106053026513255 0.0359208426527334 
0.12156078039019509 0.035848294351551686 
0.12206103051525762 0.03577515736535435 
0.12256128064032015 0.03570143143198761 
0.12306153076538268 0.035627116435837075 
0.12356178089044521 0.035552212408779024 
0.12406203101550775 0.0354767195310005 
0.12456228114057027 0.03540063813169231 
0.1250625312656328 0.03532396868961998 
0.12556278139069535 0.03524671183357497 
0.12606303151575787 0.0351688683427128 
0.1265632816408204 0.03509043914678243 
0.12706353176588292 0.035011425326248444 
0.12756378189094547 0.034931828112314475 
0.128064032016008 0.0348516488868496 
0.12856428214107052 0.034770889182223694 
0.12906453226613307 0.034689550681054816 
0.1295647823911956 0.034607635215874545 
0.13006503251625812 0.03452514476871526 
0.13056528264132064 0.03444208147062245 
0.1310655327663832 0.03435844760109954 
0.13156578289144572 0.03427424558748535 
0.13206603301650824 0.03418947800427294 
0.13256628314157076 0.03410414757236961 
0.1330665332666333 0.03401825715830702 
0.13356678339169584 0.033931809773400566 
0.13406703351675836 0.033844808572865884 
0.1345672836418209 0.03375725685489501 
0.13506753376688344 0.03366915805969486 
0.13556778389194596 0.03358051576849444 
0.13606803401700848 0.033491333702522004 
0.13656828414207103 0.03340161572195677 
0.13706853426713356 0.03331136582485955 
0.13756878439219608 0.0332205881460828 
0.13806903451725863 0.03312928695616825 
0.13856928464232116 0.033037466660229074 
0.13906953476738368 0.032945131796825365 
0.1395697848924462 0.03285228703683161 
0.14007003501750875 0.03275893718230218 
0.14057028514257128 0.03266508716533531 
0.1410705352676338 0.03257074204693877 
0.14157078539269632 0.032475907015900106 
0.14207103551775888 0.03238058738766376 
0.1425712856428214 0.03228478860321631 
0.14307153576788392 0.03218851622798372 
0.14357178589294647 0.032091775950739775 
0.144072036018009 0.03199457358253083 
0.14457228614307152 0.031896915055616676 
0.14507253626813404 0.0317988064224283 
0.1455727863931966 0.031700253854546286 
0.14607303651825912 0.031601263641699746 
0.14657328664332164 0.031501842190786736 
0.1470735367683842 0.03140199602491837 
0.14757378689344672 0.031301731782486415 
0.14807403701850924 0.031201056216257246 
0.14857428714357176 0.03109997619248863 
0.14907453726863432 0.030998498690076197 
0.14957478739369684 0.030896630799723743 
0.15007503751875936 0.030794379723142477 
0.1505752876438219 0.030691752772277425 
0.15107553776888444 0.030588757368559927 
0.15157578789394696 0.03048540104219017 
0.15207603801900949 0.030381691431445593 
0.15257628814407204 0.030277636282017163 
0.15307653826913456 0.03017324344637299 
0.15357678839419708 0.03006852088314848 
0.1540770385192596 0.02996347665656336 
0.15457728864432216 0.029858118935864195 
0.15507753876938468 0.029752455994791902 
0.1555777888944472 0.029646496211074735 
0.15607803901950976 0.029540248065943808 
0.15657828914457228 0.029433720143672047 
0.1570785392696348 0.029326921131135858 
0.15757878939469733 0.029219859817395912 
0.15807903951975988 0.029112545093299587 
0.1585792896448224 0.029004985951101032 
0.15907953976988493 0.028897191484098906 
0.15957978989494745 0.028789170886290353 
0.16008004002001 0.028680933452040612 
0.16058029014507252 0.028572488575764717 
0.16108054027013505 0.028463845751622762 
0.1615807903951976 0.028355014573224886 
0.16208104052026012 0.028246004733346215 
0.16258129064532265 0.028136826023648615 
0.16308154077038517 0.028027488334409788 
0.16358179089544772 0.027918001654255956 
0.16408204102051024 0.027808376069897736 
0.16458229114557277 0.02769862176586794 
0.16508254127063532 0.027588749024258757 
0.16558279139569784 0.02747876822445661 
0.16608304152076037 0.027368689842874855 
0.1665832916458229 0.027258524452680396 
0.16708354177088544 0.027148282723513578 
0.16758379189594796 0.027037975421200157 
0.1680840420210105 0.026927613407453765 
0.168584292146073 0.026817207639565913 
0.16908454227113556 0.02670676917008358 
0.1695847923961981 0.02659630914647229 
0.1700850425212606 0.026485838810762666 
0.17058529264632316 0.02637536949918034 
0.17108554277138568 0.026264912641755525 
0.1715857928964482 0.026154479761914033 
0.17208604302151073 0.026044082476044454 
0.17258629314657328 0.02593373249304453 
0.1730865432716358 0.025823441613841345 
0.17358679339669833 0.025713221730887508 
0.17408704352176088 0.025603084827629786 
0.1745872936468234 0.025493042977950138 
0.17508754377188593 0.025383108345578876 
0.17558779389694845 0.02527329318347685 
0.176088044022011 0.025163609833187994 
0.17658829414707353 0.02505407072416022 
0.17708854427213605 0.024944688373033652 
0.17758879439719857 0.02483547538289705 
0.17808904452226113 0.024726444442509567 
0.17858929464732365 0.02461760832548926 
0.17908954477238617 0.024508979889467288 
0.17958979489744872 0.024400572075206694 
0.18009004502251125 0.024292397905686013 
0.18059029514757377 0.024184470485149066 
0.1810905452726363 0.02407680299811678 
0.18159079539769885 0.023969408708365843 
0.18209104552276137 0.023862300957870612 
0.1825912956478239 0.02375549316570999 
0.18309154577288644 0.02364899882693997 
0.18359179589794897 0.023542831511429732 
0.1840920460230115 0.023437004862664878 
0.18459229614807401 0.02333153259651634 
0.18509254627313657 0.02322642849997491 
0.1855927963981991 0.023121706429855247 
0.1860930465232616 0.02301738031146518 
0.18659329664832414 0.02291346413724613 
0.1870935467733867 0.02280997196538162 
0.1875937968984492 0.022706917918377853 
0.18809404702351173 0.022604316181614834 
0.18859429714857429 0.022502181001871506 
0.1890945472736368 0.022400526685824044 
0.18959479739869933 0.022299367598520695 
0.19009504752376186 0.022198718161832033 
0.1905952976488244 0.022098592852880978 
0.19109554777388693 0.021999006202451953 
0.19159579789894945 0.0218999727933817 
0.19209604802401198 0.02180150725893196 
0.19259629814907453 0.02170362428114961 
0.19309654827413705 0.02160633858921133 
0.19359679839919958 0.021509664957757236 
0.19409704852426213 0.021413618205215337 
0.19459729864932465 0.02131821319211887 
0.19509754877438718 0.02122346481941694 
0.1955977988994497 0.021129388026783512 
0.19609804902451225 0.021035997790922745 
0.19659829914957477 0.020943309123878824 
0.1970985492746373 0.020851337071345743 
0.19759879939969985 0.02076009671098454 
0.19809904952476237 0.020669603150748783 
0.1985992996498249 0.02057987152721839 
0.19909954977488742 0.020490917003949085 
0.19959979989994997 0.020402754769835253 
0.2001000500250125 0.020315400037489995 
0.20060030015007502 0.020228868041648244 
0.20110055027513754 0.02014317403758996 
0.2016008004002001 0.020058333299590555 
0.20210105052526262 0.019974361119398196 
0.20260130065032514 0.019891272804743475 
0.2031015507753877 0.019809083677880375 
0.2036018009004502 0.019727809074165527 
0.20410205102551274 0.019647464340674308 
0.20460230115057526 0.019568064834859906 
0.2051025512756378 0.019489625923255392 
0.20560280140070034 0.01941216298022314 
0.20610305152576286 0.019335691386754512 
0.2066033016508254 0.01926022652932056 
0.20710355177588793 0.019185783798778534 
0.20760380190095046 0.019112378589335368 
0.20810405202601298 0.01904002629757328 
0.20860430215107553 0.018968742321536516 
0.20910455227613806 0.01889854205988452 
0.20960480240120058 0.018829440911114045 
0.2101050525262631 0.018761454272851478 
0.21060530265132565 0.018694597541220055 
0.21110555277638818 0.01862888611028189 
0.2116058029014507 0.018564335371560155 
0.21210605302651325 0.018500960713641258 
0.21260630315157578 0.01843877752186301 
0.2131065532766383 0.018377801178087304 
0.21360680340170082 0.018318047060562274 
0.21410705352676337 0.01825953054387584 
0.2146073036518259 0.018202266999003743 
0.21510755377688842 0.018146271793450987 
0.21560780390195097 0.018091560291495012 
0.2161080540270135 0.01803814785452632 
0.21660830415207602 0.01798604984149368 
0.21710855427713854 0.017935281609453468 
0.2176088044022011 0.017885858514225687 
0.21810905452726362 0.017837795911159488 
0.21860930465232614 0.01779110915600924 
0.21910955477738867 0.01774581360592313 
0.21960980490245122 0.017701924620546858 
0.22011005502751374 0.01765945756324383 
0.22061030515257626 0.01761842780243303 
0.22111055527763882 0.01757885071304613 
0.22161080540270134 0.01754074167810755 
0.22211105552776386 0.017504116090435076 
0.22261130565282639 0.01746898935446727 
0.22311155577788894 0.017435376888213207 
0.22361180590295146 0.017403294125331783 
0.22411205602801398 0.017372756517336985 
0.22461230615307654 0.017343779535933735 
0.22511255627813906 0.017316378675481265 
0.22561280640320158 0.01729056945559001 
0.2261130565282641 0.017266367423847954 
0.22661330665332666 0.0172437881586806 
0.22711355677838918 0.01722284727234286 
0.2276138069034517 0.01720356041404448 
0.22811405702851423 0.017185943273210106 
0.22861430715357678 0.01717001158287225 
0.2291145572786393 0.017155781123198502 
0.22961480740370183 0.01714326772515454 
0.23011505752876438 0.017132487274299116 
0.2306153076538269 0.017123455714715165 
0.23111555777888942 0.017116189053073848 
0.23161580790395195 0.01711070336283259 
0.2321160580290145 0.017107014788565158 
0.23261630815407702 0.017105139550426102 
0.23311655827913955 0.017105093948744696 
0.2336168084042021 0.01710689436875264 
0.23411705852926462 0.01711055728543885 
0.23461730865432714 0.017116099268535155 
0.23511755877938967 0.017123536987630084 
0.23561780890445222 0.017132887217407904 
0.23611805902951474 0.017144166843013835 
0.23661830915457727 0.017157392865543204 
0.2371185592796398 0.017172582407651554 
0.23761880940470234 0.017189752719286983 
0.23811905952976486 0.01720892118353942 
0.2386193096548274 0.017230105322607436 
0.23911955977988994 0.017253322803879135 
0.23961980990495246 0.01727859144612585 
0.240120060030015 0.0173059292258066 
0.2406203101550775 0.017335354283477985 
0.24112056028014006 0.01736688493031288 
0.24162081040520259 0.017400539654718227 
0.2421210605302651 0.017436337129056075 
0.24262131065532766 0.01747429621645896 
0.24312156078039018 0.01751443597774218 
0.2436218109054527 0.01755677567840542 
0.24412206103051523 0.017601334795724455 
0.24462231115557778 0.01764813302592645 
0.2451225612806403 0.01769719029144847 
0.24562281140570283 0.017748526748274002 
0.24612306153076535 0.01780216279334441 
0.2466233116558279 0.017858119072042933 
0.24712356178089043 0.017916416485747294 
0.24762381190595295 0.01797707619944468 
0.2481240620310155 0.018040119649410602 
0.24862431215607803 0.018105568550942995 
0.24912456228114055 0.018173444906150676 
0.24962481240620307 0.01824377101179098 
0.2501250625312656 0.01831656946715363 
0.25062531265632815 0.018391863181985473 
0.2511255627813907 0.01846967538445457 
0.2516258129064532 0.018550029629146182 
0.25212606303151575 0.018632949805090587 
0.2526263131565783 0.018718460143814307 
0.2531265632816408 0.01880658522741569 
0.25362681340670334 0.018897349996655446 
0.25412706353176584 0.018990779759061608 
0.2546273136568284 0.019086900197044582 
0.25512756378189094 0.01918573737601543 
0.25562781390695344 0.019287317752506705 
0.256128064032016 0.019391668182289035 
0.25662831415707854 0.019498815928480965 
0.25712856428214104 0.019608788669646535 
0.2576288144072036 0.0197216145078779 
0.25812906453226614 0.019837321976857943 
0.25862931465732864 0.019955940049898244 
0.2591295647823912 0.02007749814795009 
0.2596298149074537 0.020202026147582552 
0.26013006503251623 0.02032955438892497 
0.2606303151575788 0.020460113683569047 
0.2611305652826413 0.020593735322426063 
0.26163081540770383 0.02073045108353764 
0.2621310655327664 0.020870293239832634 
0.2626313156578289 0.02101329456682905 
0.26313156578289143 0.02115948835027562 
0.263631815907954 0.021308908393730785 
0.2641320660330165 0.02146158902607209 
0.26463231615807903 0.021617565108936698 
0.2651325662831415 0.0217768720440853 
0.2656328164082041 0.02193954578068871 
0.2661330665332666 0.022105622822530698 
0.2666333166583291 0.022275140235126594 
0.2671335667833917 0.022448135652751625 
0.2676338169084542 0.02262464728537587 
0.2681340670335167 0.022804713925503976 
0.26863431715857927 0.022988374954914712 
0.2691345672836418 0.023175670351295995 
0.2696348174087043 0.02336664069477535 
0.27013506753376687 0.02356132717433866 
0.2706353176588294 0.023759771594136662 
0.2711355677838919 0.023962016379674007 
0.27163581790895447 0.024168104583879503 
0.27213606803401696 0.024378079893052355 
0.2726363181590795 0.024591986632681855 
0.27313656828414207 0.02480986977313893 
0.27363681840920456 0.02503177493523353 
0.2741370685342671 0.025257748395637197 
0.27463731865932967 0.025487837092164668 
0.27513756878439216 0.025722088628916485 
0.2756378189094547 0.025960551281272677 
0.27613806903451726 0.026203274000740028 
0.27663831915957976 0.02645030641964698 
0.2771385692846423 0.02670169885568364 
0.2776388194097048 0.026957502316283435 
0.27813906953476736 0.027217768502843572 
0.2786393196598299 0.027482549814780773 
0.2791395697848924 0.027751899353420213 
0.27963981990995496 0.028025870925710596 
0.2801400700350175 0.028304519047768668 
0.28064032016008 0.02858789894824255 
0.28114057028514255 0.028876066571495603 
0.2816408204102051 0.02916907858060575 
0.2821410705352676 0.029466992360176168 
0.28264132066033015 0.029769866018954726 
0.28314157078539265 0.030077758392258038 
0.2836418209104552 0.030390729044197425 
0.28414207103551775 0.030708838269702474 
0.28464232116058025 0.03103214709633735 
0.2851425712856428 0.03136071728590883 
0.28564282141070535 0.031694611335860635 
0.28614307153576785 0.032033892480448245 
0.2866433216608304 0.032378624691695106 
0.28714357178589295 0.03272887268012134 
0.28764382191095544 0.03308470189524356 
0.288144072036018 0.03344617852584143 
0.28864432216108055 0.0338133694999861 
0.28914457228614304 0.0341863424848266 
0.2896448224112056 0.034565165886129984 
0.2901450725362681 0.034949908847571105 
0.29064532266133064 0.035340641249766394 
0.2911455727863932 0.03573743370905016 
0.2916458229114557 0.03614035757598391 
0.29214607303651824 0.03654948493360024 
0.2926463231615808 0.03696488859537168 
0.2931465732866433 0.03738664210290188 
0.29364682341170584 0.03781481972333572 
0.2941470735367684 0.038249496446480895 
0.2946473236618309 0.03869074798163823 
0.29514757378689344 0.039138650754136285 
0.29564782391195593 0.03959328190156298 
0.2961480740370185 0.04005471926969286 
0.29664832416208103 0.04052304140810281 
0.29714857428714353 0.04099832756547265 
0.2976488244122061 0.04148065768456468 
0.29814907453726863 0.04197011239688008 
0.29864932466233113 0.042466773016982984 
0.2991495747873937 0.042970721536493325 
0.29964982491245623 0.04348204061773878 
0.3001500750375187 0.04400081358706388 
0.3006503251625813 0.04452712442779116 
0.3011505752876438 0.04506105777283135 
0.3016508254127063 0.0456026988969344 
0.3021510755377689 0.04615213370858223 
0.30265132566283137 0.04670944874151534 
0.3031515757878939 0.04727473114588975 
0.3036518259129565 0.04784806867906371 
0.30415207603801897 0.048429549696004 
0.3046523261630815 0.04901926313931595 
0.3051525762881441 0.04961729852888601 
0.30565282641320657 0.05022374595114155 
0.3061530765382691 0.05083869604791556 
0.30665332666333167 0.05146224000492253 
0.30715357678839417 0.052094469539836534 
0.3076538269134567 0.05273547688997085 
0.3081540770385192 0.05338535479955729 
0.30865432716358177 0.05404419650662259 
0.3091545772886443 0.05471209572946055 
0.3096548274137068 0.05538914665269651 
0.31015507753876936 0.05607544391294538 
0.3106553276638319 0.05677108258406011 
0.3111555777888944 0.05747615816197106 
0.31165582791395696 0.058190766549113294 
0.3121560780390195 0.058915004038446545 
0.312656328164082 0.05964896729706094 
0.31315657828914456 0.06039275334937503 
0.31365682841420706 0.06114645955992259 
0.3141570785392696 0.061910183615731605 
0.31465732866433216 0.06268402350829595 
0.31515757878939465 0.06346807751513901 
0.3156578289144572 0.06426244418097676 
0.31615807903951976 0.06506722229847574 
0.31665832916458225 0.06588251088861401 
0.3171585792896448 0.06670840918064473 
0.31765882941470736 0.06754501659166681 
0.31815907953976985 0.06839243270580732 
0.3186593296648324 0.06925075725301569 
0.3191595797898949 0.07012009008748094 
0.31965982991495745 0.07100053116566782 
0.32016008004002 0.07189218052398552 
0.3206603301650825 0.07279513825608729 
0.32116058029014505 0.07370950448981216 
0.3216608304152076 0.07463537936376984 
0.3221610805402701 0.07557286300357964 
0.32266133066533265 0.07652205549776757 
0.3231615807903952 0.07748305687332913 
0.3236618309154577 0.0784559670709653 
0.32416208104052024 0.07944088591999936 
0.32466233116558274 0.08043791311298429 
0.3251625812906453 0.08144714818000451 
0.32566283141570784 0.08246869046268661 
0.32616308154077034 0.08350263908792335 
0.3266633316658329 0.08454909294132168 
0.32716358179089544 0.08560815064038613 
0.32766383191595794 0.08667991050744248 
0.3281640820410205 0.08776447054231856 
0.32866433216608304 0.08886192839478561 
0.32916458229114554 0.0899723813367754 
0.3296648324162081 0.09109592623438155 
0.33016508254127064 0.0922326595196574 
0.33066533266633313 0.09338267716221911 
0.3311655827913957 0.09454607464066875 
0.3316658329164582 0.09572294691384614 
0.33216608304152073 0.09691338839192033 
0.3326663331665833 0.09811749290733791 
0.3331665832916458 0.09933535368563148 
0.33366683341670833 0.10056706331610754 
0.3341670835417709 0.10181271372242329 
0.3346673336668334 0.10307239613306256 
0.33516758379189593 0.10434620105172553 
0.3356678339169585 0.10563421822764524 
0.336168084042021 0.10693653662583973 
0.3366683341670835 0.10825324439731354 
0.337168584292146 0.10958442884922423 
0.3376688344172086 0.1109301764150197 
0.3381690845422711 0.11229057262456521 
0.3386693346673336 0.11366570207426524 
0.3391695847923962 0.11505564839720053 
0.3396698349174587 0.11646049423328468 
0.3401700850425212 0.11788032119945648 
0.34067033516758377 0.11931520985991806 
0.3411705852926463 0.12076523969643312 
0.3416708354177088 0.12223048907869162 
0.34217108554277137 0.12371103523475845 
0.34267133566783387 0.12520695422161243 
0.3431715857928964 0.126718320895789 
0.34367183591795897 0.12824520888413746 
0.34417208604302146 0.1297876905547016 
0.344672336168084 0.1313458369877365 
0.34517258629314657 0.13291971794687077 
0.34567283641820906 0.13450940185042135 
0.3461730865432716 0.1361149557428762 
0.34667333666833416 0.13773644526654982 
0.34717358679339666 0.13937393463342096 
0.3476738369184592 0.14102748659716358 
0.34817408704352176 0.14269716242538022 
0.34867433716858426 0.14438302187203947 
0.3491745872936468 0.14608512315013578 
0.3496748374187093 0.1478035229045699 
0.35017508754377186 0.1495382761852641 
0.3506753376688344 0.15128943642051476 
0.3511755877938969 0.15305705539059064 
0.35167583791895946 0.15484118320158516 
0.352176088044022 0.15664186825952486 
0.3526763381690845 0.15845915724474383 
0.35317658829414705 0.1602930950865255 
0.3536768384192096 0.16214372493802306 
0.3541770885442721 0.16401108815145374 
0.35467733866933465 0.1658952242535834 
0.35517758879439715 0.1677961709214956 
0.3556778389194597 0.16971396395865243 
0.35617808904452225 0.1716486372712556 
0.35667833916958475 0.173600222844901 
0.3571785892946473 0.17556875072154032 
0.35767883941970985 0.1775542489767441 
0.35817908954477234 0.17955674369727453 
0.3586793396698349 0.18157625895896565 
0.35917958979489745 0.18361281680491837 
0.35967983991995994 0.18566643722400394 
0.3601800900450225 0.18773713812968593 
0.360680340170085 0.18982493533915726 
0.36118059029514754 0.19192984255279072 
0.3616808404202101 0.19405187133391236 
0.3621810905452726 0.19619103108888733 
0.36268134067033514 0.1983473290475285 
0.3631815907953977 0.20052077024382098 
0.3636818409204602 0.20271135749696537 
0.36418209104552274 0.20491909139274037 
0.3646823411705853 0.20714397026518366 
0.3651825912956478 0.2093859901785879 
0.36568284142071034 0.21164514490981629 
0.3661830915457729 0.2139214259309356 
0.3666833416708354 0.21621482239215864 
0.36718359179589793 0.21852532110511155 
0.36768384192096043 0.22085290652640438 
0.368184092046023 0.22319756074152305 
0.36868434217108553 0.22555926344902885 
0.36918459229614803 0.2279379919450704 
0.3696848424212106 0.2303337211082044 
0.37018509254627313 0.23274642338452897 
0.3706853426713356 0.23517606877311945 
0.3711855927963982 0.23762262481177518 
0.37168584292146073 0.24008605656307289 
0.3721860930465232 0.24256632660072017 
0.3726863431715858 0.24506339499622098 
0.3731865932966483 0.2475772193058367 
0.3736868434217108 0.2501077545578558 
0.3741870935467734 0.25265495324016307 
0.37468734367183587 0.25521876528811205 
0.3751875937968984 0.25779913807269694 
0.375687843921961 0.2603960163890281 
0.37618809404702347 0.2630093424451068 
0.376688344172086 0.2656390558509 
0.37718859429714857 0.2682850936077213 
0.37768884442221107 0.2709473900979054 
0.3781890945472736 0.27362587707479213 
0.3786893446723361 0.2763204836530093 
0.37918959479739867 0.27903113629905657 
0.3796898449224612 0.2817577588222014 
0.3801900950475237 0.28450027236567094 
0.38069034517258626 0.28725859539815746 
0.3811905952976488 0.29003264370563053 
0.3816908454227113 0.292822330383457 
0.38219109554777386 0.29562756582883537 
0.3826913456728364 0.2984482577335451 
0.3831915957978989 0.3012843110770079 
0.38369184592296146 0.3041356281196732 
0.38419209604802396 0.30700210839672165 
0.3846923461730865 0.3098836487120941 
0.38519259629814906 0.3127801431328494 
0.38569284642321155 0.31569148298384986 
0.3861930965482741 0.3186175568427852 
0.38669334667333666 0.3215582505355311 
0.38719359679839915 0.324513447131852 
0.3876938469234617 0.32748302694144743 
0.38819409704852426 0.3304668675103516 
0.38869434717358675 0.3334648436176842 
0.3891945972986493 0.3364768272727619 
0.38969484742371185 0.3395026877125769 
0.39019509754877435 0.3425422913996363 
0.3906953476738369 0.3455955020201858 
0.3911955977988994 0.34866218048280323 
0.39169584792396195 0.3517421849173817 
0.3921960980490245 0.3548353706745033 
0.392696348174087 0.35794159032520584 
0.39319659829914955 0.36106069366115195 
0.3936968484242121 0.36419252769520977 
0.3941970985492746 0.3673369366624386 
0.39469734867433715 0.3704937620215046 
0.3951975987993997 0.3736628424565157 
0.3956978489244622 0.37684401387929006 
0.39619809904952474 0.3800371094320671 
0.39669834917458724 0.383241959490659 
0.3971985992996498 0.38645839166805845 
0.39769884942471234 0.38968623081850373 
0.39819909954977484 0.3929252990420084 
0.3986993496748374 0.39617541568936665 
0.39919959979989994 0.3994363973676349 
0.39969984992496244 0.4027080579461018 
0.400200100050025 0.4059902085627506 
0.40070035017508754 0.4092826576312227 
0.40120060030015003 0.4125852108482885 
0.4017008504252126 0.41589767120183124 
0.4022011005502751 0.41921983897935605 
0.40270135067533763 0.42255151177702305 
0.4032016008004002 0.42589248450921957 
0.4037018509254627 0.42924254941867346 
0.40420210105052523 0.4326014960871159 
0.4047023511755878 0.43596911144650385 
0.4052026013006503 0.4393451797908013 
0.40570285142571283 0.4427294827883349 
0.4062031015507754 0.44612179949472786 
0.4067033516758379 0.4495219063664136 
0.4072036018009004 0.4529295772747444 
0.407703851925963 0.45634458352069895 
0.4082041020510255 0.45976669385018903 
0.408704352176088 0.46319567446998505 
0.4092046023011505 0.4666312890642487 
0.4097048524262131 0.47007329881170173 
0.4102051025512756 0.47352146240341514 
0.4107053526763381 0.47697553606123977 
0.41120560280140067 0.4804352735568766 
0.4117058529264632 0.4839004262315994 
0.4122061030515257 0.4873707430166262 
0.41270635317658827 0.49084597045415584 
0.4132066033016508 0.494325852719067 
0.4137068534267133 0.4978101316412879 
0.41420710355177587 0.5012985467288436 
0.41470735367683836 0.5047908351915854 
0.4152076038019009 0.5082867319656024 
0.41570785392696347 0.5117859697383279 
0.41620810405202596 0.5152882789743402 
0.4167083541770885 0.5187933879418593 
0.41720860430215106 0.522301022739956 
0.41770885442721356 0.5258109073264594 
0.4182091045522761 0.5293227635465798 
0.41870935467733866 0.5328363111622514 
0.41920960480240116 0.5363512678821838 
0.4197098549274637 0.5398673493926408 
0.4202101050525262 0.5433842693889455 
0.42071035517758876 0.5469017396077022 
0.4212106053026513 0.55041946985976 
0.4217108554277138 0.5539371680638939 
0.42221110555277636 0.557454540281227 
0.4227113556778389 0.560971290750384 
0.4232116058029014 0.5644871219233774 
0.42371185592796395 0.5680017345022277 
0.4242121060530265 0.5715148274763249 
0.424712356178089 0.5750260981605183 
0.42521260630315155 0.5785352422339463 
0.4257128564282141 0.5820419537795964 
0.4262131065532766 0.5855459253246013 
0.42671335667833915 0.5890468478812646 
0.42721360680340165 0.5925444109888173 
0.4277138569284642 0.5960383027558978 
0.42821410705352675 0.5995282099037635 
0.42871435717858924 0.6030138178102137 
0.4292146073036518 0.6064948105542363 
0.42971485742871435 0.6099708709613678 
0.43021510755377684 0.6134416806497577 
0.4307153576788394 0.6169069200769369 
0.43121560780390195 0.6203662685872905 
0.43171585792896444 0.6238194044602088 
0.432216108054027 0.6272660049589388 
0.4327163581790895 0.6307057463801007 
0.43321660830415204 0.6341383041038801 
0.4337168584292146 0.6375633526448846 
0.4342171085542771 0.6409805657036446 
0.43471735867933964 0.6443896162187677 
0.4352176088044022 0.6477901764197209 
0.4357178589294647 0.6511819178802368 
0.43621810905452724 0.654564511572333 
0.4367183591795898 0.6579376279209325 
0.4372186093046523 0.6613009368590713 
0.43771885942971483 0.6646541078836811 
0.43821910955477733 0.6679968101119367 
0.4387193596798399 0.6713287123381488 
0.43921960980490243 0.6746494830911913 
0.43971985992996493 0.6779587906924476 
0.4402201100550275 0.6812563033142587 
0.44072036018009003 0.684541689038858 
0.4412206103051525 0.6878146159177753 
0.4417208604302151 0.6910747520316899 
0.44222111055527763 0.6943217655507228 
0.4427213606803401 0.6975553247951386 
0.4432216108054027 0.7007750982964427 
0.44372186093046523 0.7039807548588592 
0.4442221110555277 0.7071719636211569 
0.4447223611805903 0.7103483941188148 
0.44522261130565277 0.7135097163464963 
0.4457228614307153 0.7166556008208148 
0.4462231115557779 0.7197857186433717 
0.44672336168084037 0.722899741564027 
0.4472236118059029 0.7259973420444056 
0.44772386193096547 0.7290781933215891 
0.44822411205602797 0.7321419694719838 
0.4487243621810905 0.735188345475339 
0.44922461230615307 0.7382169972788806 
0.44972486243121557 0.7412276018615446 
0.4502251125562781 0.7442198372982809 
0.4507253626813406 0.7471933828243963 
0.45122561280640316 0.750147918899917 
0.4517258629314657 0.7530831272739384 
0.4522261130565282 0.7559986910489349 
0.45272636318159076 0.7588942947450047 
0.4532266133066533 0.7617696243640184 
0.4537268634317158 0.7646243674536449 
0.45422711355677836 0.7674582131712243 
0.4547273636818409 0.7702708523474626 
0.4552276138069034 0.7730619775499131 
0.45572786393196596 0.7758312831462235 
0.45622811405702846 0.7785784653671136 
0.456728364182091 0.7813032223690537 
0.45722861430715356 0.7840052542966237 
0.45772886443221605 0.7866842633445109 
0.4582291145572786 0.7893399538191269 
0.45872936468234116 0.7919720321998123 
0.45922961480740365 0.7945802071995983 
0.4597298649324662 0.7971641898254958 
0.46023011505752875 0.799723693438291 
0.46073036518259125 0.8022584338118078 
0.4612306153076538 0.8047681291916162 
0.4617308654327163 0.8072525003531598 
0.46223111555777885 0.8097112706592674 
0.4627313656828414 0.8121441661170318 
0.4632316158079039 0.8145509154340183 
0.46373186593296645 0.8169312500737841 
0.464232116058029 0.8192849043106805 
0.4647323661830915 0.8216116152839097 
0.46523261630815405 0.8239111230508142 
0.4657328664332166 0.8261831706393753 
0.4662331165582791 0.8284275040998903 
0.46673336668334164 0.8306438725558112 
0.4672336168084042 0.8328320282537232 
0.4677338669334667 0.8349917266124308 
0.46823411705852924 0.8371227262711455 
0.46873436718359174 0.8392247891367349 
0.4692346173086543 0.8412976804300346 
0.46973486743371684 0.8433411687311867 
0.47023511755877934 0.8453550260239897 
0.4707353676838419 0.8473390277392497 
0.47123561780890444 0.8492929527971094 
0.47173586793396693 0.8512165836483366 
0.4722361180590295 0.8531097063145597 
0.47273636818409204 0.8549721104274424 
0.47323661830915453 0.8568035892667666 
0.4737368684342171 0.8586039397974308 
0.4742371185592796 0.8603729627053357 
0.47473736868434213 0.8621104624321565 
0.4752376188094047 0.8638162472089875 
0.4757378689344672 0.8654901290888481 
0.47623811905952973 0.8671319239780452 
0.4767383691845923 0.8687414516663854 
0.4772386193096548 0.8703185358562263 
0.47773886943471733 0.8718630041903646 
0.4782391195597799 0.8733746882787568 
0.4787393696848424 0.8748534237240667 
0.4792396198099049 0.8762990501460383 
0.4797398699349674 0.8777114112046955 
0.48024012006003 0.8790903546223595 
0.4807403701850925 0.8804357322044966 
0.481240620310155 0.8817473998593818 
0.48174087043521757 0.8830252176165999 
0.4822411205602801 0.8842690496443654 
0.4827413706853426 0.8854787642656846 
0.48324162081040517 0.8866542339733501 
0.4837418709354677 0.8877953354437843 
0.4842421210605302 0.8889019495497287 
0.48474237118559277 0.8899739613717956 
0.4852426213106553 0.8910112602088833 
0.4857428714357178 0.8920137395874678 
0.48624312156078037 0.8929812972697795 
0.48674337168584286 0.8939138352608768 
0.4872436218109054 0.8948112598146238 
0.48774387193596797 0.8956734814385909 
0.48824412206103046 0.8965004148978852 
0.488744372186093 0.8972919792179289 
0.48924462231115556 0.8980480976861943 
0.48974487243621806 0.8987686978529158 
0.4902451225612806 0.8994537115307922 
0.49074537268634316 0.9001030747936937 
0.49124562281140566 0.9007167279743904 
0.4917458729364682 0.901294615661325 
0.4922461230615307 0.9018366866944388 
0.49274637318659326 0.9023428941600727 
0.4932466233116558 0.9028131953849654 
0.4937468734367183 0.9032475519293606 
0.49424712356178085 0.90364592957925 
0.4947473736868434 0.9040082983377634 
0.4952476238119059 0.9043346324157341 
0.49574787393696845 0.9046249102214525 
0.496248124062031 0.9048791143496371 
0.4967483741870935 0.9050972315696317 
0.49724862431215605 0.9052792528128606 
0.49774887443721855 0.9054251731595578 
0.4982491245622811 0.9055349918247916 
0.49874937468734365 0.905608712143806 
0.49924962481240615 0.9056463415567011 
0.4997498749374687 0.9056478915924714 
0.5002501250625312 0.9056133778524283 
0.5007503751875938 0.905542819993023 
0.5012506253126563 0.9054362417080895 
0.5017508754377188 0.9052936707105412 
0.5022511255627814 0.9051151387135233 
0.5027513756878439 0.9049006814110577 
0.5032516258129064 0.9046503384581923 
0.503751875937969 0.9043641534506813 
0.5042521260630315 0.9040421739042065 
0.504752376188094 0.9036844512331772 
0.5052526263131566 0.9032910407291053 
0.5057528764382191 0.902862001538597 
0.5062531265632816 0.9023973966409662 
0.5067533766883441 0.901897292825492 
0.5072536268134067 0.9013617606683407 
0.5077538769384692 0.9007908745091677 
0.5082541270635317 0.9001847124274187 
0.5087543771885943 0.8995433562183436 
0.5092546273136568 0.8988668913687456 
0.5097548774387193 0.8981554070324745 
0.5102551275637819 0.8974089960056848 
0.5107553776888444 0.8966277547018743 
0.5112556278139069 0.8958117831267103 
0.5117558779389695 0.8949611848526683 
0.512256128064032 0.8940760669934863 
0.5127563781890945 0.8931565401784539 
0.5132566283141571 0.8922027185265462 
0.5137568784392196 0.8912147196204141 
0.5142571285642821 0.8901926644802418 
0.5147573786893447 0.8891366775374843 
0.5152576288144072 0.8880468866084883 
0.5157578789394697 0.8869234228680144 
0.5162581290645323 0.885766420822662 
0.5167583791895948 0.8845760182842076 
0.5172586293146573 0.8833523563428644 
0.5177588794397199 0.8820955793404665 
0.5182591295647824 0.8808058348435878 
0.5187593796898449 0.8794832736165983 
0.5192596298149074 0.8781280495946625 
0.51975987993997 0.8767403198566843 
0.5202601300650325 0.8753202445982021 
0.520760380190095 0.8738679871042356 
0.5212606303151576 0.8723837137220891 
0.5217608804402201 0.8708675938341073 
0.5222611305652826 0.8693197998303921 
0.5227613806903452 0.8677405070814742 
0.5232616308154077 0.8661298939109395 
0.5237618809404702 0.8644881415680169 
0.5242621310655328 0.8628154342001154 
0.5247623811905953 0.8611119588253133 
0.5252626313156578 0.8593779053048033 
0.5257628814407204 0.8576134663152756 
0.5262631315657829 0.8558188373212487 
0.5267633816908454 0.8539942165473422 
0.527263631815908 0.8521398049504736 
0.5277638819409705 0.8502558061919955 
0.528264132066033 0.8483424266097503 
0.5287643821910956 0.8463998751900413 
0.5292646323161581 0.84442836353952 
0.5297648824412206 0.8424281058569764 
0.530265132566283 0.8403993189050235 
0.5307653826913457 0.8383422219816775 
0.5312656328164082 0.8362570368918152 
0.5317658829414706 0.8341439879185135 
0.5322661330665333 0.8320033017942438 
0.5327663831915957 0.829835207671936 
0.5332666333166582 0.8276399370958867 
0.5337668834417209 0.8254177239725048 
0.5342671335667833 0.8231688045408924 
0.5347673836918458 0.8208934173432492 
0.5352676338169085 0.8185918031950855 
0.535767883941971 0.8162642051552386 
0.5362681340670334 0.8139108684956902 
0.536768384192096 0.8115320406711592 
0.5372686343171585 0.8091279712884767 
0.537768884442221 0.806698912075724 
0.5382691345672836 0.8042451168511263 
0.5387693846923461 0.8017668414916944 
0.5392696348174086 0.7992643439016084 
0.5397698849424712 0.7967378839803224 
0.5402701350675337 0.7941877235903942 
0.5407703851925962 0.7916141265250299 
0.5412706353176588 0.7890173584753233 
0.5417708854427213 0.7863976869971947 
0.5422711355677838 0.7837553814780198 
0.5427713856928463 0.7810907131029299 
0.5432716358179089 0.7784039548207895 
0.5437718859429714 0.7756953813098368 
0.5442721360680339 0.7729652689429856 
0.5447723861930965 0.7702138957527707 
0.545272636318159 0.7674415413959477 
0.5457728864432215 0.764648487117733 
0.5462731365682841 0.7618350157156702 
0.5467733866933466 0.7590014115031382 
0.5472736368184091 0.7561479602724823 
0.5477738869434717 0.7532749492577668 
0.5482741370685342 0.7503826670971484 
0.5487743871935967 0.7474714037948726 
0.5492746373186593 0.7445414506828798 
0.5497748874437218 0.7415931003820285 
0.5502751375687843 0.7386266467629357 
0.5507753876938469 0.7356423849064249 
0.5512756378189094 0.7326406110635937 
0.5517758879439719 0.7296216226154962 
0.5522761380690345 0.7265857180324388 
0.552776388194097 0.7235331968328974 
0.5532766383191595 0.7204643595420629 
0.5537768884442221 0.7173795076500011 
0.5542771385692846 0.7142789435694524 
0.5547773886943471 0.7111629705932632 
0.5552776388194096 0.7080318928514598 
0.5557778889444722 0.7048860152679668 
0.5562781390695347 0.7017256435169793 
0.5567783891945972 0.6985510839790053 
0.5572786393196598 0.6953626436965629 
0.5577788894447223 0.6921606303295688 
0.5582791395697848 0.6889453521104122 
0.5587793896948474 0.6857171177987221 
0.5592796398199099 0.6824762366358468 
0.5597798899449724 0.6792230182990618 
0.560280140070035 0.6759577728554925 
0.5607803901950975 0.672680810715799 
0.56128064032016 0.6693924425876137 
0.5617808904452226 0.6660929794287452 
0.5622811405702851 0.662782732400178 
0.5627813906953476 0.6594620128188686 
0.5632816408204102 0.6561311321103558 
0.5637818909454727 0.6527904017612095 
0.5642821410705352 0.6494401332713282 
0.5647823911955978 0.646080638106093 
0.5652826413206603 0.6427122276484165 
0.5657828914457228 0.6393352131506894 
0.5662831415707853 0.6359499056866382 
0.5667833916958479 0.6325566161031301 
0.5672836418209104 0.6291556549719304 
0.5677838919459729 0.6257473325414354 
0.5682841420710355 0.6223319586883981 
0.568784392196098 0.6189098428696708 
0.5692846423211605 0.6154812940739862 
0.5697848924462231 0.6120466207737829 
0.5702851425712856 0.6086061308771142 
0.5707853926963481 0.6051601316796555 
0.5712856428214107 0.6017089298168165 
0.5717858929464732 0.5982528312160008 
0.5722861430715357 0.5947921410490214 
0.5727863931965983 0.5913271636846927 
0.5732866433216608 0.587858202641625 
0.5737868934467233 0.5843855605412399 
0.5742871435717859 0.5809095390610252 
0.5747873936968484 0.5774304388880553 
0.5752876438219109 0.5739485596727976 
0.5757878939469735 0.5704641999832135 
0.576288144072036 0.5669776572591954 
0.5767883941970985 0.5634892277673421 
0.5772886443221611 0.5599992065561009 
0.5777888944472236 0.5565078874112932 
0.5782891445722861 0.5530155628120474 
0.5787893946973486 0.5495225238871562 
0.5792896448224112 0.546029060371869 
0.5797898949474737 0.5425354605651564 
0.5802901450725362 0.5390420112874483 
0.5807903951975988 0.5355489978388701 
0.5812906453226613 0.532056703957994 
0.5817908954477238 0.5285654117811271 
0.5822911455727864 0.5250754018021413 
0.5827913956978489 0.5215869528328703 
0.5832916458229114 0.5181003419640948 
0.583791895947974 0.5146158445271106 
0.5842921460730365 0.5111337340559169 
0.584792396198099 0.5076542822500276 
0.5852926463231616 0.5041777589379162 
0.5857928964482241 0.5007044320411157 
0.5862931465732866 0.49723456753898304 
0.5867933966983492 0.49376842943413435 
0.5872936468234117 0.4903062797185694 
0.5877938969484742 0.4868483783404955 
0.5882941470735368 0.483394983171851 
0.5887943971985993 0.47994634997655294 
0.5892946473236618 0.47650273237946805 
0.5897948974487243 0.4730643818361098 
0.5902951475737869 0.46963154760308756 
0.5907953976988494 0.46620447670929216 
0.5912956478239119 0.46278341392784617 
0.5917958979489745 0.45936860174879957 
0.592296148074037 0.45596028035260144 
0.5927963981990995 0.45255868758433565 
0.5932966483241621 0.44916405892872563 
0.5937968984492246 0.4457766274859166 
0.5942971485742871 0.44239662394803686 
0.5947973986993497 0.43902427657653365 
0.5952976488244122 0.4356598111802919 
0.5957978989494747 0.43230345109453616 
0.5962981490745373 0.428955417160507 
0.5967983991995998 0.4256159277059215 
0.5972986493246623 0.4222851985262162 
0.5977988994497249 0.41896344286656134 
0.5982991495747874 0.41565087140465184 
0.5987993996998499 0.4123476922342759 
0.5992996498249125 0.4090541108496469 
0.599799899949975 0.405770330130502 
0.6003001500750375 0.4024965503279694 
0.6008004002001001 0.3992329690511803 
0.6013006503251626 0.3959797812546437 
0.601800900450225 0.3927371792263661 
0.6023011505752875 0.3895053525767031 
0.6028014007003502 0.38628448822795913 
0.6033016508254126 0.3830747704047025 
0.6038019009504751 0.37987638062481593 
0.6043021510755378 0.37668949769124344 
0.6048024012006002 0.3735142976844599 
0.6053026513256627 0.37035095395563117 
0.6058029014507254 0.3671996371204649 
0.6063031515757878 0.3640605150537481 
0.6068034017008503 0.3609337528845571 
0.607303651825913 0.3578195129921289 
0.6078039019509754 0.35471795500239517 
0.6083041520760379 0.3516292357851645 
0.6088044022011005 0.34855350945193364 
0.609304652326163 0.34549092735434056 
0.6098049024512255 0.3424416380832311 
0.6103051525762881 0.3394057874683336 
0.6108054027013506 0.33638351857854326 
0.6113056528264131 0.33337497172279024 
0.6118059029514757 0.33038028445149464 
0.6123061530765382 0.3273995915585898 
0.6128064032016007 0.32443302508411614 
0.6133066533266633 0.3214807143173601 
0.6138069034517258 0.31854278580054124 
0.6143071535767883 0.3156193633330352 
0.6148074037018508 0.3127105679761204 
0.6153076538269134 0.30981651805823834 
0.6158079039519759 0.30693732918076294 
0.6163081540770384 0.3040731142242712 
0.616808404202101 0.30122398335529105 
0.6173086543271635 0.29839004403353975 
0.617808904452226 0.2955714010196295 
0.6183091545772886 0.29276815638322884 
0.6188094047023511 0.28998040951168497 
0.6193096548274136 0.2872082571190886 
0.6198099049524762 0.28445179325577113 
0.6203101550775387 0.2817111093182329 
0.6208104052026012 0.27898629405949327 
0.6213106553276638 0.27627743359984724 
0.6218109054527263 0.27358461143802937 
0.6223111555777888 0.2709079084627759 
0.6228114057028514 0.26824740296476923 
0.6233116558279139 0.2656031706489703 
0.6238119059529764 0.2629752846473228 
0.624312156078039 0.2603638155318212 
0.6248124062031015 0.2577688313279431 
0.625312656328164 0.2551903975284321 
0.6258129064532265 0.25262857710742587 
0.6263131565782891 0.2500834305349258 
0.6268134067033516 0.24755501579159783 
0.6273136568284141 0.2450433883839005 
0.6278139069534767 0.2425486013595317 
0.6283141570785392 0.24007070532318814 
0.6288144072036017 0.2376097484526374 
0.6293146573286643 0.23516577651508294 
0.6298149074537268 0.2327388328838284 
0.6303151575787893 0.23032895855523478 
0.6308154077038519 0.22793619216594999 
0.6313156578289144 0.22556057001042432 
0.6318159079539769 0.2232021260586947 
0.6323161580790395 0.22086089197442874 
0.632816408204102 0.2185368971332344 
0.6333166583291645 0.2162301686412189 
0.6338169084542271 0.2139407313537934 
0.6343171585792896 0.2116686078947202 
0.6348174087043521 0.20941381867539685 
0.6353176588294147 0.20717638191436227 
0.6358179089544772 0.20495631365703176 
0.6363181590795397 0.20275362779564662 
0.6368184092046023 0.2005683360894299 
0.6373186593296648 0.19840044818495067 
0.6378189094547273 0.19624997163668348 
0.6383191595797898 0.19411691192775873 
0.6388194097048524 0.192001272490895 
0.6393196598299149 0.1899030547295118 
0.6398199099549774 0.1878222580390123 
0.64032016008004 0.18575887982822786 
0.6408204102051025 0.18371291554101973 
0.641320660330165 0.1816843586780328 
0.6418209104552276 0.17967320081858842 
0.6423211605802901 0.17767943164271194 
0.6428214107053526 0.175703038953293 
0.6433216608304152 0.17374400869835763 
0.6438219109554777 0.17180232499345874 
0.6443221610805402 0.16987797014416975 
0.6448224112056028 0.16797092466867175 
0.6453226613306653 0.16608116732043274 
0.6458229114557278 0.1642086751109652 
0.6463231615807904 0.162353423332657 
0.6468234117058529 0.16051538558166273 
0.6473236618309154 0.1586945337808581 
0.647823911955978 0.15689083820283029 
0.6483241620810405 0.1551042674929151 
0.648824412206103 0.15333478869226344 
0.6493246623311655 0.15158236726092228 
0.6498249124562281 0.14984696710093431 
0.6503251625812906 0.1481285505794388 
0.6508254127063531 0.14642707855176804 
0.6513256628314157 0.14474251038452654 
0.6518259129564782 0.14307480397865183 
0.6523261630815407 0.14142391579244096 
0.6528264132066033 0.13978980086453496 
0.6533266633316658 0.13817241283685813 
0.6538269134567283 0.13657170397749513 
0.6543271635817909 0.13498762520350402 
0.6548274137068534 0.13342012610365173 
0.6553276638319159 0.13186915496106916 
0.6558279139569785 0.13033465877580847 
0.656328164082041 0.1288165832873054 
0.6568284142071035 0.12731487299673003 
0.6573286643321661 0.12582947118921992 
0.6578289144572286 0.12436031995599042 
0.6583291645822911 0.12290736021631195 
0.6588294147073537 0.12147053173934691 
0.6593296648324162 0.12004977316583836 
0.6598299149574787 0.1186450220296478 
0.6603301650825413 0.11725621477912784 
0.6608304152076038 0.11588328679832653 
0.6613306653326663 0.11452617242802263 
0.6618309154577288 0.11318480498657418 
0.6623311655827914 0.11185911679058377 
0.6628314157078539 0.11054903917537096 
0.6633316658329164 0.10925450251524987 
0.663831915957979 0.1079754362435999 
0.6643321660830415 0.10671176887273155 
0.664832416208104 0.10546342801354616 
0.6653326663331666 0.10423034039497038 
0.6658329164582291 0.1030124318831808 
0.6663331665832916 0.1018096275006028 
0.6668334167083542 0.10062185144468351 
0.6673336668334167 0.09944902710643898 
0.6678339169584792 0.09829107708877241 
0.6683341670835418 0.09714792322455788 
0.6688344172086043 0.09601948659449332 
0.6693346673336668 0.09490568754472058 
0.6698349174587294 0.09380644570420628 
0.6703351675837919 0.09272168000189443 
0.6708354177088544 0.0916513086836191 
0.671335667833917 0.09059524932878395 
0.6718359179589795 0.08955341886681059 
0.672336168084042 0.08852573359335274 
0.6728364182091046 0.08751210918627944 
0.673336668334167 0.08651246072143198 
0.6738369184592296 0.08552670268815404 
0.674337168584292 0.08455474900459699 
0.6748374187093547 0.08359651303280709 
0.6753376688344171 0.08265190759359392 
0.6758379189594796 0.08172084498118871 
0.6763381690845423 0.08080323697768925 
0.6768384192096047 0.07989899486730458 
0.6773386693346672 0.07900802945039867 
0.6778389194597298 0.07813025105733643 
0.6783391695847923 0.07726556956214402 
0.6788394197098548 0.07641389439598435 
0.6793396698349174 0.07557513456045196 
0.6798399199599799 0.0747491986406973 
0.6803401700850424 0.07393599481838692 
0.680840420210105 0.0731354308845003 
0.6813406703351675 0.0723474142519766 
0.68184092046023 0.07157185196821486 
0.6823411705852926 0.07080865072743342 
0.6828414207103551 0.07005771688289898 
0.6833416708354176 0.06931895645903222 
0.6838419209604802 0.06859227516338982 
0.6843421710855427 0.06787757839854444 
0.6848424212106052 0.0671747712738554 
0.6853426713356677 0.06648375861714763 
0.6858429214607303 0.06580444498630054 
0.6863431715857928 0.06513673468075941 
0.6868434217108553 0.06448053175297086 
0.6873436718359179 0.06383574001975446 
0.6878439219609804 0.06320226307361752 
0.6883441720860429 0.06258000429401593 
0.6888444222111055 0.06196886685857559 
0.689344672336168 0.06136875375427319 
0.6898449224612305 0.060779567788591955 
0.6903451725862931 0.06020121160065192 
0.6908454227113556 0.05963358767232404 
0.6913456728364181 0.059076598339338746 
0.6918459229614807 0.0585301458023859 
0.6923461730865432 0.05799413213822265 
0.6928464232116057 0.05746845931078781 
0.6933466733366683 0.056953029182329896 
0.6938469234617308 0.05644774352455791 
0.6943471735867933 0.055952504029814144 
0.6948474237118559 0.055467212322277956 
0.6953476738369184 0.05499176996920358 
0.6958479239619809 0.05452607849219731 
0.6963481740870435 0.0540700393785343 
0.696848424212106 0.05362355409252488 
0.6973486743371685 0.05318652408692557 
0.697848924462231 0.052758850814406406 
0.6983491745872936 0.05234043573906943 
0.6988494247123561 0.051931180348024665 
0.6993496748374186 0.051530986163025344 
0.6998499249624812 0.05113975475216035 
0.7003501750875437 0.05075738774161106 
0.7008504252126062 0.05038378682746597 
0.7013506753376688 0.05001885378759953 
0.7018509254627313 0.049662490493610906 
0.7023511755877938 0.049314598922824714 
0.7028514257128564 0.04897508117035254 
0.7033516758379189 0.04864383946121063 
0.7038519259629814 0.04832077616249942 
0.704352176088044 0.04800579379563421 
0.7048524262131065 0.04769879504863014 
0.705352676338169 0.0473996827884387 
0.7058529264632316 0.047108360073331294 
0.7063531765882941 0.046824730165321814 
0.7068534267133566 0.046548696542637234 
0.7073536768384192 0.04628016291221663 
0.7078539269634817 0.04601903322224491 
0.7083541770885442 0.045765211674713056 
0.7088544272136067 0.04551860273799782 
0.7093546773386693 0.04527911115946019 
0.7098549274637318 0.04504664197805042 
0.7103551775887943 0.044821100536921524 
0.7108554277138569 0.04460239249603785 
0.7113556778389194 0.04439042384477459 
0.7118559279639819 0.044185100914507044 
0.7123561780890445 0.043986330391169504 
0.712856428214107 0.04379401932779482 
0.7133566783391695 0.043608075157007965 
0.7138569284642321 0.04342840570348108 
0.7143571785892946 0.04325491919633513 
0.7148574287143571 0.043087524281481396 
0.7153576788394197 0.042926130033895234 
0.7158579289644822 0.04277064596981376 
0.7163581790895447 0.04262098205885062 
0.7168584292146073 0.04247704873601604 
0.7173586793396698 0.04233875691363864 
0.7178589294647323 0.042206017993176075 
0.7183591795897949 0.04207874387690816 
0.7188594297148574 0.0419568469795047 
0.7193596798399199 0.04184024023945819 
0.7198599299649825 0.041728837130372426 
0.720360180090045 0.04162255167210037 
0.7208604302151075 0.0415212984417217 
0.72136068034017 0.04142499258435174 
0.7218609304652326 0.041333549823774206 
0.7223611805902951 0.04124688647288669 
0.7228614307153576 0.04116491944395738 
0.7233616808404202 0.041087566258676336 
0.7238619309654827 0.041014745058001054 
0.7243621810905452 0.04094637461178328 
0.7248624312156078 0.04088237432817301 
0.7253626813406703 0.04082266426279167 
0.7258629314657328 0.040767165127664685 
0.7263631815907954 0.04071579829990977 
0.7268634317158579 0.04066848583017403 
0.7273636818409204 0.04062515045080931 
0.727863931965983 0.04058571558378509 
0.7283641820910455 0.04055010534832985 
0.728864432216108 0.04051824456829391 
0.7293646823411706 0.04049005877923118 
0.7298649324662331 0.040465474235193 
0.7303651825912956 0.040444417915230006 
0.7308654327163582 0.040426817529594 
0.7313656828414207 0.04041260152564286 
0.7318659329664832 0.04040169909343367 
0.7323661830915458 0.04039404017101212 
0.7328664332166083 0.04038955544938514 
0.7333666833416708 0.040388176377179306 
0.7338669334667333 0.04038983516497939 
0.7343671835917959 0.04039446478934534 
0.7348674337168584 0.04040199899650898 
0.7353676838419209 0.04041237230573997 
0.7358679339669835 0.04042552001238977 
0.736368184092046 0.040441378190606475 
0.7368684342171085 0.04045988369571947 
0.7373686843421711 0.04048097416629799 
0.7378689344672336 0.04050458802587754 
0.7383691845922961 0.04053066448435975 
0.7388694347173587 0.040559143539083145 
0.7393696848424212 0.04058996597556714 
0.7398699349674837 0.040623073367928086 
0.7403701850925463 0.040658408078973265 
0.7408704352176088 0.04069591325997189 
0.7413706853426713 0.040735532850103486 
0.7418709354677339 0.040777211575592255 
0.7423711855927964 0.04082089494852279 
0.7428714357178589 0.040866529265346854 
0.7433716858429215 0.04091406160508044 
0.743871935967984 0.04096343982719856 
0.7443721860930465 0.04101461256922523 
0.744872436218109 0.04106752924403225 
0.7453726863431716 0.041122140036844286 
0.745872936468234 0.04117839590195823 
0.7463731865932965 0.0412362485591811 
0.7468734367183592 0.041295650489989975 
0.7473736868434216 0.041356554933426784 
0.7478739369684841 0.041418915881722994 
0.7483741870935467 0.0414826880756709 
0.7488744372186092 0.041547826999740065 
0.7493746873436717 0.04161428887694909 
0.7498749374687343 0.041682030663499285 
0.7503751875937968 0.04175101004317698 
0.7508754377188593 0.041821185421531 
0.751375687843922 0.04189251591983219 
0.7518759379689844 0.041964961368823175 
0.7523761880940469 0.04203848230226698 
0.7528764382191095 0.0421130399503 
0.753376688344172 0.04218859623259854 
0.7538769384692345 0.04226511375136549 
0.7543771885942971 0.04234255578414902 
0.7548774387193596 0.04242088627649315 
0.7553776888444221 0.04250006983444128 
0.7558779389694847 0.042580071716884244 
0.7563781890945472 0.042660857827780084 
0.7568784392196097 0.04274239470823474 
0.7573786893446722 0.04282464952846911 
0.7578789394697348 0.04290759007966837 
0.7583791895947973 0.04299118476572824 
0.7588794397198598 0.043075402594905166 
0.7593796898449224 0.043160213171378865 
0.7598799399699849 0.04324558668673348 
0.7603801900950474 0.043331493911371706 
0.76088044022011 0.043417906185860417 
0.7613806903451725 0.04350479541222685 
0.761880940470235 0.04359213404520461 
0.7623811905952976 0.04367989508344235 
0.7628814407203601 0.04376805206068242 
0.7633816908454226 0.04385657903691521 
0.7638819409704852 0.04394545058952169 
0.7643821910955477 0.0440346418044041 
0.7648824412206102 0.04412412826712016 
0.7653826913456728 0.04421388605402384 
0.7658829414707353 0.04430389172342088 
0.7663831915957978 0.044394122306747316 
0.7668834417208604 0.04448455529977416 
0.7673836918459229 0.044575168653849875 
0.7678839419709854 0.04466594076718444 
0.7683841920960479 0.04475685047618178 
0.7688844422211105 0.04484787704682763 
0.769384692346173 0.04493900016613624 
0.7698849424712355 0.04503019993366552 
0.7703851925962981 0.04512145685310417 
0.7708854427213606 0.045212751823936796 
0.7713856928464231 0.0453040661331886 
0.7718859429714857 0.04539538144726314 
0.7723861930965482 0.045486679803867586 
0.7728864432216107 0.04557794360403953 
0.7733866933466733 0.04566915560427043 
0.7738869434717358 0.0457602989087385 
0.7743871935967983 0.0458513569616483 
0.7748874437218609 0.04594231353968475 
0.7753876938469234 0.04603315274458211 
0.7758879439719859 0.04612385899581295 
0.7763881940970485 0.046214417023399866 
0.776888444222111 0.046304811860848887 
0.7773886943471735 0.04639502883821607 
0.7778889444722361 0.046485053575297246 
0.7783891945972986 0.04657487197495206 
0.7788894447223611 0.046664470216561976 
0.7793896948474237 0.04675383474962208 
0.7798899449724862 0.04684295228746503 
0.7803901950975487 0.046931809801128425 
0.7808904452226112 0.04702039451335356 
0.7813906953476738 0.047108693892726435 
0.7818909454727363 0.047196695647955055 
0.7823911955977988 0.04728438772228506 
0.7828914457228614 0.04737175828805563 
0.7833916958479239 0.04745879574139143 
0.7838919459729864 0.047545488697034684 
0.784392196098049 0.04763182598331213 
0.7848924462231115 0.04771779663723792 
0.785392696348174 0.04780338989975409 
0.7858929464732366 0.04788859521110234 
0.7863931965982991 0.0479734022063314 
0.7868934467233616 0.04805780071093008 
0.7873936968484242 0.04814178073659472 
0.7878939469734867 0.048225332477121914 
0.7883941970985492 0.0483084463044266 
0.7888944472236118 0.048391112764683414 
0.7893946973486743 0.04847332257458809 
0.7898949474737368 0.0485550666177396 
0.7903951975987994 0.048636335941136345 
0.7908954477238619 0.04871712175178713 
0.7913956978489244 0.04879741541343145 
0.791895947973987 0.0488772084433703 
0.7923961980990495 0.04895649250939769 
0.792896448224112 0.0490352594268401 
0.7933966983491745 0.04911350115569182 
0.7938969484742371 0.049191209797844464 
0.7943971985992996 0.049268377594414846 
0.7948974487243621 0.04934499692315911 
0.7953976988494247 0.049421060295973616 
0.7958979489744872 0.04949656035648223 
0.7963981990995497 0.04957148987770115 
0.7968984492246123 0.04964584175978189 
0.7973986993496748 0.04971960902783074 
0.7978989494747373 0.04979278482979425 
0.7983991995997999 0.04986536243441672 
0.7988994497248624 0.04993733522926107 
0.7993996998499249 0.050008696718791164 
0.7998999499749875 0.050079440522510864 
0.80040020010005 0.05014956037316205 
0.8009004502251125 0.05021905011497171 
0.8014007003501751 0.0502879037019507 
0.8019009504752376 0.050356115196239885 
0.8024012006003001 0.050423678766496 
0.8029014507253627 0.05049058868632481 
0.8034017008504252 0.05055683933274801 
0.8039019509754877 0.05062242518470984 
0.8044022011005502 0.050687340821615245 
0.8049024512256128 0.050751580921899936 
0.8054027013506753 0.05081514026163047 
0.8059029514757378 0.05087801371313074 
0.8064032016008004 0.05094019624363572 
0.8069034517258629 0.051001682913963606 
0.8074037018509254 0.05106246887721543 
0.807903951975988 0.05112254937749079 
0.8084042021010505 0.05118191974862334 
0.808904452226113 0.05124057541293401 
0.8094047023511756 0.051298511879998045 
0.8099049524762381 0.05135572474542906 
0.8104052026013006 0.05141220968967535 
0.8109054527263632 0.05146796247683144 
0.8114057028514257 0.051522978953458774 
0.8119059529764882 0.051577255047420695 
0.8124062031015508 0.05163078676672834 
0.8129064532266133 0.051683570198397644 
0.8134067033516758 0.051735601507318436 
0.8139069534767384 0.05178687693513192 
0.8144072036018009 0.051837392799125144 
0.8149074537268634 0.05188714549113061 
0.815407703851926 0.05193613147644478 
0.8159079539769885 0.051984347292755514 
0.816408204102051 0.05203178954908508 
0.8169084542271134 0.05207845492474756 
0.817408704352176 0.05212434016832571 
0.8179089544772385 0.05216944209665868 
0.818409204602301 0.05221375759385603 
0.8189094547273637 0.05225728361032963 
0.8194097048524261 0.05230001716184432 
0.8199099549774886 0.052341955328600906 
0.8204102051025512 0.05238309525433924 
0.8209104552276137 0.0524234341454713 
0.8214107053526762 0.05246296927024943 
0.8219109554777388 0.05250169795796472 
0.8224112056028013 0.05253961759818204 
0.8229114557278638 0.052576725640017447 
0.8234117058529264 0.0526130195914557 
0.8239119559779889 0.05264849701871458 
0.8244122061030514 0.052683155545659666 
0.824912456228114 0.05271699285326832 
0.8254127063531765 0.05275000667915492 
0.825912956478239 0.05278219481715277 
0.8264132066033016 0.052813555116960925 
0.8269134567283641 0.05284408548386176 
0.8274137068534266 0.052873783878508135 
0.8279139569784892 0.052902648316788724 
0.8284142071035517 0.0529306768697761 
0.8289144572286142 0.05295786766376224 
0.8294147073536767 0.05298421888038044 
0.8299149574787393 0.05300972875682806 
0.8304152076038018 0.05303439558619162 
0.8309154577288643 0.053058217717873744 
0.8314157078539269 0.053081193558136355 
0.8319159579789894 0.053103321570761516 
0.8324162081040519 0.05312460027783276 
0.8329164582291145 0.05314502826064853 
0.833416708354177 0.05316460416077146 
0.8339169584792395 0.05318332668121462 
0.8344172086043021 0.05320119458778033 
0.8349174587293646 0.053218206710548076 
0.8354177088544271 0.05323436194552822 
0.8359179589794897 0.0532496592564759 
0.8364182091045522 0.05326409767688097 
0.8369184592296147 0.05327767631213967 
0.8374187093546773 0.05329039434190906 
0.8379189594797398 0.0533022510226572 
0.8384192096048023 0.053313245690412174 
0.8389194597298649 0.0533233777637192 
0.8394197098549274 0.05333264674680941 
0.8399199599799899 0.05334105223299307 
0.8404202101050524 0.05334859390827731 
0.840920460230115 0.05335527155521945 
0.8414207103551775 0.053361085057022424 
0.84192096048024 0.05336603440188081 
0.8424212106053026 0.05337011968757703 
0.8429214607303651 0.05337334112634533 
0.8434217108554276 0.05337569905000162 
0.8439219609804902 0.05337719391535106 
0.8444222111055527 0.053377826309876204 
0.8449224612306152 0.053377596957713186 
0.8454227113556778 0.053376506725926434 
0.8459229614807403 0.05337455663108036 
0.8464232116058028 0.05337174784611933 
0.8469234617308654 0.05336808170756205 
0.8474237118559279 0.05336355972301005 
0.8479239619809904 0.053358183578982275 
0.848424212106053 0.05335195514907732 
0.8489244622311155 0.05334487650246677 
0.849424712356178 0.05333694991272586 
0.8499249624812406 0.05332817786700442 
0.8504252126063031 0.05331856307554343 
0.8509254627313656 0.053308108481534305 
0.8514257128564282 0.05329681727133068 
0.8519259629814907 0.053284692885011864 
0.8524262131065532 0.053271739027295 
0.8529264632316157 0.053257959678804624 
0.8534267133566783 0.053243359107694364 
0.8539269634817408 0.053227941881620965 
0.8544272136068033 0.05321171288007282 
0.8549274637318659 0.053194677307046245 
0.8554277138569284 0.05317684070407181 
0.8559279639819909 0.05315820896358475 
0.8564282141070535 0.053138788342633476 
0.856928464232116 0.053118585476928784 
0.8574287143571785 0.053097607395215934 
0.8579289644822411 0.05307586153397581 
0.8584292146073036 0.053053355752436075 
0.8589294647323661 0.053030098347892844 
0.8594297148574287 0.05300609807132335 
0.8599299649824912 0.05298136414329148 
0.8604302151075537 0.05295590627011925 
0.8609304652326163 0.05292973466032372 
0.8614307153576788 0.052902860041299654 
0.8619309654827413 0.05287529367622972 
0.8624312156078039 0.052847047381211834 
0.8629314657328664 0.05281813354258202 
0.8634317158579289 0.052788565134411845 
0.8639319659829914 0.052758355736165455 
0.864432216108054 0.052727519550486754 
0.8649324662331165 0.05269607142110227 
0.865432716358179 0.05266402685080647 
0.8659329664832416 0.052631402019508916 
0.8664332166083041 0.05259821380231509 
0.8669334667333666 0.05256447978760975 
0.8674337168584292 0.05253021829511523 
0.8679339669834917 0.05249544839389056 
0.8684342171085542 0.05246018992024054 
0.8689344672336168 0.052424463495496974 
0.8694347173586793 0.052388290543641046 
0.8699349674837418 0.052351693308723184 
0.8704352176088044 0.052314694872043946 
0.8709354677338669 0.052277319169060234 
0.8714357178589294 0.0522395910059655 
0.871935967983992 0.05220153607590847 
0.8724362181090545 0.052163180974802874 
0.872936468234117 0.052124553216681906 
0.8734367183591796 0.052085681248551764 
0.8739369684842421 0.052046594464692175 
0.8744372186093046 0.05200732322035952 
0.8749374687343672 0.051967898844836304 
0.8754377188594297 0.05192835365377752 
0.8759379689844922 0.05188872096080064 
0.8764382191095547 0.05184903508826292 
0.8769384692346173 0.051809331377172786 
0.8774387193596798 0.0517696461961778 
0.8779389694847423 0.05173001694957325 
0.8784392196098049 0.05169048208427152 
0.8789394697348674 0.05165108109567384 
0.8794397198599299 0.051611854532387806 
0.8799399699849925 0.05157284399972987 
0.880440220110055 0.05153409216194574 
0.8809404702351175 0.05149564274310149 
0.8814407203601801 0.05145754052657182 
0.8819409704852426 0.051419831353070614 
0.882441220610305 0.0513825621171628 
0.8829414707353677 0.051345780762194884 
0.8834417208604302 0.051309536273582916 
0.8839419709854927 0.05127387867039783 
0.8844422211105553 0.05123885899519289 
0.8849424712356178 0.05120452930200227 
0.8854427213606803 0.05117094264246635 
0.8859429714857429 0.0511381530500142 
0.8864432216108054 0.05110621552205224 
0.8869434717358678 0.05107518600010278 
0.8874437218609305 0.05104512134783324 
0.887943971985993 0.05101607932693279 
0.8884442221110554 0.0509881185707716 
0.8889444722361179 0.05096129855580513 
0.8894447223611806 0.05093567957066842 
0.889944972486243 0.050911322682913804 
0.8904452226113055 0.05088828970335522 
0.8909454727363681 0.05086664314796958 
0.8914457228614306 0.05084644619732042 
0.8919459729864931 0.05082776265346789 
0.8924462231115557 0.050810656894328926 
0.8929464732366182 0.05079519382546166 
0.8934467233616807 0.050781438829238766 
0.8939469734867433 0.05076945771139651 
0.8944472236118058 0.05075931664492905 
0.8949474737368683 0.050751082111315286 
0.8954477238619309 0.05074482083906739 
0.8959479739869934 0.050740599739585154 
0.8964482241120559 0.05073848584031632 
0.8969484742371185 0.050738546215221676 
0.897448724362181 0.05074084791254121 
0.8979489744872435 0.050745457879880704 
0.8984492246123061 0.05075244288661838 
0.8989494747373686 0.05076186944365816 
0.8994497248624311 0.05077380372054696 
0.8999499749874936 0.050788311459980875 
0.9004502251125562 0.05080545788974035 
0.9009504752376187 0.05082530763207853 
0.9014507253626812 0.050847924610618836 
0.9019509754877438 0.05087337195479599 
0.9024512256128063 0.05090171190190638 
0.9029514757378688 0.050933005696816205 
0.9034517258629314 0.05096731348939497 
0.9039519759879939 0.05100469422974825 
0.9044522261130564 0.051045205561316094 
0.904952476238119 0.051088903711927154 
0.9054527263631815 0.05113584338289022 
0.905952976488244 0.051186077636216874 
0.9064532266133066 0.05123965778007473 
0.9069534767383691 0.05129663325257156 
0.9074537268634316 0.051357051503988595 
0.9079539769884942 0.05142095787756813 
0.9084542271135567 0.051488395488983124 
0.9089544772386192 0.05155940510461658 
0.9094547273636818 0.05163402501877609 
0.9099549774887443 0.05171229092999317 
0.9104552276138068 0.051794235816537186 
0.9109554777388694 0.051879889811304924 
0.9114557278639319 0.051969280076231424 
0.9119559779889944 0.05206243067638527 
0.9124562281140569 0.05215936245391254 
0.9129564782391195 0.05226009290199438 
0.913456728364182 0.05236463603899916 
0.9139569784892445 0.052473002282997665 
0.9144572286143071 0.0525851983268328 
0.9149574787393696 0.052701227013926016 
0.9154577288644321 0.05282108721500953 
0.9159579789894947 0.052944773705982634 
0.9164582291145572 0.05307227704708623 
0.9169584792396197 0.05320358346359926 
0.9174587293646823 0.053338674728257596 
0.9179589794897448 0.05347752804560594 
0.9184592296148073 0.05362011593848811 
0.9189594797398699 0.05376640613689058 
0.9194597298649324 0.0539163614693474 
0.9199599799899949 0.054069939757126276 
0.9204602301150575 0.05422709371140802 
0.92096048024012 0.05438777083367887 
0.9214607303651825 0.05455191331954937 
0.9219609804902451 0.05471945796622004 
0.9224612306153076 0.05489033608381179 
0.9229614807403701 0.05506447341077469 
0.9234617308654326 0.055241790033595035 
0.9239619809904952 0.055422200311011235 
0.9244622311155577 0.05560561280295607 
0.9249624812406202 0.055791930204433036 
0.9254627313656828 0.05598104928453801 
0.9259629814907453 0.0561728608308313 
0.9264632316158078 0.056367249599259914 
0.9269634817408704 0.0565640942698371 
0.9274637318659329 0.0567632674082651 
0.9279639819909954 0.05696463543369976 
0.928464232116058 0.05716805859283863 
0.9289644822411205 0.05737339094051373 
0.929464732366183 0.057580480326968185 
0.9299649824912456 0.05778916839198142 
0.9304652326163081 0.05799929056600974 
0.9309654827413706 0.05821067607849498 
0.9314657328664332 0.05842314797349445 
0.9319659829914957 0.058636523132770305 
0.9324662331165582 0.05885061230647454 
0.9329664832416208 0.05906522015155357 
0.9334667333666833 0.059280145277989256 
0.9339669834917458 0.05949518030298525 
0.9344672336168084 0.059710111913195925 
0.9349674837418709 0.059924720935086946 
0.9354677338669334 0.060138782413507716 
0.9359679839919959 0.06035206569854036 
0.9364682341170585 0.06056433454068829 
0.936968484242121 0.060775347194445564 
0.9374687343671835 0.060984856530288886 
0.9379689844922461 0.0611926101551103 
0.9384692346173086 0.061398350541107795 
0.9389694847423711 0.061601815163131124 
0.9394697348674337 0.06180273664447607 
0.9399699849924962 0.0620008429110952 
0.9404702351175587 0.06219585735419907 
0.9409704852426213 0.06238749900118989 
0.9414707353676838 0.06257548269487158 
0.9419709854927463 0.06275951928085736 
0.9424712356178089 0.06293931580308953 
0.9429714857428714 0.06311457570737332 
0.9434717358679339 0.06328499905280313 
0.9439719859929965 0.06345028273096005 
0.944472236118059 0.06361012069273933 
0.9449724862431215 0.06376420418265114 
0.9454727363681841 0.06391222198043386 
0.9459729864932466 0.06405386064978962 
0.9464732366183091 0.06418880479406198 
0.9469734867433717 0.0643167373186372 
0.9474737368684342 0.06443733969986074 
0.9479739869934967 0.06455029226023042 
0.9484742371185592 0.0646552744496247 
0.9489744872436218 0.06475196513231132 
0.9494747373686843 0.06484004287946267 
0.9499749874937468 0.06491918626690639 
0.9504752376188094 0.06498907417780933 
0.9509754877438719 0.06504938610999877 
0.9514757378689344 0.06509980248760296 
0.951975987993997 0.06514000497668723 
0.9524762381190595 0.06516967680455378 
0.952976488244122 0.0651885030823512 
0.9534767383691846 0.06519617113064978 
0.9539769884942471 0.06519237080761052 
0.9544772386193096 0.06517679483937998 
0.9549774887443722 0.06514913915232784 
0.9554777388694347 0.06510910320674043 
0.9559779889944972 0.0650563903315735 
0.9564782391195598 0.06499070805986354 
0.9569784892446223 0.06491176846438433 
0.9574787393696848 0.06481928849314128 
0.9579789894947474 0.06471299030428083 
0.9584792396198099 0.06459260159998803 
0.9589794897448723 0.06445785595895215 
0.9594797398699348 0.0643084931669628 
0.9599799899949975 0.06414425954520554 
0.96048024012006 0.06396490827582167 
0.9609804902451224 0.06377019972429684 
0.961480740370185 0.06355990175823543 
0.9619809904952475 0.06333379006208911 
0.96248124062031 0.0630916484473986 
0.9629814907453726 0.06283326915811527 
0.9634817408704351 0.06255845317056735 
0.9639819909954976 0.06226701048763876 
0.9644822411205602 0.06195876042673432 
0.9649824912456227 0.0616335319011077 
0.9654827413706852 0.061291163694131574 
0.9659829914957478 0.0609315047260989 
0.9664832416208103 0.060554414313140924 
0.9669834917458728 0.06015976241787096 
0.9674837418709354 0.05974742989135278 
0.9679839919959979 0.05931730870601158 
0.9684842421210604 0.05886930217911155 
0.968984492246123 0.0584033251864282 
0.9694847423711855 0.05791930436576404 
0.969984992496248 0.05741717830995967 
0.9704852426213106 0.056896897749062925 
0.9709854927463731 0.05635842572133393 
0.9714857428714356 0.055801737732776906 
0.9719859929964981 0.05522682190489946 
0.9724862431215607 0.054633679110416146 
0.9729864932466232 0.05402232309662507 
0.9734867433716857 0.05339278059620642 
0.9739869934967483 0.05274509142519485 
0.9744872436218108 0.052079308567912846 
0.9749874937468733 0.05139549824864708 
0.9754877438719359 0.05069373998988145 
0.9759879939969984 0.049974126656907224 
0.9764882441220609 0.049236764488665354 
0.9769884942471235 0.04848177311466064 
0.977488744372186 0.04770928555784822 
0.9779889944972485 0.04691944822337292 
0.9784892446223111 0.046112420873088554 
0.9789894947473736 0.04528837658577942 
0.9794897448724361 0.04444750170305366 
0.9799899949974987 0.043589995760858785 
0.9804902451225612 0.04271607140663756 
0.9809904952476237 0.04182595430211535 
0.9814907453726863 0.04091988301175573 
0.9819909954977488 0.0399981088769449 
0.9824912456228113 0.03906089587595905 
0.9829914957478738 0.03810852046981776 
0.9834917458729364 0.037141271434132754 
0.9839919959979989 0.03615944967707251 
0.9844922461230614 0.03516336804360054 
0.984992496248124 0.034153351106152946 
0.9854927463731865 0.033129734941945654 
0.985992996498249 0.03209286689711283 
0.9864932466233116 0.031043105337906243 
0.9869934967483741 0.029980819389200185 
0.9874937468734366 0.028906388660559747 
0.9879939969984992 0.027820202960161088 
0.9884942471235617 0.02672266199684906 
0.9889944972486242 0.02561417507066445 
0.9894947473736868 0.024495160752150285 
0.9899949974987493 0.023366046550810236 
0.9904952476238118 0.022227268573063338 
0.9909954977488744 0.021079271170082816 
0.9914957478739369 0.019922506575913584 
0.9919959979989994 0.0187574345362757 
0.992496248124062 0.017584521928471375 
0.9929964982491245 0.016404242372841785 
0.993496748374187 0.015217075836208932 
0.9939969984992496 0.014023508227770702 
0.9944972486243121 0.012824030987913298 
0.9949974987493746 0.011619140670433528 
0.9954977488744371 0.010409338518645892 
0.9959979989994997 0.009195130035887072 
0.9964982491245622 0.007977024550923374 
0.9969984992496247 0.006755534778773959 
0.9974987493746873 0.005531176377474106 
0.9979989994997498 0.0043044675013106755 
0.9984992496248123 0.0030759283510588035 
0.9989994997498749 0.0018460807217646844 
0.9994997498749374 0.0006154475486068835 
1.0 0.0 
