xdata ydata 
0.0 0.16001691467630477 
0.0005002501250625312 0.15992500904144022 
0.0010005002501250625 0.1597414254101485 
0.0015007503751875936 0.1594666184046303 
0.002001000500250125 0.15910126832342664 
0.0025012506253126563 0.15864627918509341 
0.003001500750375187 0.15810277612872667 
0.0035017508754377185 0.15747210217898874 
0.00400200100050025 0.1567558143851559 
0.004502251125562781 0.15595567934555501 
0.0050025012506253125 0.15507366813057288 
0.005502751375687844 0.15411195061919558 
0.006003001500750374 0.15307288926578258 
0.006503251625812906 0.15195903231545732 
0.007003501750875437 0.1507731064881489 
0.007503751875937968 0.1495180091528948 
0.0080040020010005 0.1481968000155396 
0.00850425212606303 0.14681269234443092 
0.009004502251125562 0.14536904376009005 
0.009504752376188093 0.14386934661616618 
0.010005002501250625 0.14231721800021266 
0.010505252626313155 0.14071638938398637 
0.011005502751375688 0.13907069595404817 
0.011505752876438218 0.13738406565442496 
0.012006003001500749 0.13566050797399026 
0.01250625312656328 0.13390410251202928 
0.013006503251625811 0.13211898735614674 
0.013506753376688344 0.13030934730729726 
0.014007003501750874 0.12847940198721094 
0.014507253626813406 0.1266333938638949 
0.015007503751875937 0.12477557623118865 
0.015507753876938469 0.1229102011785383 
0.016008004002001 0.12104150758724135 
0.01650825412706353 0.11917370918938579 
0.01700850425212606 0.11731098272557616 
0.017508754377188594 0.1154574562372919 
0.018009004502251125 0.11361719752937545 
0.018509254627313655 0.11179420283768189 
0.019009504752376186 0.10999238573635765 
0.01950975487743872 0.10821556631853463 
0.02001000500250125 0.10646746068344841 
0.02051025512756378 0.10475167076209932 
0.02101050525262631 0.10307167451259153 
0.02151075537768884 0.10143081651519377 
0.022011005502751375 0.09983229899598084 
0.022511255627813906 0.09827917330663753 
0.023011505752876436 0.09677433188663465 
0.023511755877938967 0.09532050073252951 
0.024012006003001497 0.09392023239760303 
0.02451225612806403 0.09257589954342217 
0.02501250625312656 0.09128968906322434 
0.025512756378189092 0.09006359679525273 
0.026013006503251623 0.08889942284233991 
0.026513256628314157 0.08779876751214868 
0.027013506753376687 0.08676302789053232 
0.027513756878439218 0.08579339505848309 
0.028014007003501748 0.08489085196110091 
0.02851425712856428 0.08405617193494465 
0.029014507253626812 0.08328991789802151 
0.029514757378689343 0.08259244220454623 
0.030015007503751873 0.08196388716446139 
0.030515257628814404 0.0814041862255508 
0.031015507753876938 0.08091306581383143 
0.03151575787893947 0.08049004782574877 
0.032016008004002 0.08013445276356751 
0.03251625812906453 0.0798454035032234 
0.03301650825412706 0.07962182968180662 
0.03351675837918959 0.07946247268978449 
0.03401700850425212 0.07936589125104679 
0.03451725862931466 0.07933046757187939 
0.03501750875437719 0.0793544140380511 
0.03551775887943972 0.07943578043733429 
0.03601800900450225 0.07957246168298696 
0.03651825912956478 0.0797622060120056 
0.03701850925462731 0.08000262363031246 
0.03751875937968984 0.08029119577549795 
0.03801900950475237 0.08062528416627034 
0.0385192596298149 0.08100214080641134 
0.03901950975487744 0.0814189181097731 
0.03951975987993997 0.0818726793117104 
0.0400200100050025 0.08236040913130409 
0.04052026013006503 0.08287902464782053 
0.04102051025512756 0.08342538635405591 
0.04152076038019009 0.08399630934855092 
0.04202101050525262 0.0845885746281244 
0.04252126063031515 0.08519894044176972 
0.04302151075537768 0.08582415366668837 
0.04352176088044022 0.08646096116710514 
0.04402201100550275 0.08710612109650959 
0.04452226113056528 0.08775641410411987 
0.04502251125562781 0.08840865440664328 
0.04552276138069034 0.0890597006868357 
0.04602301150575287 0.08970646678092213 
0.0465232616308154 0.09034593211764357 
0.047023511755877934 0.09097515187252897 
0.047523761880940464 0.09159126680196628 
0.048024012006002995 0.09219151272274345 
0.04852426213106553 0.09277322960396624 
0.04902451225612806 0.09333387023961211 
0.04952476238119059 0.09387100847145448 
0.05002501250625312 0.09438234693368455 
0.050525262631315654 0.09486572429226076 
0.051025512756378184 0.09531912195381977 
0.051525762881440715 0.09574067022089115 
0.052026013006503245 0.09612865387215683 
0.052526263131565776 0.09648151714857646 
0.05302651325662831 0.09679786812836799 
0.053526763381690844 0.09707648247605663 
0.054027013506753374 0.09731630655311009 
0.054527263631815905 0.09751645988001961 
0.055027513756878435 0.09767623694208431 
0.055527763881940966 0.09779510833358865 
0.056028014007003496 0.0978727212375206 
0.056528264132066026 0.0979088992404571 
0.05702851425712856 0.0979036414847302 
0.057528764382191094 0.09785712116247385 
0.058029014507253625 0.09776968335862951 
0.058529264632316155 0.09764184225244463 
0.059029514757378686 0.09747427768942618 
0.059529764882441216 0.0972678311381035 
0.06003001500750375 0.09702350104829566 
0.06053026513256628 0.09674243762985935 
0.06103051525762881 0.09642593707311707 
0.06153076538269134 0.09607543523430336 
0.062031015507753876 0.09569250081142494 
0.0625312656328164 0.09527882803789711 
0.06303151575787894 0.09483622892318347 
0.06353176588294146 0.09436662507141744 
0.064032016008004 0.09387203911062747 
0.06453226613306653 0.09335458576670272 
0.06503251625812906 0.0928164626176191 
0.0655327663831916 0.09225994056470077 
0.06603301650825412 0.09168735405879613 
0.06653326663331666 0.09110109112021475 
0.06703351675837918 0.09050358319207699 
0.06753376688344172 0.0898972948673923 
0.06803401700850424 0.08928471353067255 
0.06853426713356678 0.08866833895523255 
0.06903451725862932 0.08805067289749714 
0.06953476738369184 0.08743420872965177 
0.07003501750875438 0.08682142115181626 
0.0705352676338169 0.08621475602460198 
0.07103551775887944 0.08561662036243081 
0.07153576788394196 0.08502937252735034 
0.0720360180090045 0.08445531266226715 
0.07253626813406702 0.08389667340156222 
0.07303651825912956 0.08335561089592669 
0.0735367683841921 0.08283419618698763 
0.07403701850925462 0.0823344069658794 
0.07453726863431716 0.08185811974835137 
0.07503751875937968 0.0814071024973175 
0.07553776888444222 0.08098300772192775 
0.07603801900950474 0.08058736608029625 
0.07653826913456728 0.08022158051097264 
0.0770385192596298 0.07988692091606953 
0.07753876938469234 0.07958451941670812 
0.07803901950975488 0.07931536619909237 
0.0785392696348174 0.07908030596709548 
0.07903951975987994 0.07888003501474822 
0.07953976988494246 0.07871509892946385 
0.080040020010005 0.07858589093423245 
0.08054027013506752 0.07849265087437712 
0.08104052026013006 0.07843546485179857 
0.08154077038519258 0.07841426550695241 
0.08204102051025512 0.07842883294611618 
0.08254127063531766 0.0784787963088242 
0.08304152076038018 0.07856363596768848 
0.08354177088544272 0.07868268635018667 
0.08404202101050524 0.0788351393694135 
0.08454227113556778 0.07902004844824517 
0.0850425212606303 0.07923633311889265 
0.08554277138569284 0.07948278417741457 
0.08604302151075537 0.07975806937043559 
0.0865432716358179 0.08006073958909345 
0.08704352176088044 0.0803892355431072 
0.08754377188594296 0.08074189488585043 
0.0880440220110055 0.08111695975941934 
0.08854427213606803 0.08151258472692534 
0.08904452226113056 0.08192684505761233 
0.08954477238619309 0.08235774532892581 
0.09004502251125562 0.08280322830832318 
0.09054527263631815 0.08326118407644809 
0.09104552276138068 0.0837294593522804 
0.09154577288644322 0.08420586698002684 
0.09204602301150575 0.0846881955368546 
0.09254627313656828 0.08517421902006019 
0.0930465232616308 0.08566170657195772 
0.09354677338669334 0.0861484322006198 
0.09404702351175587 0.08663218445464674 
0.0945472736368184 0.08711077601035343 
0.09504752376188093 0.08758205313016096 
0.09554777388694347 0.08804390495155498 
0.09604802401200599 0.08849427256671773 
0.09654827413706853 0.08893115785386778 
0.09704852426213106 0.08935263202242712 
0.09754877438719359 0.08975684383539285 
0.09804902451225612 0.09014202747370612 
0.09854927463731865 0.09050651000897225 
0.09904952476238119 0.09084871845261033 
0.09954977488744371 0.0911671863513527 
0.10005002501250625 0.09146055990101007 
0.10055027513756877 0.09172760355252094 
0.10105052526263131 0.09196720508652641 
0.10155077538769385 0.09217838013504472 
0.10205102551275637 0.09236027613123333 
0.1025512756378189 0.09251217567073967 
0.10305152576288143 0.09263349927071642 
0.10355177588794397 0.09272380751522086 
0.10405202601300649 0.09278280257840861 
0.10455227613806903 0.09281032911966268 
0.10505252626313155 0.09280637454755651 
0.10555277638819409 0.09277106865232206 
0.10605302651325663 0.09270468260926573 
0.10655327663831915 0.09260762735834512 
0.10705352676338169 0.09248045136785639 
0.10755377688844421 0.09232383779289413 
0.10805402701350675 0.09213860104190898 
0.10855427713856927 0.09192568276728853 
0.10905452726363181 0.09168614729842817 
0.10955477738869433 0.09142117653820703 
0.11005502751375687 0.09113206434615119 
0.11055527763881941 0.09082021043382173 
0.11105552776388193 0.09048711380011897 
0.11155577788894447 0.09013436573621209 
0.11205602801400699 0.08976364243170354 
0.11255627813906953 0.08937669721538866 
0.11305652826413205 0.08897535246557654 
0.11355677838919459 0.08856149122639315 
0.11405702851425711 0.08813704856777069 
0.11455727863931965 0.08770400272795781 
0.11505752876438219 0.0872643660783233 
0.11555777888944471 0.08682017595100903 
0.11605802901450725 0.08637348537056883 
0.11655827913956977 0.08592635373114603 
0.11705852926463231 0.08548083746095693 
0.11755877938969483 0.08503898071588606 
0.11805902951475737 0.0846028061438504 
0.1185592796398199 0.08417430576124299 
0.11905952976488243 0.08375543198225106 
0.11955977988994497 0.08334808884113377 
0.1200600300150075 0.08295412344665765 
0.12056028014007003 0.08257531770682834 
0.12106053026513255 0.08221338036082212 
0.12156078039019509 0.08186993935362112 
0.12206103051525762 0.08154653458729788 
0.12256128064032015 0.08124461108118242 
0.12306153076538268 0.08096551257128905 
0.12356178089044521 0.08071047557738466 
0.12406203101550775 0.08048062396396004 
0.12456228114057027 0.08027696401912415 
0.1250625312656328 0.08010038007309399 
0.12556278139069535 0.07995163067550463 
0.12606303151575787 0.07983134534823262 
0.1265632816408204 0.07974002192781635 
0.12706353176588292 0.07967802450888259 
0.12756378189094547 0.07964558199727016 
0.128064032016008 0.0796427872787718 
0.12856428214107052 0.0796695970066314 
0.12906453226613307 0.07972583200812498 
0.1295647823911956 0.07981117830775349 
0.13006503251625812 0.07992518876177765 
0.13056528264132064 0.08006728529605722 
0.1310655327663832 0.08023676173642486 
0.13156578289144572 0.08043278721813815 
0.13206603301650824 0.08065441015833488 
0.13256628314157076 0.08090056277286316 
0.1330665332666333 0.08117006611639804 
0.13356678339169584 0.08146163562238434 
0.13406703351675836 0.0817738871170882 
0.1345672836418209 0.08210534327989433 
0.13506753376688344 0.08245444051996967 
0.13556778389194596 0.0828195362375358 
0.13606803401700848 0.08319891643625621 
0.13656828414207103 0.08359080365166503 
0.13706853426713356 0.08399336515914071 
0.13756878439219608 0.08440472142367304 
0.13806903451725863 0.08482295475259631 
0.13856928464232116 0.08524611811154723 
0.13906953476738368 0.08567224406319349 
0.1395697848924462 0.08609935378773749 
0.14007003501750875 0.08652546614385109 
0.14057028514257128 0.0869486067285373 
0.1410705352676338 0.08736681689444478 
0.14157078539269632 0.0877781626833837 
0.14207103551775888 0.08818074363519675 
0.1425712856428214 0.08857270143173925 
0.14307153576788392 0.08895222833650053 
0.14357178589294647 0.08931757539136234 
0.144072036018009 0.08966706033312857 
0.14457228614307152 0.08999907519376919 
0.14507253626813404 0.09031209354979558 
0.1455727863931966 0.09060467738782294 
0.14607303651825912 0.09087548355515265 
0.14657328664332164 0.09112326976614202 
0.1470735367683842 0.09134690013718583 
0.14757378689344672 0.09154535022532224 
0.14807403701850924 0.0917177115477771 
0.14857428714357176 0.09186319556215918 
0.14907453726863432 0.0919811370895273 
0.14957478739369684 0.0920709971651155 
0.15007503751875936 0.09213236530415957 
0.1505752876438219 0.0921649611729706 
0.15107553776888444 0.09216863565814719 
0.15157578789394696 0.09214337132960548 
0.15207603801900949 0.09208928229590181 
0.15257628814407204 0.09200661345313083 
0.15307653826913456 0.09189573913148331 
0.15357678839419708 0.09175716114632487 
0.1540770385192596 0.09159150626340765 
0.15457728864432216 0.09139952309052547 
0.15507753876938468 0.09118207841056912 
0.1555777888944472 0.09094015297351318 
0.15607803901950976 0.0906748367673536 
0.15657828914457228 0.0903873237904174 
0.1570785392696348 0.09007890634975985 
0.15757878939469733 0.08975096891253712 
0.15807903951975988 0.08940498153930046 
0.1585792896448224 0.08904249293007499 
0.15907953976988493 0.08866512311585553 
0.15957978989494745 0.08827455582977872 
0.16008004002001 0.08787253059369098 
0.16058029014507252 0.08746083455712364 
0.16108054027013505 0.08704129412681837 
0.1615807903951976 0.08661576642588001 
0.16208104052026012 0.08618613062240826 
0.16258129064532265 0.08575427916803016 
0.16308154077038517 0.08532210898714895 
0.16358179089544772 0.08489151265792169 
0.16408204102051024 0.08446436962598983 
0.16458229114557277 0.0840425374918016 
0.16508254127063532 0.0836278434119953 
0.16558279139569784 0.08322207565474957 
0.16608304152076037 0.08282697534826289 
0.1665832916458229 0.08244422846059356 
0.16708354177088544 0.08207545804798622 
0.16758379189594796 0.08172221680753287 
0.1680840420210105 0.08138597996856843 
0.168584292146073 0.08106813855559628 
0.16908454227113556 0.08076999305378248 
0.1695847923961981 0.08049274750615397 
0.1700850425212606 0.08023750406959673 
0.17058529264632316 0.08000525805459346 
0.17108554277138568 0.07979689347135198 
0.1715857928964482 0.07961317910260181 
0.17208604302151073 0.07945476512085141 
0.17258629314657328 0.07932218026534539 
0.1730865432716358 0.0792158295913256 
0.17358679339669833 0.07913599280151884 
0.17408704352176088 0.07908282316703515 
0.1745872936468234 0.0790563470421014 
0.17508754377188593 0.07905646397426694 
0.17558779389694845 0.07908294740892716 
0.176088044022011 0.07913544598422943 
0.17658829414707353 0.07921348540965871 
0.17708854427213605 0.07931647091886851 
0.17758879439719857 0.07944369028463996 
0.17808904452226113 0.07959431738121746 
0.17858929464732365 0.0797674162767175 
0.17908954477238617 0.07996194583582897 
0.17958979489744872 0.08017676481064141 
0.18009004502251125 0.08041063739516235 
0.18059029514757377 0.08066223921692577 
0.1810905452726363 0.08093016373705567 
0.18159079539769885 0.08121292902825351 
0.18209104552276137 0.08150898489842265 
0.1825912956478239 0.0818167203260387 
0.18309154577288644 0.08213447117193813 
0.18359179589794897 0.0824605281309156 
0.1840920460230115 0.08279314488542677 
0.18459229614807401 0.08313054642276252 
0.18509254627313657 0.08347093747632141 
0.1855927963981991 0.08381251105105506 
0.1860930465232616 0.08415345699278537 
0.18659329664832414 0.08449197056092611 
0.1870935467733867 0.08482626096414365 
0.1875937968984492 0.0851545598187071 
0.18809404702351173 0.08547512948966282 
0.18859429714857429 0.08578627127555793 
0.1890945472736368 0.0860863333981982 
0.18959479739869933 0.08637371875988183 
0.19009504752376186 0.08664689243166841 
0.1905952976488244 0.08690438883754642 
0.19109554777388693 0.08714481860082274 
0.19159579789894945 0.08736687502067704 
0.19209604802401198 0.08756934014860006 
0.19259629814907453 0.08775109043634947 
0.19309654827413705 0.08791110192909933 
0.19359679839919958 0.0880484549796392 
0.19409704852426213 0.08816233846175753 
0.19459729864932465 0.0882520534633374 
0.19509754877438718 0.08831701644216432 
0.1955977988994497 0.08835676183001523 
0.19609804902451225 0.08837094407321004 
0.19659829914957477 0.08835933910050345 
0.1970985492746373 0.08832184521190282 
0.19759879939969985 0.08825848338476304 
0.19809904952476237 0.08816939699627031 
0.1985992996498249 0.08805485096420099 
0.19909954977488742 0.08791523031060622 
0.19959979989994997 0.08775103815580833 
0.2001000500250125 0.08756289315279826 
0.20060030015007502 0.08735152637478391 
0.20110055027513754 0.08711777767121924 
0.2016008004002001 0.08686259151017788 
0.20210105052526262 0.08658701232735477 
0.20260130065032514 0.0862921794043258 
0.2031015507753877 0.08597932130091476 
0.2036018009004502 0.08564974986863222 
0.20410205102551274 0.08530485387412574 
0.20460230115057526 0.08494609226342638 
0.2051025512756378 0.08457498709946519 
0.20560280140070034 0.084193116206881 
0.20610305152576286 0.0838021055595088 
0.2066033016508254 0.08340362144715008 
0.20710355177588793 0.08299936245926057 
0.20760380190095046 0.08259105132404145 
0.20810405202601298 0.08218042664209164 
0.20860430215107553 0.08176923455425912 
0.20910455227613806 0.08135922038362554 
0.20960480240120058 0.08095212029166066 
0.2101050525262631 0.08054965298849194 
0.21060530265132565 0.08015351153696106 
0.21110555277638818 0.07976535528966454 
0.2116058029014507 0.07938680199752624 
0.21210605302651325 0.07901942012760471 
0.21260630315157578 0.07866472142682407 
0.2131065532766383 0.0783241537671167 
0.21360680340170082 0.07799909430610724 
0.21410705352676337 0.07769084299593482 
0.2146073036518259 0.07740061647113415 
0.21510755377688842 0.0771295423446568 
0.21560780390195097 0.07687865393915332 
0.2161080540270135 0.07664888547853002 
0.21660830415207602 0.07644106776258146 
0.21710855427713854 0.07625592434516683 
0.2176088044022011 0.0760940682339765 
0.21810905452726362 0.07595599912742021 
0.21860930465232614 0.07584210120158637 
0.21910955477738867 0.07575264145756617 
0.21960980490245122 0.07568776863674852 
0.22011005502751374 0.07564751270895013 
0.22061030515257626 0.07563178493549146 
0.22111055527763882 0.07564037850656141 
0.22161080540270134 0.07567296974945219 
0.22211105552776386 0.07572911990149193 
0.22261130565282639 0.07580827743879348 
0.22311155577788894 0.07590978094925367 
0.22361180590295146 0.0760328625356252 
0.22411205602801398 0.07617665173192584 
0.22461230615307654 0.07634017991398233 
0.22511255627813906 0.07652238518252402 
0.22561280640320158 0.07672211769496792 
0.2261130565282641 0.07693814541987519 
0.22661330665332666 0.07716916028602276 
0.22711355677838918 0.07741378469613382 
0.2276138069034517 0.07767057837355171 
0.22811405702851423 0.0779380455085418 
0.22861430715357678 0.07821464216945528 
0.2291145572786393 0.07849878394271764 
0.22961480740370183 0.07878885376450023 
0.23011505752876438 0.07908320990600391 
0.2306153076538269 0.07938019407355136 
0.23111555777888942 0.07967813958412459 
0.23161580790395195 0.07997537957661996 
0.2321160580290145 0.08027025521892608 
0.23261630815407702 0.08056112387094519 
0.23311655827913955 0.08084636716389257 
0.2336168084042021 0.08112439895661754 
0.23411705852926462 0.08139367313027548 
0.23461730865432714 0.0816526911834728 
0.23511755877938967 0.08190000959096316 
0.23561780890445222 0.08213424689012125 
0.23611805902951474 0.08235409046073844 
0.23661830915457727 0.08255830296516846 
0.2371185592796398 0.08274572841749472 
0.23761880940470234 0.08291529785219379 
0.23811905952976486 0.0830660345647037 
0.2386193096548274 0.083197058898388 
0.23911955977988994 0.08330759255458246 
0.23961980990495246 0.08339696240472938 
0.240120060030015 0.08346460378602036 
0.2406203101550775 0.08351006326447483 
0.24112056028014006 0.08353300085197854 
0.24162081040520259 0.08353319166644903 
0.2421210605302651 0.08351052702701761 
0.24262131065532766 0.08346501497885556 
0.24312156078039018 0.08339678024506275 
0.2436218109054527 0.08330606360581727 
0.24412206103051523 0.08319322070778865 
0.24462231115557778 0.08305872030959272 
0.2451225612806403 0.08290314197182036 
0.24562281140570283 0.08272717320289338 
0.24612306153076535 0.08253160607465525 
0.2466233116558279 0.0823173333242102 
0.24712356178089043 0.08208534396103759 
0.24762381190595295 0.08183671840083592 
0.2481240620310155 0.0815726231498843 
0.24862431215607803 0.0812943050659133 
0.24912456228114055 0.08100308522356736 
0.24962481240620307 0.08070035241449836 
0.2501250625312656 0.08038755631392994 
0.25062531265632815 0.08006620034719461 
0.2511255627813907 0.07973783429123536 
0.2516258129064532 0.07940404664738678 
0.25212606303151575 0.07906645682290345 
0.2526263131565783 0.07872670715966398 
0.2531265632816408 0.07838645484926846 
0.25362681340670334 0.07804736377432574 
0.25412706353176584 0.07771109631613635 
0.2546273136568284 0.07737930516916748 
0.25512756378189094 0.0770536252027251 
0.25562781390695344 0.07673566541003606 
0.256128064032016 0.07642700098455729 
0.25662831415707854 0.07612916556275506 
0.25712856428214104 0.075843643671804 
0.2576288144072036 0.07557186341970774 
0.25812906453226614 0.07531518946417724 
0.25862931465732864 0.07507491629528076 
0.2591295647823912 0.07485226186537643 
0.2596298149074537 0.0746483615981654 
0.26013006503251623 0.07446426280688156 
0.2606303151575788 0.07430091954965476 
0.2611305652826413 0.0741591879479681 
0.26163081540770383 0.07403982199188663 
0.2621310655327664 0.07394346985336525 
0.2626313156578289 0.07387067072647209 
0.26313156578289143 0.07382185221079562 
0.263631815907954 0.07379732825164817 
0.2641320660330165 0.07379729764795348 
0.26463231615807903 0.07382184313592974 
0.2651325662831415 0.07387093105384512 
0.2656328164082041 0.0739444115902712 
0.2661330665332666 0.07404201961538555 
0.2666333166583291 0.07416337609199578 
0.2671335667833917 0.07430799006009237 
0.2676338169084542 0.07447526118590111 
0.2681340670335167 0.07466448286359754 
0.26863431715857927 0.07487484585510741 
0.2691345672836418 0.07510544245072154 
0.2696348174087043 0.07535527113066764 
0.27013506753376687 0.07562324170525607 
0.2706353176588294 0.0759081809088215 
0.2711355677838919 0.07620883842038906 
0.27163581790895447 0.07652389328183509 
0.27213606803401696 0.07685196068229118 
0.2726363181590795 0.07719159907566782 
0.27313656828414207 0.07754131759646006 
0.27363681840920456 0.07789958373745437 
0.2741370685342671 0.07826483125158087 
0.27463731865932967 0.07863546823896847 
0.27513756878439216 0.07900988537926636 
0.2756378189094547 0.07938646426847727 
0.27613806903451726 0.07976358581895325 
0.27663831915957976 0.0801396386807922 
0.2771385692846423 0.0805130276426723 
0.2776388194097048 0.08088218197016855 
0.27813906953476736 0.08124556363980337 
0.2786393196598299 0.08160167542750238 
0.2791395697848924 0.08194906881074498 
0.27963981990995496 0.08228635164451996 
0.2801400700350175 0.0826121955722241 
0.28064032016008 0.08292534313384411 
0.28114057028514255 0.08322461453517713 
0.2816408204102051 0.08350891404342056 
0.2821410705352676 0.08377723597622544 
0.28264132066033015 0.08402867025323284 
0.28314157078539265 0.08426240748119393 
0.2836418209104552 0.08447774354601154 
0.28414207103551775 0.08467408368740217 
0.28464232116058025 0.08485094603437852 
0.2851425712856428 0.08500796458236133 
0.28564282141070535 0.08514489159543855 
0.28614307153576785 0.08526159942009191 
0.2866433216608304 0.08535808169958983 
0.28714357178589295 0.08543445398118024 
0.28764382191095544 0.08549095371120459 
0.288144072036018 0.08552793961627385 
0.28864432216108055 0.08554589047168637 
0.28914457228614304 0.08554540326130503 
0.2896448224112056 0.08552719073614712 
0.2901450725362681 0.08549207838194274 
0.29064532266133064 0.08544100080888044 
0.2911455727863932 0.08537499757967211 
0.2916458229114557 0.08529520849490374 
0.29214607303651824 0.0852028683574005 
0.2926463231615808 0.08509930123998735 
0.2931465732866433 0.08498591428357807 
0.29364682341170584 0.08486419105495056 
0.2941470735367684 0.08473568449585027 
0.2946473236618309 0.0846020094972128 
0.29514757378689344 0.08446483513427251 
0.29564782391195593 0.08432587660014206 
0.2961480740370185 0.08418688687708621 
0.29664832416208103 0.08404964818615841 
0.29714857428714353 0.08391596325713127 
0.2976488244122061 0.0837876464616986 
0.29814907453726863 0.08366651485378401 
0.29864932466233113 0.08355437916141716 
0.2991495747873937 0.08345303477506939 
0.29964982491245623 0.08336425277753204 
0.3001500750375187 0.08328977106040986 
0.3006503251625813 0.08323128557205922 
0.3011505752876438 0.08319044174134048 
0.3016508254127063 0.08316882612087304 
0.3021510755377689 0.0831679582925902 
0.30265132566283137 0.08318928307727387 
0.3031515757878939 0.08323416308843563 
0.3036518259129565 0.08330387166939 
0.30415207603801897 0.08339958625064024 
0.3046523261630815 0.08352238216280189 
0.3051525762881441 0.0836732269381878 
0.30565282641320657 0.08385297513193542 
0.3061530765382691 0.08406236369112124 
0.30665332666333167 0.08430200789775452 
0.30715357678839417 0.0845723979088274 
0.3076538269134567 0.08487389591376544 
0.3081540770385192 0.0852067339266878 
0.30865432716358177 0.08557101222783689 
0.3091545772886443 0.0859666984654185 
0.3096548274137068 0.08639362742589259 
0.31015507753876936 0.08685150147751752 
0.3106553276638319 0.08733989168865446 
0.3111555777888944 0.08785823961903887 
0.31165582791395696 0.08840585977890614 
0.3121560780390195 0.08898194274755933 
0.312656328164082 0.08958555893968084 
0.31315657828914456 0.09021566300445907 
0.31365682841420706 0.09087109883941749 
0.3141570785392696 0.09155060519772826 
0.31465732866433216 0.09225282186477393 
0.31515757878939465 0.09297629637680258 
0.3156578289144572 0.09371949125173488 
0.31615807903951976 0.09448079169950219 
0.31665832916458225 0.09525851377678841 
0.3171585792896448 0.09605091294868029 
0.31765882941470736 0.09685619301754259 
0.31815907953976985 0.09767251537742559 
0.3186593296648324 0.09849800855049283 
0.3191595797898949 0.0993307779603515 
0.31965982991495745 0.10016891589574811 
0.32016008004002 0.10101051161692398 
0.3206603301650825 0.10185366155594935 
0.32116058029014505 0.10269647956163523 
0.3216608304152076 0.10353710713911797 
0.3221610805402701 0.10437372363396674 
0.32266133066533265 0.10520455631063415 
0.3231615807903952 0.10602789027531152 
0.3236618309154577 0.10684207819370771 
0.32416208104052024 0.1076455497549872 
0.32466233116558274 0.10843682083405187 
0.3251625812906453 0.10921450230552682 
0.32566283141570784 0.10997730846423932 
0.32616308154077034 0.11072406500860496 
0.3266633316658329 0.11145371654520278 
0.32716358179089544 0.11216533357488696 
0.32766383191595794 0.11285811892304655 
0.3281640820410205 0.1135314135790965 
0.32866433216608304 0.11418470191291223 
0.32916458229114554 0.11481761623873904 
0.3296648324162081 0.11542994070006894 
0.33016508254127064 0.11602161445208747 
0.33066533266633313 0.11659273412152983 
0.3311655827913957 0.11714355552713583 
0.3316658329164582 0.11767449464734114 
0.33216608304152073 0.11818612782537298 
0.3326663331665833 0.11867919120551543 
0.3331665832916458 0.11915457939794989 
0.33366683341670833 0.11961334337325905 
0.3341670835417709 0.12005668759136395 
0.3346673336668334 0.12048596637335927 
0.33516758379189593 0.12090267952837026 
0.3356678339169585 0.12130846725118694 
0.336168084042021 0.12170510430999872 
0.3366683341670835 0.12209449354704863 
0.337168584292146 0.12247865871844327 
0.3376688344172086 0.12285973670263962 
0.3381690845422711 0.12323996911032019 
0.3386693346673336 0.12362169333139744 
0.3391695847923962 0.12400733305778278 
0.3396698349174587 0.12439938832325467 
0.3401700850425212 0.12480042510431395 
0.34067033516758377 0.12521306452823655 
0.3411705852926463 0.1256399717366773 
0.3416708354177088 0.1260838444550854 
0.34217108554277137 0.1265474013198781 
0.34267133566783387 0.1270333700167737 
0.3431715857928964 0.1275444752848782 
0.34367183591795897 0.1280834268420794 
0.34417208604302146 0.12865290728799075 
0.344672336168084 0.12925556004111974 
0.34517258629314657 0.1298939773670998 
0.34567283641820906 0.13057068855472348 
0.3461730865432716 0.1312881482961452 
0.34667333666833416 0.13204872532697898 
0.34717358679339666 0.13285469138111758 
0.3476738369184592 0.13370821051392698 
0.34817408704352176 0.13461132884605062 
0.34867433716858426 0.13556596477836372 
0.3491745872936468 0.13657389972671305 
0.3496748374187093 0.13763676942289305 
0.35017508754377186 0.1387560558259261 
0.3506753376688344 0.13993307968509666 
0.3511755877938969 0.14116899379336997 
0.35167583791895946 0.14246477696680687 
0.352176088044022 0.14382122878238635 
0.3526763381690845 0.14523896510328096 
0.35317658829414705 0.1467184144171092 
0.3536768384192096 0.14825981500903068 
0.3541770885442721 0.14986321298776542 
0.35467733866933465 0.15152846117875032 
0.35517758879439715 0.15325521889465915 
0.3556778389194597 0.15504295258948872 
0.35617808904452225 0.15689093739833115 
0.35667833916958475 0.15879825956082028 
0.3571785892946473 0.16076381972213977 
0.35767883941970985 0.1627863371013394 
0.35817908954477234 0.16486435451263126 
0.3586793396698349 0.16699624422128925 
0.35917958979489745 0.1691802146118019 
0.35967983991995994 0.17141431764202805 
0.3601800900450225 0.17369645705333195 
0.360680340170085 0.17602439730299577 
0.36118059029514754 0.17839577318167926 
0.3616808404202101 0.18080810007534187 
0.3621810905452726 0.18325878482782038 
0.36268134067033514 0.18574513715727023 
0.3631815907953977 0.18826438157685418 
0.3636818409204602 0.19081366976748249 
0.36418209104552274 0.19339009334804885 
0.3646823411705853 0.1959906969864907 
0.3651825912956478 0.19861249179313306 
0.36568284142071034 0.20125246893618687 
0.3661830915457729 0.2039076134179332 
0.3666833416708354 0.20657491794907562 
0.36718359179589793 0.20925139685799088 
0.36768384192096043 0.21193409997110546 
0.368184092046023 0.21462012640047695 
0.36868434217108553 0.2173066381747381 
0.36918459229614803 0.21999087364999256 
0.3696848424212106 0.22267016063794123 
0.37018509254627313 0.22534192918952095 
0.3706853426713356 0.2280037239736125 
0.3711855927963982 0.2306532161919554 
0.37168584292146073 0.23328821497325045 
0.3721860930465232 0.23590667819153918 
0.3726863431715858 0.23850672265635575 
0.3731865932966483 0.24108663362474772 
0.3736868434217108 0.24364487358816608 
0.3741870935467734 0.24618009029030827 
0.37468734367183587 0.24869112393532333 
0.3751875937968984 0.25117701354930905 
0.375687843921961 0.25363700246172916 
0.37618809404702347 0.2560705428772563 
0.376688344172086 0.25847729951256665 
0.37718859429714857 0.2608571522767758 
0.37768884442221107 0.26321019797846695 
0.3781890945472736 0.2655367510466416 
0.3786893446723361 0.26783734325735997 
0.37918959479739867 0.2701127224623345 
0.3796898449224612 0.2723638503202861 
0.3801900950475237 0.27459189903639614 
0.38069034517258626 0.27679824711976037 
0.3811905952976488 0.27898447417322997 
0.3816908454227113 0.2811523547345174 
0.38219109554777386 0.28330385119181944 
0.3826913456728364 0.2854411058015295 
0.3831915957978989 0.28756643183979125 
0.38369184592296146 0.28968230392372724 
0.38419209604802396 0.2917913475420773 
0.3846923461730865 0.2938963278387435 
0.38519259629814906 0.2960001376962917 
0.38569284642321155 0.2981057851698285 
0.3861930965482741 0.3002163803248155 
0.38669334667333666 0.3023351215352897 
0.38719359679839915 0.3044652813016238 
0.3876938469234617 0.3066101916493659 
0.38819409704852426 0.30877322917282185 
0.38869434717358675 0.3109577997888964 
0.3891945972986493 0.31316732326826197 
0.38969484742371185 0.315405217612182 
0.39019509754877435 0.317674883344254 
0.3906953476738369 0.31997968778699054 
0.3911955977988994 0.3223229493934574 
0.39169584792396195 0.3247079222042026 
0.3921960980490245 0.3271377804993902 
0.392696348174087 0.32961560371540727 
0.39319659829914955 0.33214436169427214 
0.3936968484242121 0.3347269003328984 
0.3941970985492746 0.33736592769768836 
0.39469734867433715 0.3400640006680712 
0.3951975987993997 0.3428235121704082 
0.3956978489244622 0.34564667906124386 
0.39619809904952474 0.34853553071615606 
0.39669834917458724 0.35149189837744604 
0.3971985992996498 0.3545174053106866 
0.39769884942471234 0.3576134578166568 
0.39819909954977484 0.36078123714149396 
0.3986993496748374 0.3640216923239936 
0.39919959979989994 0.3673355340148971 
0.39969984992496244 0.37072322929874646 
0.400200100050025 0.3741849975444865 
0.40070035017508754 0.37772080730644875 
0.40120060030015003 0.3813303742927114 
0.4017008504252126 0.38501316041309425 
0.4022011005502751 0.38876837391425234 
0.40270135067533763 0.3925949706044722 
0.4032016008004002 0.396491656165927 
0.4037018509254627 0.4004568895472579 
0.40420210105052523 0.404488887424516 
0.4047023511755878 0.4085856297136881 
0.4052026013006503 0.4127448661132875 
0.40570285142571283 0.416964123650851 
0.4062031015507754 0.421240715202632 
0.4067033516758379 0.4255717489513646 
0.4072036018009004 0.4299541387427196 
0.407703851925963 0.43438461529697653 
0.4082041020510255 0.43885973822852 
0.408704352176088 0.44337590882209643 
0.4092046023011505 0.4479293835112566 
0.4097048524262131 0.4525162880012183 
0.4102051025512756 0.45713263197536697 
0.4107053526763381 0.4617743243219224 
0.41120560280140067 0.46643718881487567 
0.4117058529264632 0.4711169801811544 
0.4122061030515257 0.47580940048414627 
0.41270635317658827 0.48051011575221225 
0.4132066033016508 0.4852147727795944 
0.4137068534267133 0.48991901602627225 
0.41420710355177587 0.49461850454277817 
0.41470735367683836 0.49930892884576555 
0.4152076038019009 0.5039860276702559 
0.41570785392696347 0.5086456045249538 
0.41620810405202596 0.5132835439778022 
0.4167083541770885 0.5178958276000923 
0.41720860430215106 0.5224785494988684 
0.41770885442721356 0.5270279313691435 
0.4182091045522761 0.5315403369995301 
0.41870935467733866 0.5360122861672497 
0.41920960480240116 0.5404404678611683 
0.4197098549274637 0.5448217527744446 
0.4202101050525262 0.5491532050116138 
0.42071035517758876 0.5534320929583639 
0.4212106053026513 0.5576558992660025 
0.4217108554277138 0.5618223299065028 
0.42221110555277636 0.5659293222581706 
0.4227113556778389 0.5699750521862597 
0.4232116058029014 0.573957940087351 
0.42371185592796395 0.5778766558709214 
0.4242121060530265 0.5817301228562649 
0.424712356178089 0.5855175205677703 
0.42521260630315155 0.5892382864164829 
0.4257128564282141 0.592892116260841 
0.4262131065532766 0.5964789638445059 
0.42671335667833915 0.5999990391142069 
0.42721360680340165 0.6034528054255419 
0.4277138569284642 0.6068409756496536 
0.42821410705352675 0.6101645071986048 
0.42871435717858924 0.6134245959921296 
0.4292146073036518 0.6166226693931671 
0.42971485742871435 0.6197603781441955 
0.43021510755377684 0.6228395873408594 
0.4307153576788394 0.6258623664836864 
0.43121560780390195 0.6288309786528036 
0.43171585792896444 0.6317478688544881 
0.432216108054027 0.634615651592081 
0.4327163581790895 0.6374370977172407 
0.43321660830415204 0.6402151206207346 
0.4337168584292146 0.6429527618248871 
0.4342171085542771 0.6456531760424553 
0.43471735867933964 0.6483196157690786 
0.4352176088044022 0.6509554154784827 
0.4357178589294647 0.6535639754913694 
0.43621810905452724 0.656148745590345 
0.4367183591795898 0.6587132084543145 
0.4372186093046523 0.6612608629865409 
0.43771885942971483 0.663795207610978 
0.43821910955477733 0.6663197236115687 
0.4387193596798399 0.6688378585889344 
0.43921960980490243 0.6713530101083016 
0.43971985992996493 0.6738685096115534 
0.4402201100550275 0.676387606665058 
0.44072036018009003 0.678913453613319 
0.4412206103051525 0.6814490907065942 
0.4417208604302151 0.683997431768421 
0.44222111055527763 0.6865612504664637 
0.4427213606803401 0.6891431672473063 
0.4432216108054027 0.6917456369927446 
0.44372186093046523 0.6943709374517907 
0.4442221110555277 0.6970211584990282 
0.4447223611805903 0.6996981922661674 
0.44522261130565277 0.7024037241896064 
0.4457228614307153 0.7051392250126275 
0.4462231115557779 0.7079059437764679 
0.44672336168084037 0.7107049018299589 
0.4472236118059029 0.7135368878828027 
0.44772386193096547 0.7164024541227448 
0.44822411205602797 0.7193019134120665 
0.4487243621810905 0.7222353375738964 
0.44922461230615307 0.7252025567738547 
0.44972486243121557 0.7282031599975819 
0.4502251125562781 0.7312364966196994 
0.4507253626813406 0.7343016790548064 
0.45122561280640316 0.737397586476197 
0.4517258629314657 0.7405228695831513 
0.4522261130565282 0.7436759563929043 
0.45272636318159076 0.7468550590287749 
0.4532266133066533 0.7500581814714299 
0.4537268634317158 0.7532831282359415 
0.45422711355677836 0.7565275139331147 
0.4547273636818409 0.7597887736696216 
0.4552276138069034 0.7630641742377042 
0.45572786393196596 0.7663508260417076 
0.45622811405702846 0.7696456957054291 
0.456728364182091 0.7729456193012413 
0.45722861430715356 0.7762473161392419 
0.45772886443221605 0.7795474030522027 
0.4582291145572786 0.7828424091099647 
0.45872936468234116 0.7861287906950776 
0.45922961480740365 0.7894029468699387 
0.4597298649324662 0.7926612349645284 
0.46023011505752875 0.7958999863129103 
0.46073036518259125 0.7991155220661667 
0.4612306153076538 0.802304169009207 
0.4617308654327163 0.8054622753090289 
0.46223111555777885 0.8085862261224547 
0.4627313656828414 0.8116724589921748 
0.4632316158079039 0.8147174789610407 
0.46373186593296645 0.8177178733359833 
0.464232116058029 0.8206703260347049 
0.4647323661830915 0.8235716314503303 
0.46523261630815405 0.8264187077715802 
0.4657328664332166 0.8292086096986632 
0.4662331165582791 0.8319385404979891 
0.46673336668334164 0.8346058633419912 
0.4672336168084042 0.8372081118837581 
0.4677338669334667 0.8397430000198054 
0.46823411705852924 0.8422084307981963 
0.46873436718359174 0.8446025044332321 
0.4692346173086543 0.8469235253921917 
0.46973486743371684 0.8491700085239284 
0.47023511755877934 0.8513406842036714 
0.4707353676838419 0.8534345024729766 
0.47123561780890444 0.8554506361584837 
0.47173586793396693 0.8573884829579087 
0.4722361180590295 0.8592476664865233 
0.47273636818409204 0.8610280362822232 
0.47323661830915453 0.8627296667721084 
0.4737368684342171 0.8643528552083664 
0.4742371185592796 0.8658981185859713 
0.47473736868434213 0.8673661895594863 
0.4752376188094047 0.8687580113808314 
0.4757378689344672 0.8700747318844312 
0.47623811905952973 0.8713176965505218 
0.4767383691845923 0.8724884406816491 
0.4772386193096548 0.8735886807314416 
0.47773886943471733 0.8746203048286346 
0.4782391195597799 0.8755853625429858 
0.4787393696848424 0.8764860539431647 
0.4792396198099049 0.8773247179999317 
0.4797398699349674 0.8781038203908502 
0.48024012006003 0.8788259407654874 
0.4807403701850925 0.8794937595324556 
0.481240620310155 0.8801100442317777 
0.48174087043521757 0.8806776355578704 
0.4822411205602801 0.8811994330999622 
0.4827413706853426 0.8816783808679549 
0.48324162081040517 0.8821174526726215 
0.4837418709354677 0.8825196374295882 
0.4842421210605302 0.8828879244567792 
0.48474237118559277 0.8832252888349081 
0.4852426213106553 0.8835346769001811 
0.4857428714357178 0.8838189919376318 
0.48624312156078037 0.8840810801424465 
0.48674337168584286 0.8843237169152635 
0.4872436218109054 0.8845495935557468 
0.48774387193596797 0.8847613044167515 
0.48824412206103046 0.8849613345791323 
0.488744372186093 0.8851520481046935 
0.48924462231115556 0.8853356769219599 
0.48974487243621806 0.885514310396396 
0.4902451225612806 0.8856898856333788 
0.49074537268634316 0.8858641785587033 
0.49124562281140566 0.8860387958176852 
0.4917458729364682 0.8862151675299736 
0.4922461230615307 0.886394540933125 
0.49274637318659326 0.8865779749437223 
0.4932466233116558 0.8867663356604734 
0.4937468734367183 0.8869602928292262 
0.49424712356178085 0.887160317285276 
0.4947473736868434 0.8873666793836933 
0.4952476238119059 0.8875794484237273 
0.49574787393696845 0.8877984930686262 
0.496248124062031 0.8880234827575066 
0.4967483741870935 0.8882538901012147 
0.49724862431215605 0.888488994249471 
0.49774887443721855 0.8887278852120191 
0.4982491245622811 0.8889694691119742 
0.49874937468734365 0.889212474345202 
0.49924962481240615 0.8894554586152689 
0.4997498749374687 0.889696816809388 
0.5002501250625312 0.889934789676838 
0.5007503751875938 0.8901674732675386 
0.5012506253126563 0.8903928290849099 
0.5017508754377188 0.8906086949037776 
0.5022511255627814 0.8908127962009608 
0.5027513756878439 0.8910027581433033 
0.5032516258129064 0.8911761180752988 
0.503751875937969 0.8913303384460978 
0.5042521260630315 0.8914628201136386 
0.504752376188094 0.8915709159618671 
0.5052526263131566 0.8916519447655311 
0.5057528764382191 0.8917032052358905 
0.5062531265632816 0.8917219901798124 
0.5067533766883441 0.8917056007041921 
0.5072536268134067 0.8916513603974346 
0.5077538769384692 0.8915566294198041 
0.5082541270635317 0.8914188184348975 
0.5087543771885943 0.8912354023152128 
0.5092546273136568 0.8910039335558393 
0.5097548774387193 0.8907220553316504 
0.5102551275637819 0.890387514135028 
0.5107553776888444 0.8899981719331167 
0.5112556278139069 0.8895520177858098 
0.5117558779389695 0.8890471788682031 
0.512256128064032 0.8884819308440024 
0.5127563781890945 0.8878547075394009 
0.5132566283141571 0.8871641098701839 
0.5137568784392196 0.8864089139783017 
0.5142571285642821 0.8855880785378166 
0.5147573786893447 0.884700751193999 
0.5152576288144072 0.883746274103383 
0.5157578789394697 0.8827241885467568 
0.5162581290645323 0.8816342385913964 
0.5167583791895948 0.8804763737832595 
0.5172586293146573 0.8792507508543772 
0.5177588794397199 0.8779577344352544 
0.5182591295647824 0.8765978967667412 
0.5187593796898449 0.8751720164104745 
0.5192596298149074 0.8736810759616692 
0.51975987993997 0.8721262587726784 
0.5202601300650325 0.8705089447003663 
0.520760380190095 0.8688307048948789 
0.5212606303151576 0.8670932956518793 
0.5217608804402201 0.8652986513546984 
0.5222611305652826 0.8634488765370948 
0.5227613806903452 0.8615462371014433 
0.5232616308154077 0.8595931507311364 
0.5237618809404702 0.8575921765397639 
0.5242621310655328 0.8555460040032227 
0.5247623811905953 0.853457441224302 
0.5252626313156578 0.8513294025824465 
0.5257628814407204 0.8491648958243041 
0.5262631315657829 0.8469670086533581 
0.5267633816908454 0.8447388948793266 
0.527263631815908 0.8424837601901397 
0.5277638819409705 0.8402048476111645 
0.528264132066033 0.8379054227178819 
0.5287643821910956 0.8355887586694694 
0.5292646323161581 0.8332581211317022 
0.5297648824412206 0.8309167531582007 
0.530265132566283 0.8285678600993828 
0.5307653826913457 0.8262145946084922 
0.5312656328164082 0.8238600418137475 
0.5317658829414706 0.8215072047250639 
0.5322661330665333 0.8191589899428343 
0.5327663831915957 0.8168181937350635 
0.5332666333166582 0.8144874885475742 
0.5337668834417209 0.8121694100101954 
0.5342671335667833 0.8098663444997328 
0.5347673836918458 0.8075805173181182 
0.5352676338169085 0.8053139815414879 
0.535767883941971 0.8030686075930464 
0.5362681340670334 0.8008460735894063 
0.536768384192096 0.7986478565067332 
0.5372686343171585 0.7964752242094565 
0.537768884442221 0.7943292283805147 
0.5382691345672836 0.7922106983881545 
0.5387693846923461 0.7901202361202095 
0.5392696348174086 0.7880582118125147 
0.5397698849424712 0.7860247608937373 
0.5402701350675337 0.784019781864449 
0.5407703851925962 0.7820429352236884 
0.5412706353176588 0.7800936434516357 
0.5417708854427213 0.7781710920523883 
0.5422711355677838 0.7762742316561092 
0.5427713856928463 0.7744017811751569 
0.5432716358179089 0.7725522320041392 
0.5437718859429714 0.7707238532492069 
0.5442721360680339 0.768914697967351 
0.5447723861930965 0.7671226103919816 
0.545272636318159 0.7653452341167016 
0.5457728864432215 0.7635800212049209 
0.5462731365682841 0.7618242421888527 
0.5467733866933466 0.7600749969174688 
0.5472736368184091 0.7583292262092185 
0.5477738869434717 0.756583724261709 
0.5482741370685342 0.7548351517671794 
0.5487743871935967 0.7530800496794366 
0.5492746373186593 0.7513148535749832 
0.5497748874437218 0.7495359085484098 
0.5502751375687843 0.7477394845797004 
0.5507753876938469 0.745921792308949 
0.5512756378189094 0.7440789991521325 
0.5517758879439719 0.7422072456900041 
0.5522761380690345 0.7403026622608742 
0.552776388194097 0.7383613856870888 
0.5532766383191595 0.7363795760643226 
0.5537768884442221 0.7343534335424182 
0.5542771385692846 0.7322792150264772 
0.5547773886943471 0.7301532507271122 
0.5552776388194096 0.7279719604893486 
0.5557778889444722 0.7257318698305024 
0.5562781390695347 0.723429625618536 
0.5567783891945972 0.7210620113238202 
0.5572786393196598 0.7186259617789922 
0.5577788894447223 0.7161185773836066 
0.5582791395697848 0.7135371376925713 
0.5587793896948474 0.7108791143299091 
0.5592796398199099 0.7081421831722015 
0.5597798899449724 0.705324235749099 
0.560280140070035 0.7024233898115438 
0.5607803901950975 0.6994379990218487 
0.56128064032016 0.6963666617234239 
0.5617808904452226 0.693208228751795 
0.5622811405702851 0.6899618102525863 
0.5627813906953476 0.6866267814762751 
0.5632816408204102 0.6832027875238177 
0.5637818909454727 0.6796897470216409 
0.5642821410705352 0.6760878547089754 
0.5647823911955978 0.6723975829250306 
0.5652826413206603 0.6686196819881662 
0.5657828914457228 0.6647551794637905 
0.5662831415707853 0.6608053783223847 
0.5667833916958479 0.6567718539937009 
0.5672836418209104 0.652656450327747 
0.5677838919459729 0.6484612744777768 
0.5682841420710355 0.644188690724939 
0.568784392196098 0.6398413132687009 
0.5692846423211605 0.6354219980114145 
0.5697848924462231 0.6309338333695799 
0.5702851425712856 0.6263801301484205 
0.5707853926963481 0.6217644105202281 
0.5712856428214107 0.6170903961506445 
0.5717858929464732 0.6123619955205952 
0.5722861430715357 0.6075832904948576 
0.5727863931965983 0.6027585221913646 
0.5732866433216608 0.5978920762082118 
0.5737868934467233 0.592988467267949 
0.5742871435717859 0.588052323341108 
0.5747873936968484 0.5830883693130511 
0.5752876438219109 0.5781014102600369 
0.5757878939469735 0.5730963144019718 
0.576288144072036 0.5680779958006226 
0.5767883941970985 0.5630513968730181 
0.5772886443221611 0.5580214707905019 
0.5777888944472236 0.5529931638342949 
0.5782891445722861 0.5479713977785394 
0.5787893946973486 0.5429610523716314 
0.5792896448224112 0.537966947986145 
0.5797898949474737 0.5329938285069287 
0.5802901450725362 0.5280463445258814 
0.5807903951975988 0.523129036910574 
0.5812906453226613 0.5182463208123192 
0.5817908954477238 0.5134024701773768 
0.5822911455727864 0.5086016028228585 
0.5827913956978489 0.5038476661365483 
0.5832916458229114 0.4991444234571866 
0.583791895947974 0.49449544118894123 
0.5842921460730365 0.4899040767007333 
0.584792396198099 0.4853734670578049 
0.5852926463231616 0.4809065186294595 
0.5857928964482241 0.4765058976133033 
0.5862931465732866 0.47217402151250987 
0.5867933966983492 0.4679130515987049 
0.5872936468234117 0.4637248863890416 
0.5877938969484742 0.4596111561618551 
0.5882941470735368 0.4555732185310431 
0.5887943971985993 0.4516121550950112 
0.5892946473236618 0.44772876917163845 
0.5897948974487243 0.44392358462629533 
0.5902951475737869 0.44019684579555396 
0.5907953976988494 0.43654851850475795 
0.5912956478239119 0.43297829217325007 
0.5917958979489745 0.429485582996649 
0.592296148074037 0.42606953819127574 
0.5927963981990995 0.42272904128157335 
0.5932966483241621 0.41946271840719274 
0.5937968984492246 0.4162689456223945 
0.5942971485742871 0.4131458571564674 
0.5947973986993497 0.41009135460007506 
0.5952976488244122 0.4071031169788126 
0.5957978989494747 0.4041786116717835 
0.5962981490745373 0.4013151061297039 
0.5967983991995998 0.3985096803439619 
0.5972986493246623 0.39575924001516993 
0.5977988994497249 0.3930605303670494 
0.5982991495747874 0.3904101505490749 
0.5987993996998499 0.3878045685690756 
0.5992996498249125 0.3852401366950199 
0.599799899949975 0.38271310726351243 
0.6003001500750375 0.38021964883106424 
0.6008004002001001 0.3777558626029952 
0.6013006503251626 0.37531779907392 
0.601800900450225 0.37290147481309255 
0.6023011505752875 0.3705028893274903 
0.6028014007003502 0.36811804193542996 
0.6033016508254126 0.36574294858362794 
0.6038019009504751 0.36337365854106585 
0.6043021510755378 0.361006270903688 
0.6048024012006002 0.3586369508449423 
0.6053026513256627 0.3562619455483493 
0.6058029014507254 0.3538775997597705 
0.6063031515757878 0.35148037089875234 
0.6068034017008503 0.34906684367025265 
0.607303651825913 0.34663374412024295 
0.6078039019509754 0.34417795308106836 
0.6083041520760379 0.34169651895504827 
0.6088044022011005 0.3391866697875856 
0.609304652326163 0.3366458245840583 
0.6098049024512255 0.33407160382790474 
0.6103051525762881 0.3314618391606268 
0.6108054027013506 0.3288145821879096 
0.6113056528264131 0.3261281123796278 
0.6118059029514757 0.32340094403522546 
0.6123061530765382 0.3206318322897575 
0.6128064032016007 0.31781977813977785 
0.6133066533266633 0.3149640324722004 
0.6138069034517258 0.31206409908329746 
0.6143071535767883 0.3091197366790253 
0.6148074037018508 0.3061309598519499 
0.6153076538269134 0.3030980390341048 
0.6158079039519759 0.3000214994291884 
0.6163081540770384 0.2969021189315314 
0.616808404202101 0.293740925043236 
0.6173086543271635 0.2905391908048523 
0.617808904452226 0.28729842975877096 
0.6183091545772886 0.2840203899682803 
0.6188094047023511 0.2807070471189145 
0.6193096548274136 0.27736059673222074 
0.6198099049524762 0.27398344552548753 
0.6203101550775387 0.2705782019542503 
0.6208104052026012 0.2671476659774647 
0.6213106553276638 0.26369481808817075 
0.6218109054527263 0.2602228076552336 
0.6223111555777888 0.25673494062429103 
0.6228114057028514 0.2532346666283874 
0.6233116558279139 0.24972556556094536 
0.6238119059529764 0.24621133366563613 
0.624312156078039 0.24269576919942218 
0.6248124062031015 0.23918275772654066 
0.625312656328164 0.23567625710242576 
0.6258129064532265 0.2321802822075762 
0.6263131565782891 0.22869888949216308 
0.6268134067033516 0.2252361613926687 
0.6273136568284141 0.22179619068215894 
0.6278139069534767 0.2183830648157991 
0.6283141570785392 0.21500085033304797 
0.6288144072036017 0.21165357737750318 
0.6293146573286643 0.2083452243946766 
0.6298149074537268 0.20507970306708984 
0.6303151575787893 0.20186084354490655 
0.6308154077038519 0.19869238002894257 
0.6313156578289144 0.19557793676133284 
0.6318159079539769 0.1925210144772995 
0.6323161580790395 0.1895249773694704 
0.632816408204102 0.18659304061401588 
0.6333166583291645 0.18372825850545899 
0.6338169084542271 0.18093351324446927 
0.6343171585792896 0.1782115044202347 
0.6348174087043521 0.17556473922611615 
0.6353176588294147 0.17299552344427527 
0.6358179089544772 0.17050595323183143 
0.6363181590795397 0.16809790773783645 
0.6368184092046023 0.1657730425769818 
0.6373186593296648 0.16353278418252862 
0.6378189094547273 0.16137832505739755 
0.6383191595797898 0.15931061993878412 
0.6388194097048524 0.15733038288802387 
0.6393196598299149 0.15543808531377165 
0.6398199099549774 0.15363395493287393 
0.64032016008004 0.15191797566962115 
0.6408204102051025 0.15028988849039845 
0.641320660330165 0.14874919316710056 
0.6418209104552276 0.14729515095906387 
0.6423211605802901 0.145926788199713 
0.6428214107053526 0.14464290077063247 
0.6433216608304152 0.14344205944235291 
0.6438219109554777 0.14232261605784274 
0.6443221610805402 0.14128271053147168 
0.6448224112056028 0.14032027863312146 
0.6453226613306653 0.13943306052416962 
0.6458229114557278 0.13861861000922987 
0.6463231615807904 0.1378743044648844 
0.6468234117058529 0.13719735540411224 
0.6473236618309154 0.1365848196327985 
0.647823911955978 0.13603361095252872 
0.6483241620810405 0.1355405123619211 
0.648824412206103 0.13510218870694463 
0.6493246623311655 0.13471519972910556 
0.6498249124562281 0.13437601345900696 
0.6503251625812906 0.1340810199016127 
0.6508254127063531 0.1338265449585988 
0.6513256628314157 0.13360886453244256 
0.6518259129564782 0.13342421875637217 
0.6523261630815407 0.13326882629401116 
0.6528264132066033 0.13313889865246908 
0.6533266633316658 0.13303065445277748 
0.6538269134567283 0.13294033360191918 
0.6543271635817909 0.13286421131129528 
0.6548274137068534 0.1327986119072477 
0.6553276638319159 0.13273992238026627 
0.6558279139569785 0.13268460562071188 
0.656328164082041 0.13262921329029723 
0.6568284142071035 0.13257039828015918 
0.6573286643321661 0.13250492670815686 
0.6578289144572286 0.13242968940998082 
0.6583291645822911 0.13234171288081428 
0.6588294147073537 0.13223816962657667 
0.6593296648324162 0.13211638788623614 
0.6598299149574787 0.13197386068928338 
0.6603301650825413 0.13180825421518458 
0.6608304152076038 0.1316174154244781 
0.6613306653326663 0.13139937893416048 
0.6618309154577288 0.13115237311305444 
0.6623311655827914 0.13087482537600242 
0.6628314157078539 0.13056536665896415 
0.6633316658329164 0.13022283506036775 
0.663831915957979 0.12984627863740472 
0.6643321660830415 0.12943495734932473 
0.664832416208104 0.12898834414318822 
0.6653326663331666 0.12850612518091187 
0.6658329164582291 0.12798819920987 
0.6663331665832916 0.12743467608266573 
0.6668334167083542 0.12684587443505277 
0.6673336668334167 0.12622231853428928 
0.6678339169584792 0.12556473431345155 
0.6683341670835418 0.12487404461042172 
0.6688344172086043 0.12415136363336038 
0.6693346673336668 0.12339799067748905 
0.6698349174587294 0.1226154031208968 
0.6703351675837919 0.12180524872989648 
0.6708354177088544 0.12096933730709163 
0.671335667833917 0.12010963171786561 
0.6718359179589795 0.11922823833336785 
0.672336168084042 0.11832739693030882 
0.6728364182091046 0.11740947008992894 
0.673336668334167 0.1164769321404092 
0.6738369184592296 0.11553235768869544 
0.674337168584292 0.11457840978923944 
0.6748374187093547 0.11361782779850668 
0.6753376688344171 0.11265341496523236 
0.6758379189594796 0.11168802580736362 
0.6763381690845423 0.11072455332735591 
0.6768384192096047 0.10976591611804076 
0.6773386693346672 0.10881504541160063 
0.6778389194597298 0.10787487212430859 
0.6783391695847923 0.1069483139496112 
0.6788394197098548 0.10603826255182679 
0.6793396698349174 0.1051475709122278 
0.6798399199599799 0.10427904087858024 
0.6803401700850424 0.10343541096829625 
0.680840420210105 0.10261934447423658 
0.6813406703351675 0.10183341792093097 
0.68184092046023 0.10108010991745985 
0.6823411705852926 0.1003617904515966 
0.6828414207103551 0.09968071066794548 
0.6833416708354176 0.09903899317081322 
0.6838419209604802 0.09843862289035074 
0.6843421710855427 0.09788143854821046 
0.6848424212106052 0.09736912475645894 
0.6853426713356677 0.09690320478091179 
0.6858429214607303 0.09648503399731442 
0.6863431715857928 0.09611579406597116 
0.6868434217108553 0.09579648784747345 
0.6873436718359179 0.09552793507916989 
0.6878439219609804 0.09531076882890759 
0.6883441720860429 0.09514543273940615 
0.6888444222111055 0.09503217907342393 
0.689344672336168 0.0949710675665943 
0.6898449224612305 0.0949619650915443 
0.6903451725862931 0.09500454613360462 
0.6908454227113556 0.09509829407511344 
0.6913456728364181 0.09524250328204797 
0.6918459229614807 0.09543628198343908 
0.6923461730865432 0.09567855593081706 
0.6928464232116057 0.0959680728217594 
0.6933466733366683 0.09630340746850787 
0.6938469234617308 0.09668296768959503 
0.6943471735867933 0.09710500089947108 
0.6948474237118559 0.09756760136829787 
0.6953476738369184 0.09806871812132767 
0.6958479239619809 0.09860616344469539 
0.6963481740870435 0.09917762196196976 
0.696848424212106 0.09978066024348785 
0.6973486743371685 0.10041273690830754 
0.697848924462231 0.10107121317661169 
0.6983491745872936 0.10175336382854357 
0.6988494247123561 0.10245638852378285 
0.6993496748374186 0.10317742343469219 
0.6998499249624812 0.10391355314456863 
0.7003501750875437 0.10466182276143597 
0.7008504252126062 0.10541925019690823 
0.7013506753376688 0.10618283855897995 
0.7018509254627313 0.10694958860708742 
0.7023511755877938 0.10771651121752791 
0.7028514257128564 0.10848063980725256 
0.7033516758379189 0.10923904266418438 
0.7038519259629814 0.10998883513258674 
0.704352176088044 0.11072719160256153 
0.7048524262131065 0.11145135725353424 
0.705352676338169 0.11215865950257263 
0.7058529264632316 0.11284651910955745 
0.7063531765882941 0.11351246089260342 
0.7068534267133566 0.1141541240087188 
0.7073536768384192 0.11476927175642443 
0.7078539269634817 0.11535580085901205 
0.7083541770885442 0.11591175018922092 
0.7088544272136067 0.11643530889839199 
0.7093546773386693 0.11692482391557894 
0.7098549274637318 0.1173788067846772 
0.7103551775887943 0.11779593981034055 
0.7108554277138569 0.11817508148628057 
0.7113556778389194 0.11851527118249668 
0.7118559279639819 0.11881573307103732 
0.7123561780890445 0.11907587927301244 
0.712856428214107 0.11929531221281632 
0.7133566783391695 0.11947382616876837 
0.7138569284642321 0.11961140801273179 
0.7143571785892946 0.11970823713462193 
0.7148574287143571 0.11976468455110392 
0.7153576788394197 0.11978131120118138 
0.7158579289644822 0.11975886543476748 
0.7163581790895447 0.11969827970370715 
0.7168584292146073 0.11960066646805616 
0.7173586793396698 0.11946731333372713 
0.7178589294647323 0.11929967744084116 
0.7183591795897949 0.11909937912529289 
0.7188594297148574 0.11886819487911414 
0.7193596798399199 0.11860804963819406 
0.7198599299649825 0.11832100842878747 
0.720360180090045 0.11800926740698034 
0.7208604302151075 0.11767514432789081 
0.72136068034017 0.11732106848384528 
0.7218609304652326 0.11694957015307061 
0.7223611805902951 0.11656326960257801 
0.7228614307153576 0.11616486569088606 
0.7233616808404202 0.11575712411798023 
0.7238619309654827 0.11534286537152022 
0.7243621810905452 0.11492495241965685 
0.7248624312156078 0.11450627820201782 
0.7253626813406703 0.11408975297137612 
0.7258629314657328 0.11367829153925899 
0.7263631815907954 0.11327480047928591 
0.7268634317158579 0.11288216534233025 
0.7273636818409204 0.11250323793766617 
0.727863931965983 0.11214082373412644 
0.7283641820910455 0.11179766943491523 
0.728864432216108 0.1114764507791186 
0.7293646823411706 0.11117976062213909 
0.7298649324662331 0.11091009734622567 
0.7303651825912956 0.11066985365101804 
0.7308654327163582 0.1104613057725397 
0.7313656828414207 0.11028660317740098 
0.7318659329664832 0.11014775877707875 
0.7323661830915458 0.11004663970507458 
0.7328664332166083 0.10998495869747793 
0.7333666833416708 0.1099642661150254 
0.7338669334667333 0.10998594264214338 
0.7343671835917959 0.11005119269568645 
0.7348674337168584 0.11016103857318436 
0.7353676838419209 0.11031631536735217 
0.7358679339669835 0.11051766667046468 
0.736368184092046 0.1107655410889086 
0.7368684342171085 0.11106018958485497 
0.7373686843421711 0.111401663658551 
0.7378689344672336 0.11178981438118639 
0.7383691845922961 0.11222429228474029 
0.7388694347173587 0.11270454811157812 
0.7393696848424212 0.11322983442294565 
0.7398699349674837 0.11379920806185287 
0.7403701850925463 0.1144115334622109 
0.7408704352176088 0.11506548679246403 
0.7413706853426713 0.11575956091838074 
0.7418709354677339 0.11649207116615197 
0.7423711855927964 0.11726116186347861 
0.7428714357178589 0.11806481363296507 
0.7433716858429215 0.11890085140885837 
0.743871935967984 0.1197669531450101 
0.7443721860930465 0.12066065917889396 
0.744872436218109 0.12157938221363224 
0.7453726863431716 0.12252041787721193 
0.745872936468234 0.123480955815512 
0.7463731865932965 0.12445809127333997 
0.7468734367183592 0.12544883711546484 
0.7473736868434216 0.12645013623760748 
0.7478739369684841 0.1274588743155217 
0.7483741870935467 0.1284718928387165 
0.7488744372186092 0.12948600237396066 
0.7493746873436717 0.1304979960025792 
0.7498749374687343 0.1315046628746223 
0.7503751875937968 0.13250280182231036 
0.7508754377188593 0.1334892349747155 
0.751375687843922 0.13446082131546105 
0.7518759379689844 0.1354144701252626 
0.7523761880940469 0.1363471542514518 
0.7528764382191095 0.1372559231471669 
0.753376688344172 0.13813791562369512 
0.7538769384692345 0.138990372260499 
0.7543771885942971 0.1398106474187388 
0.7548774387193596 0.14059622080561665 
0.7553776888444221 0.14134470853863115 
0.7558779389694847 0.1420538736607873 
0.7563781890945472 0.1427216360600134 
0.7568784392196097 0.14334608174841343 
0.7573786893446722 0.14392547145959883 
0.7578789394697348 0.14445824852510997 
0.7583791895947973 0.14494304599390342 
0.7588794397198598 0.14537869296200584 
0.7593796898449224 0.14576422008270848 
0.7598799399699849 0.14609886423108784 
0.7603801900950474 0.14638207230018518 
0.76088044022011 0.1466135041098091 
0.7613806903451725 0.14679303441268735 
0.761880940470235 0.14692075398649632 
0.7623811905952976 0.1469969698041932 
0.7628814407203601 0.14702220427899534 
0.7633816908454226 0.14699719358431715 
0.7638819409704852 0.14692288505294426 
0.7643821910955477 0.14680043366368456 
0.7648824412206102 0.14663119762769328 
0.7653826913456728 0.14641673309056463 
0.7658829414707353 0.14615878797014223 
0.7663831915957978 0.14585929495377026 
0.7668834417208604 0.1455203636824033 
0.7673836918459229 0.1451442721525804 
0.7678839419709854 0.14473345737072177 
0.7683841920960479 0.14429050529754728 
0.7688844422211105 0.14381814012358102 
0.769384692346173 0.1433192129197254 
0.7698849424712355 0.14279668970971746 
0.7703851925962981 0.14225363901392 
0.7708854427213606 0.1416932189163371 
0.7713856928464231 0.1411186637089646 
0.7718859429714857 0.14053327016958458 
0.7723861930965482 0.13994038353086757 
0.7728864432216107 0.1393433832001758 
0.7733866933466733 0.13874566829070453 
0.7738869434717358 0.13815064302563748 
0.7743871935967983 0.13756170207771495 
0.7748874437218609 0.13698221590710238 
0.7753876938469234 0.13641551616065864 
0.7758879439719859 0.13586488119563908 
0.7763881940970485 0.1353335217905346 
0.776888444222111 0.13482456710513824 
0.7773886943471735 0.13434105095107102 
0.7778889444722361 0.13388589843282647 
0.7783891945972986 0.13346191301801413 
0.7788894447223611 0.1330717640938053 
0.7793896948474237 0.1327179750646622 
0.7798899449724862 0.1324029120442752 
0.7803901950975487 0.13212877319224486 
0.7808904452226112 0.13189757874339678 
0.7813906953476738 0.13171116177480532 
0.7818909454727363 0.13157115975253575 
0.7823911955977988 0.13147900689688832 
0.7828914457228614 0.13143592740151658 
0.7833916958479239 0.13144292953820125 
0.7838919459729864 0.13150080067534653 
0.784392196098049 0.1316101032343927 
0.7848924462231115 0.13177117160436627 
0.785392696348174 0.1319841100307124 
0.7858929464732366 0.13224879149038163 
0.7863931965982991 0.13256485756092762 
0.7868934467233616 0.13293171928708522 
0.7873936968484242 0.13334855904401255 
0.7878939469734867 0.13381433339204854 
0.7883941970985492 0.13432777691354708 
0.7888944472236118 0.13488740701806531 
0.7893946973486743 0.13549152969795375 
0.7898949474737368 0.1361382462122361 
0.7903951975987994 0.13682546067257217 
0.7908954477238619 0.1375508885011274 
0.7913956978489244 0.1383120657263016 
0.791895947973987 0.13910635907854688 
0.7923961980990495 0.13993097684492636 
0.792896448224112 0.14078298043766843 
0.7933966983491745 0.14165929662873533 
0.7938969484742371 0.1425567303994134 
0.7943971985992996 0.1434719783511247 
0.7948974487243621 0.1444016426210554 
0.7953976988494247 0.145342245243874 
0.7958979489744872 0.14629024289869594 
0.7963981990995497 0.14724204197861104 
0.7968984492246123 0.14819401391852657 
0.7973986993496748 0.14914251071576973 
0.7978989494747373 0.15008388057687233 
0.7983991995997999 0.1510144836232453 
0.7988994497248624 0.1519307075879891 
0.7993996998499249 0.15282898343595128 
0.7998999499749875 0.1537058008392859 
0.80040020010005 0.15455772344121116 
0.8009004502251125 0.1553814038413981 
0.8014007003501751 0.15617359823745075 
0.8019009504752376 0.15693118065825853 
0.8024012006003001 0.1576511567265845 
0.8029014507253627 0.15833067689015898 
0.8034017008504252 0.1589670490626585 
0.8039019509754877 0.1595577506183835 
0.8044022011005502 0.16010043968709034 
0.8049024512256128 0.16059296569833748 
0.8054027013506753 0.1610333791278293 
0.8059029514757378 0.16141994040158267 
0.8064032016008004 0.1617511279172866 
0.8069034517258629 0.16202564514594006 
0.8074037018509254 0.16224242678077835 
0.807903951975988 0.162400643904521 
0.8084042021010505 0.16249970815018705 
0.808904452226113 0.16253927483501787 
0.8094047023511756 0.16251924505145973 
0.8099049524762381 0.16243976670365076 
0.8104052026013006 0.16230123448240077 
0.8109054527263632 0.16210428877625205 
0.8114057028514257 0.16184981352081557 
0.8119059529764882 0.1615389329932013 
0.8124062031015508 0.16117300756295438 
0.8129064532266133 0.16075362841546842 
0.8134067033516758 0.16028261126834933 
0.8139069534767384 0.15976198910561962 
0.8144072036018009 0.15919400395899105 
0.8149074537268634 0.1585810977696181 
0.815407703851926 0.15792590236783896 
0.8159079539769885 0.15723122861230912 
0.816408204102051 0.15650005473368955 
0.8169084542271134 0.1557355139316041 
0.817408704352176 0.15494088127693367 
0.8179089544772385 0.1541195599746418 
0.818409204602301 0.15327506704524627 
0.8189094547273637 0.15241101848567282 
0.8194097048524261 0.15153111397264488 
0.8199099549774886 0.15063912117388414 
0.8204102051025512 0.149738859734221 
0.8209104552276137 0.14883418500528992 
0.8214107053526762 0.14792897158873894 
0.8219109554777388 0.14702709676382203 
0.8224112056028013 0.1461324238709114 
0.8229114557278638 0.14524878572280064 
0.8234117058529264 0.14437996811568193 
0.8239119559779889 0.14352969351140957 
0.8244122061030514 0.14270160496205467 
0.824912456228114 0.14189925034683099 
0.8254127063531765 0.14112606699028082 
0.825912956478239 0.1403853667290576 
0.8264132066033016 0.1396803214928389 
0.8269134567283641 0.13901394946279816 
0.8274137068534266 0.1383891018686589 
0.8279139569784892 0.13780845048270993 
0.8284142071035517 0.1372744758662369 
0.8289144572286142 0.13678945642065463 
0.8294147073536767 0.1363554582922251 
0.8299149574787393 0.13597432617563238 
0.8304152076038018 0.1356476750578584 
0.8309154577288643 0.13537688293978317 
0.8314157078539269 0.1351630845687682 
0.8319159579789894 0.13500716621113729 
0.8324162081040519 0.13490976148899822 
0.8329164582291145 0.13487124830127983 
0.833416708354177 0.1348917468441728 
0.8339169584792395 0.13497111874141027 
0.8344172086043021 0.13510896729003588 
0.8349174587293646 0.13530463882245283 
0.8354177088544271 0.13555722518071703 
0.8359179589794897 0.13586556729418356 
0.8364182091045522 0.136228259846828 
0.8369184592296147 0.13664365701579861 
0.8374187093546773 0.13710987925807663 
0.8379189594797398 0.13762482111754093 
0.8384192096048023 0.13818616002025258 
0.8389194597298649 0.13879136602144615 
0.8394197098549274 0.13943771246351605 
0.8399199599799899 0.14012228750028574 
0.8404202101050524 0.1408420064390096 
0.840920460230115 0.14159362484794538 
0.8414207103551775 0.14237375237393962 
0.84192096048024 0.14317886721130438 
0.8424212106053026 0.14400533116035397 
0.8429214607303651 0.14484940521134265 
0.8434217108554276 0.14570726558715416 
0.8439219609804902 0.1465750201760399 
0.8444222111055527 0.14744872528389733 
0.8449224612306152 0.14832440263411706 
0.8454227113556778 0.14919805654186422 
0.8459229614807403 0.15006569118878982 
0.8464232116058028 0.15092332792366314 
0.8469234617308654 0.15176702251420437 
0.8474237118559279 0.152592882275505 
0.8479239619809904 0.15339708300089136 
0.848424212106053 0.15417588562183887 
0.8489244622311155 0.15492565252463764 
0.849424712356178 0.15564286345291609 
0.8499249624812406 0.15632413092684683 
0.8504252126063031 0.1569662151118681 
0.8509254627313656 0.15756603807206637 
0.8514257128564282 0.1581206973459719 
0.8519259629814907 0.15862747878537217 
0.8524262131065532 0.15908386860088278 
0.8529264632316157 0.1594875645613989 
0.8534267133566783 0.1598364862981471 
0.8539269634817408 0.16012878466788996 
0.8544272136068033 0.16036285013386736 
0.8549274637318659 0.16053732012725414 
0.8554277138569284 0.16065108535630734 
0.8559279639819909 0.16070329503487976 
0.8564282141070535 0.16069336100663334 
0.856928464232116 0.16062096074604276 
0.8574287143571785 0.16048603922210042 
0.8579289644822411 0.160288809615563 
0.8584292146073036 0.1600297528855023 
0.8589294647323661 0.15970961618590848 
0.8594297148574287 0.15932941013804205 
0.8599299649824912 0.15889040496920767 
0.8604302151075537 0.158394125533485 
0.8609304652326163 0.15784234523482618 
0.8614307153576788 0.15723707887766292 
0.8619309654827413 0.15658057447481052 
0.8624312156078039 0.1558753040469875 
0.8629314657328664 0.15512395345263216 
0.8634317158579289 0.15432941129090708 
0.8639319659829914 0.1534947569248084 
0.864432216108054 0.15262324767511645 
0.8649324662331165 0.15171830523953006 
0.865432716358179 0.1507835013946983 
0.8659329664832416 0.14982254304198084 
0.8664332166083041 0.14883925666063824 
0.8669334667333666 0.14783757223473162 
0.8674337168584292 0.14682150672231262 
0.8679339669834917 0.14579514713749578 
0.8684342171085542 0.14476263331770323 
0.8689344672336168 0.143728140449755 
0.8694347173586793 0.1426958614295654 
0.8699349674837418 0.141669989130942 
0.8704352176088044 0.14065469865940938 
0.8709354677338669 0.1396541296670955 
0.8714357178589294 0.13867236880445977 
0.871935967983992 0.13771343238410838 
0.8724362181090545 0.13678124933105815 
0.872936468234117 0.1358796444925998 
0.8734367183591796 0.13501232237941158 
0.8739369684842421 0.13418285140773734 
0.8744372186093046 0.13339464871033607 
0.8749374687343672 0.13265096558148035 
0.8754377188594297 0.13195487361860087 
0.8759379689844922 0.13130925162020526 
0.8764382191095547 0.13071677329648498 
0.8769384692346173 0.13017989584556328 
0.8774387193596798 0.12970084944465618 
0.8779389694847423 0.12928162770151946 
0.8784392196098049 0.12892397910746572 
0.8789394697348674 0.1286293995289741 
0.8794397198599299 0.1283991257704907 
0.8799399699849925 0.12823413023646582 
0.880440220110055 0.12813511671597383 
0.8809404702351175 0.12810251730852196 
0.8814407203601801 0.12813649050476397 
0.8819409704852426 0.12823692043094706 
0.882441220610305 0.12840341726096866 
0.8829414707353677 0.12863531879495757 
0.8834417208604302 0.12893169319834163 
0.8839419709854927 0.12929134289044203 
0.8844422211105553 0.1297128095667641 
0.8849424712356178 0.13019438033432829 
0.8854427213606803 0.1307340949347037 
0.8859429714857429 0.13132975402477398 
0.8864432216108054 0.13197892848080608 
0.8869434717358678 0.13267896968706902 
0.8874437218609305 0.13342702076608515 
0.887943971985993 0.13422002870363753 
0.8884442221110554 0.1350547573178704 
0.8889444722361179 0.13592780101828691 
0.8894447223611806 0.13683559929711359 
0.889944972486243 0.13777445189243062 
0.8904452226113055 0.13874053455966018 
0.8909454727363681 0.13972991538544988 
0.8914457228614306 0.1407385715757286 
0.8919459729864931 0.14176240664774015 
0.8924462231115557 0.14279726795418135 
0.8929464732366182 0.14383896446620348 
0.8934467233616807 0.14488328474095877 
0.8939469734867433 0.14592601499865454 
0.8944472236118058 0.14696295723360903 
0.8949474737368683 0.14798994728371362 
0.8954477238619309 0.14900287278290125 
0.8959479739869934 0.14999769092172632 
0.8964482241120559 0.1509704459420095 
0.8969484742371185 0.15191728629262807 
0.897448724362181 0.15283448137497088 
0.8979489744872435 0.15371843780832709 
0.8984492246123061 0.15456571514749343 
0.8989494747373686 0.1553730409871899 
0.8994497248624311 0.15613732539045436 
0.8999499749874936 0.15685567458100963 
0.9004502251125562 0.15752540384267963 
0.9009504752376187 0.15814404957222225 
0.9014507253626812 0.15870938043549324 
0.9019509754877438 0.15921940758055222 
0.9024512256128063 0.1596723938652544 
0.9029514757378688 0.1600668620609308 
0.9034517258629314 0.16040160199799508 
0.9039519759879939 0.1606756766236789 
0.9044522261130564 0.16088842694655525 
0.904952476238119 0.16103947584709907 
0.9054527263631815 0.1611287307381589 
0.905952976488244 0.16115638506392457 
0.9064532266133066 0.1611229186307029 
0.9069534767383691 0.16102909676757104 
0.9074537268634316 0.16087596831972717 
0.9079539769884942 0.16066486248206674 
0.9084542271135567 0.16039738448521618 
0.9089544772386192 0.1600754101508593 
0.9094547273636818 0.15970107933773287 
0.9099549774887443 0.15927678830411687 
0.9104552276138068 0.15880518101694607 
0.9109554777388694 0.1582891394418765 
0.9114557278639319 0.15773177285266232 
0.9119559779889944 0.15713640620206498 
0.9124562281140569 0.1565065676002117 
0.9129564782391195 0.1558459749497853 
0.913456728364182 0.15515852179072978 
0.9139569784892445 0.15444826241018098 
0.9144572286143071 0.15371939627616374 
0.9149574787393696 0.15297625185616903 
0.9154577288644321 0.15222326988402712 
0.9159579789894947 0.15146498614055887 
0.9164582291145572 0.15070601381526205 
0.9169584792396197 0.14995102551779912 
0.9174587293646823 0.14920473500926992 
0.9179589794897448 0.14847187872420248 
0.9184592296148073 0.1477571971548398 
0.9189594797398699 0.14706541616966456 
0.9194597298649324 0.1464012283381817 
0.9199599799899949 0.14576927433376585 
0.9204602301150575 0.1451741244858823 
0.92096048024012 0.14462026055221408 
0.9214607303651825 0.14411205778017297 
0.9219609804902451 0.14365376732594112 
0.9224612306153076 0.14324949909761722 
0.9229614807403701 0.14290320508717352 
0.9234617308654326 0.14261866325385975 
0.9239619809904952 0.14239946201934797 
0.9244622311155577 0.14224898543236572 
0.9249624812406202 0.1421703990577898 
0.9254627313656828 0.14216663664221227 
0.9259629814907453 0.14224038760481955 
0.9264632316158078 0.14239408539909754 
0.9269634817408704 0.14262989678738977 
0.9274637318659329 0.14294971206667817 
0.9279639819909954 0.1433551362802059 
0.928464232116058 0.14384748144567092 
0.9289644822411205 0.14442775982673758 
0.929464732366183 0.14509667827056238 
0.9299649824912456 0.14585463362989903 
0.9304652326163081 0.14670170928417794 
0.9309654827413706 0.14763767276975717 
0.9314657328664332 0.1486619745253277 
0.9319659829914957 0.14977374775424077 
0.9324662331165582 0.15097180940134053 
0.9329664832416208 0.1522546622377294 
0.9334667333666833 0.153620498042791 
0.9339669834917458 0.15506720186876574 
0.9344672336168084 0.15659235736922705 
0.9349674837418709 0.15819325316895286 
0.9354677338669334 0.15986689024895434 
0.9359679839919959 0.16160999031681042 
0.9364682341170585 0.16341900512899526 
0.936968484242121 0.16529012672855495 
0.9374687343671835 0.1672192985583475 
0.9379689844922461 0.16920222740708044 
0.9384692346173086 0.17123439614257652 
0.9389694847423711 0.17331107718410554 
0.9394697348674337 0.1754273466632309 
0.9399699849924962 0.17757809922040324 
0.9404702351175587 0.17975806338259456 
0.9409704852426213 0.18196181746549325 
0.9414707353676838 0.1841838059422628 
0.9419709854927463 0.1864183562195676 
0.9424712356178089 0.18865969576052222 
0.9429714857428714 0.19090196949337151 
0.9434717358679339 0.19313925744412663 
0.9439719859929965 0.1953655925310295 
0.944472236118059 0.19757497845857871 
0.9449724862431215 0.19976140764896785 
0.9454727363681841 0.20191887914912715 
0.9459729864932466 0.20404141645209498 
0.9464732366183091 0.2061230851722619 
0.9469734867433717 0.20815801051499674 
0.9474737368684342 0.2101403944823805 
0.9479739869934967 0.21206453275817713 
0.9484742371185592 0.21392483121676595 
0.9489744872436218 0.21571582200255582 
0.9494747373686843 0.21743217912834253 
0.9499749874937468 0.2190687335432208 
0.9504752376188094 0.22062048762293152 
0.9509754877438719 0.22208262903796244 
0.9514757378689344 0.22345054395728342 
0.951975987993997 0.2247198295482967 
0.9524762381190595 0.22588630573637664 
0.952976488244122 0.22694602619027482 
0.9534767383691846 0.22789528850267554 
0.9539769884942471 0.22873064353823427 
0.9544772386193096 0.22944890392457648 
0.9549774887443722 0.2300471516649182 
0.9554777388694347 0.23052274485418267 
0.9559779889944972 0.2308733234837468 
0.9564782391195598 0.2310968143232131 
0.9569784892446223 0.23119143487085747 
0.9574787393696848 0.2311556963676756 
0.9579789894947474 0.23098840587317526 
0.9584792396198099 0.2306886674042581 
0.9589794897448723 0.23025588214170833 
0.9594797398699348 0.22968974771189077 
0.9599799899949975 0.2289902565543084 
0.96048024012006 0.22815769338862654 
0.9609804902451224 0.22719263179765936 
0.961480740370185 0.22609592994557562 
0.9619809904952475 0.224868725453292 
0.96248124062031 0.22351242945557287 
0.9629814907453726 0.2220287198668203 
0.9634817408704351 0.22041953388486926 
0.9639819909954976 0.21868705976430075 
0.9644822411205602 0.2168337278928508 
0.9649824912456227 0.21486220120642877 
0.9654827413706852 0.2127753649800219 
0.9659829914957478 0.21057631603340457 
0.9664832416208103 0.20826835139204564 
0.9669834917458728 0.20585495644494095 
0.9674837418709354 0.20333979264224716 
0.9679839919959979 0.2007266847766277 
0.9684842421210604 0.19801960789305909 
0.968984492246123 0.19522267387253558 
0.9694847423711855 0.1923401177356671 
0.969984992496248 0.18937628371252974 
0.9704852426213106 0.18633561112534558 
0.9709854927463731 0.18322262013066276 
0.9714857428714356 0.18004189736760387 
0.9719859929964981 0.17679808155853985 
0.9724862431215607 0.1734958491081592 
0.9729864932466232 0.17013989974640575 
0.9734867433716857 0.16673494226010843 
0.9739869934967483 0.16328568035731675 
0.9744872436218108 0.1597967987075114 
0.9749874937468733 0.15627294919976173 
0.9754877438719359 0.1527187374598043 
0.9759879939969984 0.14913870966574952 
0.9764882441220609 0.1455373397007727 
0.9769884942471235 0.14191901667965987 
0.977488744372186 0.13828803288458705 
0.9779889944972485 0.13464857214382697 
0.9784892446223111 0.13100469868539172 
0.9789894947473736 0.1273603464958374 
0.9794897448724361 0.12371930921261041 
0.9799899949974987 0.12008523057637664 
0.9804902451225612 0.11646159546788389 
0.9809904952476237 0.11285172155183423 
0.9814907453726863 0.1092587515482307 
0.9819909954977488 0.10568564614961255 
0.9824912456228113 0.10213517760044416 
0.9829914957478738 0.09860992395284084 
0.9834917458729364 0.0951122640106772 
0.9839919959979989 0.09164437297196591 
0.9844922461230614 0.08820821877728117 
0.984992496248124 0.08480555916984171 
0.9854927463731865 0.08143793947076683 
0.985992996498249 0.07810669107089045 
0.9864932466233116 0.07481293063843245 
0.9869934967483741 0.07155756003978282 
0.9874937468734366 0.06834126696859447 
0.9879939969984992 0.06516452627640389 
0.9884942471235617 0.062027601996032085 
0.9889944972486242 0.058930550047117974 
0.9894947473736868 0.0558732216112344 
0.9899949974987493 0.052855267162283746 
0.9904952476238118 0.04987614113604406 
0.9909954977488744 0.04693510722107679 
0.9914957478739369 0.044031244251556176 
0.9919959979989994 0.04116345268099916 
0.992496248124062 0.03833046161435795 
0.9929964982491245 0.03553083637452173 
0.993496748374187 0.03276298657787039 
0.9939969984992496 0.030025174692252306 
0.9944972486243121 0.02731552504951949 
0.9949974987493746 0.02463203328363445 
0.9954977488744371 0.02197257616425801 
0.9959979989994997 0.019334921794781607 
0.9964982491245622 0.016716740142844952 
0.9969984992496247 0.014115613870560205 
0.9974987493746873 0.011529049430926443 
0.9979989994997498 0.00895448839627428 
0.9984992496248123 0.006389318984003554 
0.9989994997498749 0.0038308877444015042 
0.9994997498749374 0.00127651137492953 
1.0 0.0 
