xdata ydata 
0.0 1.9323569328505316e-11 
0.0005002501250625312 1.9398164913399004e-11 
0.0010005002501250625 1.954746266047153e-11 
0.0015007503751875936 1.977180011543277e-11 
0.002001000500250125 2.0071438580413143e-11 
0.0025012506253126563 2.0446977129032137e-11 
0.003001500750375187 2.0899127065070974e-11 
0.0035017508754377185 2.1428757452474303e-11 
0.00400200100050025 2.2036601693336064e-11 
0.004502251125562781 2.2723810013160113e-11 
0.0050025012506253125 2.349186933875297e-11 
0.005502751375687844 2.4341799114611905e-11 
0.006003001500750374 2.5275468711986503e-11 
0.006503251625812906 2.629432082917153e-11 
0.007003501750875437 2.740013671867526e-11 
0.007503751875937968 2.8595352352872605e-11 
0.0080040020010005 2.98816851518138e-11 
0.00850425212606303 3.1261823808610843e-11 
0.009004502251125562 3.2738093421287324e-11 
0.009504752376188093 3.4313328866721905e-11 
0.010005002501250625 3.599050824237836e-11 
0.010505252626313155 3.777270986285396e-11 
0.011005502751375688 3.966310616397617e-11 
0.011505752876438218 4.166550445616833e-11 
0.012006003001500749 4.3783620854205106e-11 
0.01250625312656328 4.602149881027118e-11 
0.013006503251625811 4.838332159592697e-11 
0.013506753376688344 5.087356624678604e-11 
0.014007003501750874 5.3497138856566235e-11 
0.014507253626813406 5.62590515739907e-11 
0.015007503751875937 5.916458744622889e-11 
0.015507753876938469 6.221955323780476e-11 
0.016008004002001 6.542985476649475e-11 
0.01650825412706353 6.88017017760312e-11 
0.01700850425212606 7.234182003651559e-11 
0.017508754377188594 7.605709138059955e-11 
0.018009004502251125 7.995504897986501e-11 
0.018509254627313655 8.404324990644252e-11 
0.019009504752376186 8.832991239258847e-11 
0.01950975487743872 9.282364618983717e-11 
0.02001000500250125 9.753338273594497e-11 
0.02051025512756378 1.0246873672810891e-10 
0.02101050525262631 1.0763935511267742e-10 
0.02151075537768884 1.1305589322686832e-10 
0.022011005502751375 1.1872923111865023e-10 
0.022511255627813906 1.2467103772863408e-10 
0.023011505752876436 1.3089321229150705e-10 
0.023511755877938967 1.3740829049791183e-10 
0.024012006003001497 1.4422979433842358e-10 
0.02451225612806403 1.5137145541759842e-10 
0.02501250625312656 1.588478624212011e-10 
0.025512756378189092 1.6667434994094568e-10 
0.026013006503251623 1.7486680486998013e-10 
0.026513256628314157 1.8344212267392794e-10 
0.027013506753376687 1.9241769206679487e-10 
0.027513756878439218 2.0181198707603456e-10 
0.028014007003501748 2.116441922444581e-10 
0.02851425712856428 2.2193435228367338e-10 
0.029014507253626812 2.3270359864730836e-10 
0.029514757378689343 2.439737995871333e-10 
0.030015007503751873 2.557681840999271e-10 
0.030515257628814404 2.6811066247267933e-10 
0.031015507753876938 2.810265907903262e-10 
0.03151575787893947 2.9454213569191347e-10 
0.032016008004002 3.086848877124493e-10 
0.03251625812906453 3.2348358301599143e-10 
0.03301650825412706 3.3896841822515786e-10 
0.03351675837918959 3.551705603970471e-10 
0.03401700850425212 3.721230713105867e-10 
0.03451725862931466 3.898601933939622e-10 
0.03501750875437719 4.084176457929967e-10 
0.03551775887943972 4.278331122475862e-10 
0.03601800900450225 4.481452576452474e-10 
0.03651825912956478 4.693952850444534e-10 
0.03701850925462731 4.916255990912328e-10 
0.03751875937968984 5.148808998101828e-10 
0.03801900950475237 5.392074488274477e-10 
0.0385192596298149 5.646538078065093e-10 
0.03901950975487744 5.912706746789847e-10 
0.03951975987993997 6.191109311893057e-10 
0.0400200100050025 6.482296541066126e-10 
0.04052026013006503 6.786843092345487e-10 
0.04102051025512756 7.105351136685719e-10 
0.04152076038019009 7.438447072058702e-10 
0.04202101050525262 7.786785243067926e-10 
0.04252126063031515 8.151047409062753e-10 
0.04302151075537768 8.531944495721578e-10 
0.04352176088044022 8.930220258506305e-10 
0.04402201100550275 9.346649705234961e-10 
0.04452226113056528 9.782038850497243e-10 
0.04502251125562781 1.0237232500309358e-09 
0.04552276138069034 1.071310763728618e-09 
0.04602301150575287 1.1210580753995146e-09 
0.0465232616308154 1.1730609264479008e-09 
0.047023511755877934 1.227418632150003e-09 
0.047523761880940464 1.2842354098618508e-09 
0.048024012006002995 1.343619438957737e-09 
0.04852426213106553 1.4056836180296484e-09 
0.04902451225612806 1.4705456251187502e-09 
0.04952476238119059 1.5383284873849736e-09 
0.05002501250625312 1.6091597961111348e-09 
0.050525262631315654 1.6831730914501551e-09 
0.051025512756378184 1.7605072890394397e-09 
0.051525762881440715 1.8413072586655446e-09 
0.052026013006503245 1.9257240566614326e-09 
0.052526263131565776 2.0139147630363143e-09 
0.05302651325662831 2.1060436522943507e-09 
0.053526763381690844 2.20228131418753e-09 
0.054027013506753374 2.302805749387377e-09 
0.054527263631815905 2.4078025025567667e-09 
0.055027513756878435 2.517464777760957e-09 
0.055527763881940966 2.6319937599915317e-09 
0.056028014007003496 2.7515992256924607e-09 
0.056528264132066026 2.876499710700338e-09 
0.05702851425712856 3.006922697286423e-09 
0.057528764382191094 3.14310508008126e-09 
0.058029014507253625 3.285293716417862e-09 
0.058529264632316155 3.4337458301127702e-09 
0.059029514757378686 3.5887291085089906e-09 
0.059529764882441216 3.75052224629142e-09 
0.06003001500750375 3.919415669135747e-09 
0.06053026513256628 4.095711679350128e-09 
0.06103051525762881 4.279725033671736e-09 
0.06153076538269134 4.471783407334867e-09 
0.062031015507753876 4.672228175346609e-09 
0.0625312656328164 4.881414405390382e-09 
0.06303151575787894 5.099711848775726e-09 
0.06353176588294146 5.327505619939912e-09 
0.064032016008004 5.565196094033188e-09 
0.06453226613306653 5.813200414397464e-09 
0.06503251625812906 6.071952629397008e-09 
0.0655327663831916 6.3419044085847905e-09 
0.06603301650825412 6.623525757621316e-09 
0.06653326663331666 6.917305961824683e-09 
0.06703351675837918 7.223753880284591e-09 
0.06753376688344172 7.543399169532696e-09 
0.06803401700850424 7.876792738311137e-09 
0.06853426713356678 8.224508054702534e-09 
0.06903451725862932 8.587141483703478e-09 
0.06953476738369184 8.965313443328816e-09 
0.07003501750875438 9.359669218129992e-09 
0.0705352676338169 9.770880369783855e-09 
0.07103551775887944 1.0199644877383656e-08 
0.07153576788394196 1.0646689077460397e-08 
0.0720360180090045 1.1112768151804701e-08 
0.07253626813406702 1.1598667554064187e-08 
0.07303651825912956 1.210520411315627e-08 
0.0735367683841921 1.2633226842154637e-08 
0.07403701850925462 1.3183619031298787e-08 
0.07453726863431716 1.3757298736099669e-08 
0.07503751875937968 1.4355220291062495e-08 
0.07553776888444222 1.4978376377925932e-08 
0.07603801900950474 1.562779809398683e-08 
0.07653826913456728 1.6304558115974713e-08 
0.0770385192596298 1.70097708138827e-08 
0.07753876938469234 1.774459465115594e-08 
0.07803901950975488 1.851023366443173e-08 
0.0785392696348174 1.9307939023865845e-08 
0.07903951975987994 2.0139011051156412e-08 
0.07953976988494246 2.1004800783686587e-08 
0.080040020010005 2.1906712462673175e-08 
0.08054027013506752 2.2846204781426236e-08 
0.08104052026013006 2.3824793141889874e-08 
0.08154077038519258 2.4844052340735723e-08 
0.08204102051025512 2.5905618241639042e-08 
0.08254127063531766 2.7011189809140882e-08 
0.08304152076038018 2.8162532296170535e-08 
0.08354177088544272 2.936147876055349e-08 
0.08404202101050524 3.0609933609663315e-08 
0.08454227113556778 3.190987428610306e-08 
0.0850425212606303 3.326335445752143e-08 
0.08554277138569284 3.467250677783193e-08 
0.08604302151075537 3.613954580037838e-08 
0.0865432716358179 3.7666770907277274e-08 
0.08704352176088044 3.9256569603437055e-08 
0.08754377188594296 4.0911420557736795e-08 
0.0880440220110055 4.263389685943795e-08 
0.08854427213606803 4.4426670019877195e-08 
0.08904452226113056 4.629251287603375e-08 
0.08954477238619309 4.82343036397137e-08 
0.09004502251125562 5.025502984918568e-08 
0.09054527263631815 5.2357791926261485e-08 
0.09104552276138068 5.454580801704089e-08 
0.09154577288644322 5.6822416937057374e-08 
0.09204602301150575 5.919108418703186e-08 
0.09254627313656828 6.165540530373399e-08 
0.0930465232616308 6.42191111236414e-08 
0.09354677338669334 6.68860721502721e-08 
0.09404702351175587 6.966030435290522e-08 
0.0945472736368184 7.254597382001593e-08 
0.09504752376188093 7.554740190767417e-08 
0.09554777388694347 7.866907151064532e-08 
0.09604802401200599 8.191563227775263e-08 
0.09654827413706853 8.529190672969037e-08 
0.09704852426213106 8.880289662138496e-08 
0.09754877438719359 9.245378862815214e-08 
0.09804902451225612 9.624996180863018e-08 
0.09854927463731865 1.0019699372043173e-07 
0.09904952476238119 1.0430066782978055e-07 
0.09954977488744371 1.0856698040835484e-07 
0.10005002501250625 1.1300214825960656e-07 
0.10055027513756877 1.1761261681816858e-07 
0.10105052526263131 1.2240506728915997e-07 
0.10155077538769385 1.2738642571532357e-07 
0.10205102551275637 1.3256387110084457e-07 
0.1025512756378189 1.3794484443141122e-07 
0.10305152576288143 1.4353705765615023e-07 
0.10355177588794397 1.4934850341600146e-07 
0.10405202601300649 1.553874644174025e-07 
0.10455227613806903 1.6166252358590918e-07 
0.10505252626313155 1.6818257453973147e-07 
0.10555277638819409 1.7495683238487258e-07 
0.10605302651325663 1.8199484464873052e-07 
0.10655327663831915 1.8930650265812502e-07 
0.10705352676338169 1.9690205367290908e-07 
0.10755377688844421 2.0479211269111423e-07 
0.10805402701350675 2.1298767549285188e-07 
0.10855427713856927 2.2150013108787868e-07 
0.10905452726363181 2.3034127548631335e-07 
0.10955477738869433 2.3952332549355007e-07 
0.11005502751375687 2.490589333865404e-07 
0.11055527763881941 2.589612007753587e-07 
0.11105552776388193 2.6924369471196576e-07 
0.11155577788894447 2.7992046308607445e-07 
0.11205602801400699 2.910060504787121e-07 
0.11255627813906953 3.025155157764261e-07 
0.11305652826413205 3.144644484470046e-07 
0.11355677838919459 3.268689872213049e-07 
0.11405702851425711 3.3974583769511213e-07 
0.11455727863931965 3.53112292245416e-07 
0.11505752876438219 3.669862484996212e-07 
0.11555777888944471 3.813862305842076e-07 
0.11605802901450725 3.9633140883354064e-07 
0.11655827913956977 4.118416223245779e-07 
0.11705852926463231 4.279374005181029e-07 
0.11755877938969483 4.44639985763445e-07 
0.11805902951475737 4.6197135741118457e-07 
0.1185592796398199 4.799542559693786e-07 
0.11905952976488243 4.986122076336739e-07 
0.11955977988994497 5.179695509545491e-07 
0.1200600300150075 5.380514625925136e-07 
0.12056028014007003 5.58883985195516e-07 
0.12106053026513255 5.804940552623959e-07 
0.12156078039019509 6.029095330090628e-07 
0.12206103051525762 6.261592317547197e-07 
0.12256128064032015 6.502729487786091e-07 
0.12306153076538268 6.752814977285201e-07 
0.12356178089044521 7.012167409730333e-07 
0.12406203101550775 7.281116236640709e-07 
0.12456228114057027 7.56000208521988e-07 
0.1250625312656328 7.849177119280051e-07 
0.12556278139069535 8.149005407841651e-07 
0.12606303151575787 8.459863303380142e-07 
0.1265632816408204 8.782139841213226e-07 
0.12706353176588292 9.116237137536771e-07 
0.12756378189094547 9.462570809012586e-07 
0.128064032016008 9.82157039812715e-07 
0.12856428214107052 1.0193679821852447e-06 
0.12906453226613307 1.0579357818003783e-06 
0.1295647823911956 1.097907841804331e-06 
0.13006503251625812 1.1393331428425352e-06 
0.13056528264132064 1.182262292443084e-06 
0.1310655327663832 1.2267475764626992e-06 
0.13156578289144572 1.2728430113069863e-06 
0.13206603301650824 1.3206043984127066e-06 
0.13256628314157076 1.370089379208963e-06 
0.1330665332666333 1.4213574935346617e-06 
0.13356678339169584 1.4744702374922953e-06 
0.13406703351675836 1.529491124789865e-06 
0.1345672836418209 1.5864857490512066e-06 
0.13506753376688344 1.6455218479835832e-06 
0.13556778389194596 1.706669369364591e-06 
0.13606803401700848 1.7700005393829003e-06 
0.13656828414207103 1.8355899320226092e-06 
0.13706853426713356 1.903514541701737e-06 
0.13756878439219608 1.973853856123714e-06 
0.13806903451725863 2.046689933902983e-06 
0.13856928464232116 2.122107481628331e-06 
0.13906953476738368 2.2001939346075263e-06 
0.1395697848924462 2.2810395396473663e-06 
0.14007003501750875 2.3647374400526468e-06 
0.14057028514257128 2.451383763508846e-06 
0.1410705352676338 2.541077711205063e-06 
0.14157078539269632 2.633921650788935e-06 
0.14207103551775888 2.7300212111429217e-06 
0.1425712856428214 2.8294853801494917e-06 
0.14307153576788392 2.932426604956656e-06 
0.14357178589294647 3.0389608949545937e-06 
0.144072036018009 3.1492079277802757e-06 
0.14457228614307152 3.2632911585680475e-06 
0.14507253626813404 3.3813379313569776e-06 
0.1455727863931966 3.503479593995524e-06 
0.14607303651825912 3.6298516168404985e-06 
0.14657328664332164 3.76059371325991e-06 
0.1470735367683842 3.895849964593135e-06 
0.14757378689344672 4.035768947890798e-06 
0.14807403701850924 4.180503868255639e-06 
0.14857428714357176 4.330212692042997e-06 
0.14907453726863432 4.485058287523496e-06 
0.14957478739369684 4.645208565418681e-06 
0.15007503751875936 4.810836626081471e-06 
0.1505752876438219 4.982120909567419e-06 
0.15107553776888444 5.1592453486995334e-06 
0.15157578789394696 5.342399528163798e-06 
0.15207603801900949 5.5317788463348125e-06 
0.15257628814407204 5.727584681973498e-06 
0.15307653826913456 5.930024565412787e-06 
0.15357678839419708 6.139312353381862e-06 
0.1540770385192596 6.355668409575703e-06 
0.15457728864432216 6.579319789593565e-06 
0.15507753876938468 6.810500429729961e-06 
0.1555777888944472 7.049451342195595e-06 
0.15607803901950976 7.296420814582947e-06 
0.15657828914457228 7.5516646137203155e-06 
0.1570785392696348 7.815446196858858e-06 
0.15757878939469733 8.08803692608157e-06 
0.15807903951975988 8.369716289448669e-06 
0.1585792896448224 8.66077212778856e-06 
0.15907953976988493 8.961500866494297e-06 
0.15957978989494745 9.272207753571488e-06 
0.16008004002001 9.59320710494156e-06 
0.16058029014507252 9.924822553190744e-06 
0.16108054027013505 1.0267387305511013e-05 
0.1615807903951976 1.0621244406197309e-05 
0.16208104052026012 1.098674700649104e-05 
0.16258129064532265 1.1364258640653916e-05 
0.16308154077038517 1.1754153509936424e-05 
0.16358179089544772 1.2156816772396489e-05 
0.16408204102051024 1.2572644840495882e-05 
0.16458229114557277 1.3002045685875434e-05 
0.16508254127063532 1.3445439151978009e-05 
0.16558279139569784 1.39032572734013e-05 
0.16608304152076037 1.43759446043899e-05 
0.1665832916458229 1.4863958554213305e-05 
0.16708354177088544 1.5367769731072054e-05 
0.16758379189594796 1.5887862294455266e-05 
0.1680840420210105 1.642473431600451e-05 
0.168584292146073 1.697889814885852e-05 
0.16908454227113556 1.755088080574352e-05 
0.1695847923961981 1.81412243466476e-05 
0.1700850425212606 1.875048627507462e-05 
0.17058529264632316 1.9379239944283557e-05 
0.17108554277138568 2.0028074972617722e-05 
0.1715857928964482 2.0697597669246666e-05 
0.17208604302151073 2.1388431469164707e-05 
0.17258629314657328 2.210121737922829e-05 
0.1730865432716358 2.2836614433789837e-05 
0.17358679339669833 2.3595300161752685e-05 
0.17408704352176088 2.437797106400498e-05 
0.1745872936468234 2.5185343101164704e-05 
0.17508754377188593 2.6018152194920943e-05 
0.17558779389694845 2.6877154737781413e-05 
0.176088044022011 2.7763128117053782e-05 
0.17658829414707353 2.8676871249708993e-05 
0.17708854427213605 2.9619205128749885e-05 
0.17758879439719857 3.059097338378548e-05 
0.17808904452226113 3.159304285258808e-05 
0.17858929464732365 3.262630416599214e-05 
0.17908954477238617 3.36916723468372e-05 
0.17958979489744872 3.479008742076274e-05 
0.18009004502251125 3.592251504147754e-05 
0.18059029514757377 3.708994713072319e-05 
0.1810905452726363 3.829340253015885e-05 
0.18159079539769885 3.953392766973886e-05 
0.18209104552276137 4.08125972501128e-05 
0.1825912956478239 4.2130514939031565e-05 
0.18309154577288644 4.348881408500848e-05 
0.18359179589794897 4.48886584439585e-05 
0.1840920460230115 4.633124292325266e-05 
0.18459229614807401 4.781779434217914e-05 
0.18509254627313657 4.934957220618221e-05 
0.1855927963981991 5.092786950143365e-05 
0.1860930465232616 5.255401350287969e-05 
0.18659329664832414 5.422936660186279e-05 
0.1870935467733867 5.595532714927773e-05 
0.1875937968984492 5.7733330318730624e-05 
0.18809404702351173 5.956484898568853e-05 
0.18859429714857429 6.145139462628665e-05 
0.1890945472736368 6.339451823456263e-05 
0.18959479739869933 6.539581125874908e-05 
0.19009504752376186 6.745690655646035e-05 
0.1905952976488244 6.95794793698898e-05 
0.19109554777388693 7.1765248321637e-05 
0.19159579789894945 7.40159764299819e-05 
0.19209604802401198 7.633347214414879e-05 
0.19259629814907453 7.871959040264816e-05 
0.19309654827413705 8.117623371141106e-05 
0.19359679839919958 8.37053532436384e-05 
0.19409704852426213 8.630894996166309e-05 
0.19459729864932465 8.898907576201512e-05 
0.19509754877438718 9.174783464212613e-05 
0.1955977988994497 9.458738389091783e-05 
0.19609804902451225 9.750993530112213e-05 
0.19659829914957477 0.00010051775640838005 
0.1970985492746373 0.0001036131717509872 
0.19759879939969985 0.00010679856415638489 
0.19809904952476237 0.00011007637605224634 
0.1985992996498249 0.00011344911080115175 
0.19909954977488742 0.00011691933406303157 
0.19959979989994997 0.00012048967518234503 
0.2001000500250125 0.00012416282860045914 
0.20060030015007502 0.0001279415552976062 
0.20110055027513754 0.00013182868425896902 
0.2016008004002001 0.00013582711397001147 
0.20210105052526262 0.00013993981393851848 
0.20260130065032514 0.0001441698262457312 
0.2031015507753877 0.00014852026712517985 
0.2036018009004502 0.00015299432857109532 
0.20410205102551274 0.00015759527997575226 
0.20460230115057526 0.00016232646979703373 
0.2051025512756378 0.0001671913272549768 
0.20560280140070034 0.0001721933640604255 
0.20610305152576286 0.00017733617617332343 
0.2066033016508254 0.00018262344559242795 
0.20710355177588793 0.00018805894217755132 
0.20760380190095046 0.00019364652550181392 
0.20810405202601298 0.00019939014673966979 
0.20860430215107553 0.00020529385058446335 
0.20910455227613806 0.00021136177720055229 
0.20960480240120058 0.00021759816420962233 
0.2101050525262631 0.00022400734870971627 
0.21060530265132565 0.00023059376933000825 
0.21110555277638818 0.00023736196831941828 
0.2116058029014507 0.00024431659367032585 
0.21210605302651325 0.0002514624012781011 
0.21260630315157578 0.0002588042571375942 
0.2131065532766383 0.0002663471395737025 
0.21360680340170082 0.00027409614151089885 
0.21410705352676337 0.00028205647277773107 
0.2146073036518259 0.0002902334624513914 
0.21510755377688842 0.00029863256123688656 
0.21560780390195097 0.0003072593438878124 
0.2161080540270135 0.00031611951166284145 
0.21660830415207602 0.00032521889482263656 
0.21710855427713854 0.000334563455166334 
0.2176088044022011 0.0003441592886065599 
0.21810905452726362 0.00035401262778506516 
0.21860930465232614 0.00036412984472968815 
0.21910955477738867 0.0003745174535492902 
0.21960980490245122 0.0003851821131734135 
0.22011005502751374 0.00039613063013079305 
0.22061030515257626 0.00040736996137047887 
0.22111055527763882 0.00041890721712450186 
0.22161080540270134 0.00043074966381389927 
0.22211105552776386 0.0004429047269964983 
0.22261130565282639 0.00045537999435911355 
0.22311155577788894 0.00046818321875078815 
0.22361180590295146 0.0004813223212621065 
0.22411205602801398 0.0004948053943467027 
0.22461230615307654 0.0005086407049884602 
0.22511255627813906 0.0005228366979114373 
0.22561280640320158 0.0005374019988359781 
0.2261130565282641 0.0005523454177797841 
0.22661330665332666 0.0005676759524032615 
0.22711355677838918 0.0005834027914011462 
0.2276138069034517 0.0005995353179400366 
0.22811405702851423 0.0006160831131413182 
0.22861430715357678 0.0006330559596105667 
0.2291145572786393 0.0006504638450133643 
0.22961480740370183 0.0006683169656981097 
0.23011505752876438 0.0006866257303641724 
0.2306153076538269 0.0007054007637787212 
0.23111555777888942 0.0007246529105399155 
0.23161580790395195 0.0007443932388870613 
0.2321160580290145 0.0007646330445580691 
0.23261630815407702 0.0007853838546954614 
0.23311655827913955 0.000806657431798043 
0.2336168084042021 0.000828465777723166 
0.23411705852926462 0.0008508211377334138 
0.23461730865432714 0.000873736004592984 
0.23511755877938967 0.0008972231227123502 
0.23561780890445222 0.0009212954923397941 
0.23611805902951474 0.0009459663738006766 
0.23661830915457727 0.000971249291785899 
0.2371185592796398 0.0009971580396865333 
0.23761880940470234 0.001023706683978239 
0.23811905952976486 0.0010509095686519385 
0.2386193096548274 0.001078781319692825 
0.23911955977988994 0.0011073368496067068 
0.23961980990495246 0.0011365913619942444 
0.240120060030015 0.0011665603561730972 
0.2406203101550775 0.0011972596318451352 
0.24112056028014006 0.001228705293814095 
0.24162081040520259 0.0012609137567461933 
0.2421210605302651 0.0012939017499812306 
0.24262131065532766 0.0013276863223871834 
0.24312156078039018 0.001362284847262483 
0.2436218109054527 0.001397715027283688 
0.24412206103051523 0.0014339948994988088 
0.24462231115557778 0.0014711428403659853 
0.2451225612806403 0.0015091775708366414 
0.24562281140570283 0.0015481181614839183 
0.24612306153076535 0.0015879840376736294 
0.2466233116558279 0.001628794984781188 
0.24712356178089043 0.0016705711534497573 
0.24762381190595295 0.0017133330648921215 
0.2481240620310155 0.0017571016162340315 
0.24862431215607803 0.0018018980859000654 
0.24912456228114055 0.001847744139040151 
0.24962481240620307 0.0018946618329961527 
0.2501250625312656 0.0019426736228091057 
0.25062531265632815 0.0019918023667650424 
0.2511255627813907 0.0020420713319795414 
0.2516258129064532 0.0020935042000199753 
0.25212606303151575 0.0021461250725651588 
0.2526263131565783 0.0021999584771001464 
0.2531265632816408 0.002255029372648131 
0.25362681340670334 0.0023113631555356407 
0.25412706353176584 0.002368985665191032 
0.2546273136568284 0.00242792318997759 
0.25512756378189094 0.002488202473056779 
0.25562781390695344 0.0025498507182825673 
0.256128064032016 0.0026128955961259087 
0.25662831415707854 0.002677365249628712 
0.25712856428214104 0.002743288300382738 
0.2576288144072036 0.002810693854538738 
0.25812906453226614 0.002879611508837971 
0.25862931465732864 0.002950071356668664 
0.2591295647823912 0.0030221039941463112 
0.2596298149074537 0.003095740526213984 
0.26013006503251623 0.0031710125727641455 
0.2606303151575788 0.0032479522747788253 
0.2611305652826413 0.0033265923004866978 
0.26163081540770383 0.0034069658515376686 
0.2621310655327664 0.0034891066691907042 
0.2626313156578289 0.0035730490405149863 
0.26313156578289143 0.0036588278046027225 
0.263631815907954 0.0037464783587920427 
0.2641320660330165 0.0038360366648970304 
0.26463231615807903 0.003927539255445404 
0.2651325662831415 0.004021023239920259 
0.2656328164082041 0.004116526311005217 
0.2661330665332666 0.00421408675082995 
0.2666333166583291 0.004313743437216049 
0.2671335667833917 0.004415535849919352 
0.2676338169084542 0.004519504076867786 
0.2681340670335167 0.00462568882039284 
0.26863431715857927 0.00473413140345278 
0.2691345672836418 0.004844873775843733 
0.2696348174087043 0.0049579585203993965 
0.27013506753376687 0.005073428859174556 
0.2706353176588294 0.005191328659612297 
0.2711355677838919 0.005311702440690171 
0.27163581790895447 0.005434595379046137 
0.27213606803401696 0.005560053315079057 
0.2726363181590795 0.005688122759022548 
0.27313656828414207 0.0058188508969899445 
0.27363681840920456 0.0059522855969880205 
0.2741370685342671 0.006088475414896058 
0.27463731865932967 0.006227469600406507 
0.27513756878439216 0.006369318102929941 
0.2756378189094547 0.006514071577454115 
0.27613806903451726 0.006661781390359317 
0.27663831915957976 0.0068124996251869826 
0.2771385692846423 0.006966279088356867 
0.2776388194097048 0.0071231733148305 
0.27813906953476736 0.007283236573718936 
0.2786393196598299 0.007446523873830424 
0.2791395697848924 0.007613090969157426 
0.27963981990995496 0.007782994364295114 
0.2801400700350175 0.007956291319794844 
0.28064032016008 0.008133039857443236 
0.28114057028514255 0.008313298765467388 
0.2816408204102051 0.008497127603662807 
0.2821410705352676 0.008684586708437966 
0.28264132066033015 0.008875737197775858 
0.28314157078539265 0.009070640976105781 
0.2836418209104552 0.009269360739085191 
0.28414207103551775 0.009471959978285921 
0.28464232116058025 0.009678502985780187 
0.2851425712856428 0.009889054858627332 
0.28564282141070535 0.010103681503253362 
0.28614307153576785 0.010322449639719997 
0.2866433216608304 0.010545426805883433 
0.28714357178589295 0.010772681361433868 
0.28764382191095544 0.011004282491815667 
0.288144072036018 0.01124030021202342 
0.28864432216108055 0.011480805370269478 
0.28914457228614304 0.0117258696515195 
0.2896448224112056 0.01197556558089211 
0.2901450725362681 0.012229966526919484 
0.29064532266133064 0.012489146704662512 
0.2911455727863932 0.012753181178680233 
0.2916458229114557 0.01302214586584545 
0.29214607303651824 0.01329611753800559 
0.2926463231615808 0.013575173824484315 
0.2931465732866433 0.013859393214415828 
0.29364682341170584 0.01414885505891522 
0.2941470735367684 0.014443639573072632 
0.2946473236618309 0.014743827837772741 
0.29514757378689344 0.015049501801332788 
0.29564782391195593 0.015360744280954798 
0.2961480740370185 0.01567763896398917 
0.29664832416208103 0.016000270409003873 
0.29714857428714353 0.016328724046655734 
0.2976488244122061 0.016663086180358885 
0.29814907453726863 0.017003443986747146 
0.29864932466233113 0.01734988551592321 
0.2991495747873937 0.017702499691495177 
0.29964982491245623 0.018061376310389985 
0.3001500750375187 0.018426606042444088 
0.3006503251625813 0.018798280429764454 
0.3011505752876438 0.01917649188585724 
0.3016508254127063 0.019561333694516292 
0.3021510755377689 0.019952900008472125 
0.30265132566283137 0.020351285847792375 
0.3031515757878939 0.0207565870980305 
0.3036518259129565 0.02116890050812171 
0.30415207603801897 0.021588323688013916 
0.3046523261630815 0.022014955106039333 
0.3051525762881441 0.02244889408601232 
0.30565282641320657 0.022890240804057486 
0.3061530765382691 0.023339096285156704 
0.30665332666333167 0.023795562399415042 
0.30715357678839417 0.024259741858040928 
0.3076538269134567 0.024731738209032596 
0.3081540770385192 0.025211655832570654 
0.30865432716358177 0.02569959993611013 
0.3091545772886443 0.026195676549168576 
0.3096548274137068 0.026699992517804097 
0.31015507753876936 0.027212655498781754 
0.3106553276638319 0.027733773953422493 
0.3111555777888944 0.028263457141130138 
0.31165582791395696 0.028801815112591896 
0.3121560780390195 0.029348958702651542 
0.312656328164082 0.029904999522845633 
0.31315657828914456 0.030470049953603067 
0.31365682841420706 0.031044223136102143 
0.3141570785392696 0.031627632963781564 
0.31465732866433216 0.03222039407350133 
0.31515757878939465 0.03282262183634827 
0.3156578289144572 0.03343443234808592 
0.31615807903951976 0.034055942419240176 
0.31665832916458225 0.034687269564821356 
0.3171585792896448 0.03532853199367564 
0.31765882941470736 0.035979848597464 
0.31815907953976985 0.03664133893926579 
0.3186593296648324 0.037313123241799626 
0.3191595797898949 0.03799532237526479 
0.31965982991495745 0.03868805784479162 
0.32016008004002 0.03939145177750534 
0.3206603301650825 0.040105626909194426 
0.32116058029014505 0.04083070657058434 
0.3216608304152076 0.04156681467320898 
0.3221610805402701 0.042314075694883685 
0.32266133066533265 0.04307261466476923 
0.3231615807903952 0.04384255714803069 
0.3236618309154577 0.04462402923008307 
0.32416208104052024 0.0454171575004252 
0.32466233116558274 0.046222069036058015 
0.3251625812906453 0.047038891384483 
0.32566283141570784 0.0478677525462815 
0.32616308154077034 0.04870878095727139 
0.3266633316658329 0.04956210547023736 
0.32716358179089544 0.050427855336237816 
0.32766383191595794 0.0513061601854785 
0.3281640820410205 0.0521971500077612 
0.32866433216608304 0.0531009551324959 
0.32916458229114554 0.054017706208283056 
0.3296648324162081 0.05494753418205893 
0.33016508254127064 0.05589057027780724 
0.33066533266633313 0.05684694597483108 
0.3311655827913957 0.05781679298559008 
0.3316658329164582 0.0588002432330968 
0.33216608304152073 0.05979742882787348 
0.3326663331665833 0.060808482044472284 
0.3331665832916458 0.06183353529755016 
0.33366683341670833 0.06287272111750764 
0.3341670835417709 0.06392617212568558 
0.3346673336668334 0.06499402100912052 
0.33516758379189593 0.066076400494861 
0.3356678339169585 0.06717344332384463 
0.336168084042021 0.06828528222433476 
0.3366683341670835 0.06941204988491792 
0.337168584292146 0.07055387892706724 
0.3376688344172086 0.07171090187726469 
0.3381690845422711 0.07288325113869207 
0.3386693346673336 0.07407105896248425 
0.3391695847923962 0.0752744574185545 
0.3396698349174587 0.07649357836598569 
0.3401700850425212 0.0777285534229945 
0.34067033516758377 0.0789795139364688 
0.3411705852926463 0.08024659095108154 
0.3416708354177088 0.0815299151779816 
0.34217108554277137 0.08282961696306745 
0.34267133566783387 0.08414582625484385 
0.3431715857928964 0.08547867257186484 
0.34367183591795897 0.08682828496976835 
0.34417208604302146 0.08819479200790419 
0.344672336168084 0.08957832171555866 
0.34517258629314657 0.09097900155778231 
0.34567283641820906 0.09239695840081973 
0.3461730865432716 0.09383231847715302 
0.34667333666833416 0.09528520735015679 
0.34717358679339666 0.09675574987837193 
0.3476738369184592 0.09824407017940401 
0.34817408704352176 0.09975029159345143 
0.34867433716858426 0.10127453664646377 
0.3491745872936468 0.10281692701294443 
0.3496748374187093 0.10437758347839549 
0.35017508754377186 0.10595662590141483 
0.3506753376688344 0.10755417317545138 
0.3511755877938969 0.10917034319022217 
0.35167583791895946 0.11080525279280204 
0.352176088044022 0.11245901774838944 
0.3526763381690845 0.11413175270075628 
0.35317658829414705 0.11582357113238881 
0.3536768384192096 0.11753458532433014 
0.3541770885442721 0.11926490631572435 
0.35467733866933465 0.12101464386308024 
0.35517758879439715 0.12278390639925468 
0.3556778389194597 0.12457280099216632 
0.35617808904452225 0.12638143330325233 
0.35667833916958475 0.12820990754566788 
0.3571785892946473 0.13005832644224855 
0.35767883941970985 0.13192679118323458 
0.35817908954477234 0.13381540138377312 
0.3586793396698349 0.13572425504120456 
0.35917958979489745 0.13765344849214695 
0.35967983991995994 0.13960307636938088 
0.3601800900450225 0.14157323155855348 
0.360680340170085 0.1435640051547086 
0.36118059029514754 0.14557548641865026 
0.3616808404202101 0.1476077627331583 
0.3621810905452726 0.14966091955905775 
0.36268134067033514 0.15173504039116267 
0.3631815907953977 0.15383020671409806 
0.3636818409204602 0.15594649795801707 
0.36418209104552274 0.15808399145422147 
0.3646823411705853 0.1602427623907024 
0.3651825912956478 0.16242288376760558 
0.36568284142071034 0.16462442635264316 
0.3661830915457729 0.16684745863646008 
0.3666833416708354 0.16909204678796158 
0.36718359179589793 0.17135825460963205 
0.36768384192096043 0.1736461434928368 
0.368184092046023 0.17595577237313945 
0.36868434217108553 0.17828719768563497 
0.36918459229614803 0.1806404733203208 
0.3696848424212106 0.18301565057751287 
0.37018509254627313 0.18541277812332968 
0.3706853426713356 0.18783190194524776 
0.3711855927963982 0.1902730653077519 
0.37168584292146073 0.1927363087080915 
0.3721860930465232 0.19522166983215503 
0.3726863431715858 0.19772918351048527 
0.3731865932966483 0.20025888167443875 
0.3736868434217108 0.20281079331251672 
0.3741870935467734 0.205384944426875 
0.37468734367183587 0.2079813579900306 
0.3751875937968984 0.21060005390178085 
0.375687843921961 0.21324104894635199 
0.37618809404702347 0.2159043567497892 
0.376688344172086 0.21858998773760707 
0.37718859429714857 0.2212979490927199 
0.37768884442221107 0.2240282447136568 
0.3781890945472736 0.22678087517309156 
0.3786893446723361 0.22955583767669524 
0.37918959479739867 0.23235312602232586 
0.3796898449224612 0.23517273055958438 
0.3801900950475237 0.23801463814973534 
0.38069034517258626 0.24087883212602515 
0.3811905952976488 0.24376529225440566 
0.3816908454227113 0.24667399469468052 
0.38219109554777386 0.2496049119620959 
0.3826913456728364 0.25255801288938795 
0.3831915957978989 0.2555332625893044 
0.38369184592296146 0.25853062241762004 
0.38419209604802396 0.2615500499366592 
0.3846923461730865 0.264591498879346 
0.38519259629814906 0.267654919113798 
0.38569284642321155 0.27074025660847667 
0.3861930965482741 0.27384745339791944 
0.38669334667333666 0.2769764475490631 
0.38719359679839915 0.2801271731281792 
0.3876938469234617 0.28329956016843727 
0.38819409704852426 0.286493534638115 
0.38869434717358675 0.2897090184094669 
0.3891945972986493 0.2929459292282754 
0.38969484742371185 0.29620418068409804 
0.39019509754877435 0.2994836821812218 
0.3906953476738369 0.3027843389103565 
0.3911955977988994 0.30610605182106404 
0.39169584792396195 0.3094487175949562 
0.3921960980490245 0.312812228619672 
0.392696348174087 0.31619647296364645 
0.39319659829914955 0.31960133435169497 
0.3936968484242121 0.3230266921414257 
0.3941970985492746 0.3264724213004908 
0.39469734867433715 0.3299383923847054 
0.3951975987993997 0.3334244715170381 
0.3956978489244622 0.33693052036749194 
0.39619809904952474 0.3404563961338964 
0.39669834917458724 0.3440019515236186 
0.3971985992996498 0.3475670347362138 
0.39769884942471234 0.35115148944702856 
0.39819909954977484 0.3547551547917706 
0.3986993496748374 0.35837786535206234 
0.39919959979989994 0.3620194511419905 
0.39969984992496244 0.3656797375956668 
0.400200100050025 0.3693585455558133 
0.40070035017508754 0.3730556912633897 
0.40120060030015003 0.3767709863482687 
0.4017008504252126 0.3805042378209805 
0.4022011005502751 0.38425524806553696 
0.40270135067533763 0.3880238148333459 
0.4032016008004002 0.39180973123823226 
0.4037018509254627 0.39561278575257364 
0.40420210105052523 0.3994327622045682 
0.4047023511755878 0.403269439776644 
0.4052026013006503 0.4071225930050168 
0.40570285142571283 0.4109919917804155 
0.4062031015507754 0.41487740134998463 
0.4067033516758379 0.4187785823203654 
0.4072036018009004 0.42269529066197903 
0.407703851925963 0.4266272777145151 
0.4082041020510255 0.43057429019363114 
0.408704352176088 0.434536070198885 
0.4092046023011505 0.4385123552228914 
0.4097048524262131 0.44250287816173095 
0.4102051025512756 0.44650736732660407 
0.4107053526763381 0.45052554645674486 
0.41120560280140067 0.45455713473360126 
0.4117058529264632 0.4586018467962934 
0.4122061030515257 0.46265939275834317 
0.41270635317658827 0.4667294782256994 
0.4132066033016508 0.4708118043160524 
0.4137068534267133 0.4749060676794459 
0.41420710355177587 0.479011960520193 
0.41470735367683836 0.48312917062010463 
0.4152076038019009 0.48725738136302443 
0.41570785392696347 0.49139627176068545 
0.41620810405202596 0.4955455164798843 
0.4167083541770885 0.49970478587097966 
0.41720860430215106 0.5038737459977188 
0.41770885442721356 0.5080520586683883 
0.4182091045522761 0.512239381468297 
0.41870935467733866 0.5164353677935924 
0.41920960480240116 0.5206396668864048 
0.4197098549274637 0.5248519238713266 
0.4202101050525262 0.529071779793225 
0.42071035517758876 0.5332988716563823 
0.4212106053026513 0.5375328324649746 
0.4217108554277138 0.5417732912648707 
0.42221110555277636 0.5460198731867644 
0.4227113556778389 0.5502721994906327 
0.4232116058029014 0.5545298876115101 
0.42371185592796395 0.5587925512065853 
0.4242121060530265 0.5630598002036156 
0.424712356178089 0.5673312408506439 
0.42521260630315155 0.5716064757670261 
0.4257128564282141 0.5758851039957597 
0.4262131065532766 0.580166721057099 
0.42671335667833915 0.5844509190034685 
0.42721360680340165 0.5887372864756473 
0.4277138569284642 0.5930254087602305 
0.42821410705352675 0.5973148678483592 
0.42871435717858924 0.6016052424957005 
0.4292146073036518 0.60589610828368 
0.42971485742871435 0.6101870376819547 
0.43021510755377684 0.614477600112108 
0.4307153576788394 0.6187673620125667 
0.43121560780390195 0.6230558869047287 
0.43171585792896444 0.6273427354602779 
0.432216108054027 0.6316274655696935 
0.4327163581790895 0.6359096324119189 
0.43321660830415204 0.6401887885251986 
0.4337168584292146 0.644464483879059 
0.4342171085542771 0.6487362659474121 
0.43471735867933964 0.6530036797827872 
0.4352176088044022 0.657266268091657 
0.4357178589294647 0.6615235713108526 
0.43621810905452724 0.6657751276850473 
0.4367183591795898 0.6700204733452988 
0.4372186093046523 0.6742591423886224 
0.43771885942971483 0.67849066695859 
0.43821910955477733 0.682714577326929 
0.4387193596798399 0.6869304019761033 
0.43921960980490243 0.6911376676828649 
0.43971985992996493 0.6953358996027441 
0.4402201100550275 0.699524621355474 
0.44072036018009003 0.7037033551113175 
0.4412206103051525 0.7078716216782792 
0.4417208604302151 0.7120289405901845 
0.44222111055527763 0.7161748301956036 
0.4427213606803401 0.7203088077475936 
0.4432216108054027 0.7244303894942432 
0.44372186093046523 0.7285390907699958 
0.4442221110555277 0.7326344260877196 
0.4447223611805903 0.73671590923152 
0.44522261130565277 0.7407830533502485 
0.4457228614307153 0.7448353710516965 
0.4462231115557779 0.7488723744974554 
0.44672336168084037 0.7528935754983959 
0.4472236118059029 0.7568984856107681 
0.44772386193096547 0.7608866162328775 
0.44822411205602797 0.764857478702316 
0.4487243621810905 0.7688105843937281 
0.44922461230615307 0.7727454448170771 
0.44972486243121557 0.7766615717163866 
0.4502251125562781 0.7805584771689354 
0.4507253626813406 0.7844356736848689 
0.45122561280640316 0.7882926743072071 
0.4517258629314657 0.7921289927122209 
0.4522261130565282 0.7959441433101372 
0.45272636318159076 0.7997376413461619 
0.4532266133066533 0.8035090030017767 
0.4537268634317158 0.807257745496288 
0.45422711355677836 0.8109833871885979 
0.4547273636818409 0.8146854476791647 
0.4552276138069034 0.818363447912127 
0.45572786393196596 0.8220169102775581 
0.45622811405702846 0.825645358713824 
0.456728364182091 0.8292483188100083 
0.45722861430715356 0.8328253179083847 
0.45772886443221605 0.8363758852068923 
0.4582291145572786 0.8398995518615942 
0.45872936468234116 0.8433958510890855 
0.45922961480740365 0.8468643182688137 
0.4597298649324662 0.85030449104529 
0.46023011505752875 0.8537159094301554 
0.46073036518259125 0.857098115904064 
0.4612306153076538 0.8604506555183699 
0.4617308654327163 0.8637730759965616 
0.46223111555777885 0.8670649278354382 
0.4627313656828414 0.8703257644059748 
0.4632316158079039 0.873555142053857 
0.46373186593296645 0.8767526201996515 
0.464232116058029 0.8799177614385795 
0.4647323661830915 0.8830501316398596 
0.46523261630815405 0.8861493000455936 
0.4657328664332166 0.8892148393691616 
0.4662331165582791 0.892246325893092 
0.46673336668334164 0.8952433395663788 
0.4672336168084042 0.8982054641012184 
0.4677338669334667 0.9011322870691214 
0.46823411705852924 0.9040233999963884 
0.46873436718359174 0.9068783984588973 
0.4692346173086543 0.9096968821761906 
0.46973486743371684 0.9124784551048204 
0.47023511755877934 0.915222725530921 
0.4707353676838419 0.9179293061619868 
0.47123561780890444 0.9205978142178183 
0.47173586793396693 0.9232278715206085 
0.4722361180590295 0.9258191045841377 
0.47273636818409204 0.9283711447020563 
0.47323661830915453 0.9308836280352109 
0.4737368684342171 0.9333561956980012 
0.4742371185592796 0.9357884938437282 
0.47473736868434213 0.9381801737489072 
0.4752376188094047 0.9405308918965248 
0.4757378689344672 0.9428403100581965 
0.47623811905952973 0.9451080953752173 
0.4767383691845923 0.9473339204384622 
0.4772386193096548 0.9495174633671154 
0.47773886943471733 0.9516584078862065 
0.4782391195597799 0.9537564434029153 
0.4787393696848424 0.9558112650816354 
0.4792396198099049 0.9578225739177575 
0.4797398699349674 0.9597900768101537 
0.48024012006003 0.9617134866323391 
0.4807403701850925 0.9635925223022815 
0.481240620310155 0.9654269088508438 
0.48174087043521757 0.9672163774888247 
0.4822411205602801 0.9689606656725841 
0.4827413706853426 0.9706595171682287 
0.48324162081040517 0.97231268211433 
0.4837418709354677 0.9739199170831637 
0.4842421210605302 0.9754809851404386 
0.48474237118559277 0.9769956559035009 
0.4852426213106553 0.9784637055979947 
0.4857428714357178 0.979884917112953 
0.48624312156078037 0.9812590800543101 
0.48674337168584286 0.9825859907968025 
0.4872436218109054 0.9838654525342565 
0.48774387193596797 0.9850972753282348 
0.48824412206103046 0.9862812761550255 
0.488744372186093 0.9874172789509653 
0.48924462231115556 0.9885051146560696 
0.48974487243621806 0.9895446212559634 
0.4902451225612806 0.9905356438220965 
0.49074537268634316 0.9914780345502249 
0.49124562281140566 0.9923716527971492 
0.4917458729364682 0.9932163651156992 
0.4922461230615307 0.9940120452879421 
0.49274637318659326 0.9947585743566184 
0.4932466233116558 0.9954558406547793 
0.4937468734367183 0.9961037398336268 
0.49424712356178085 0.9967021748885396 
0.4947473736868434 0.9972510561832791 
0.4952476238119059 0.9977503014723644 
0.49574787393696845 0.9981998359216134 
0.496248124062031 0.9985995921268367 
0.4967483741870935 0.9989495101306833 
0.49724862431215605 0.9992495374376259 
0.49774887443721855 0.9994996290270886 
0.4982491245622811 0.9996997473647051 
0.49874937468734365 0.999849862411707 
0.49924962481240615 0.9999499516324399 
0.4997498749374687 1.0 
0.5002501250625312 0.9999999999999956 
0.5007503751875938 0.9999499516324264 
0.5012506253126563 0.9998498624116844 
0.5017508754377188 0.9996997473646732 
0.5022511255627814 0.999499629027048 
0.5027513756878439 0.9992495374375765 
0.5032516258129064 0.9989495101306252 
0.503751875937969 0.9985995921267712 
0.5042521260630315 0.9981998359215395 
0.504752376188094 0.9977503014722826 
0.5052526263131566 0.9972510561831903 
0.5057528764382191 0.9967021748884437 
0.5062531265632816 0.9961037398335242 
0.5067533766883441 0.9954558406546701 
0.5072536268134067 0.9947585743565037 
0.5077538769384692 0.9940120452878222 
0.5082541270635317 0.9932163651155744 
0.5087543771885943 0.9923716527970206 
0.5092546273136568 0.9914780345500919 
0.5097548774387193 0.9905356438219609 
0.5102551275637819 0.9895446212558249 
0.5107553776888444 0.9885051146559289 
0.5112556278139069 0.9874172789508234 
0.5117558779389695 0.9862812761548826 
0.512256128064032 0.9850972753280913 
0.5127563781890945 0.9838654525341136 
0.5132566283141571 0.9825859907966604 
0.5137568784392196 0.9812590800541694 
0.5142571285642821 0.9798849171128146 
0.5147573786893447 0.9784637055978581 
0.5152576288144072 0.9769956559033676 
0.5157578789394697 0.975480985140309 
0.5162581290645323 0.9739199170830388 
0.5167583791895948 0.9723126821142092 
0.5172586293146573 0.9706595171681132 
0.5177588794397199 0.9689606656724747 
0.5182591295647824 0.9672163774887212 
0.5187593796898449 0.9654269088507471 
0.5192596298149074 0.9635925223021917 
0.51975987993997 0.9617134866322564 
0.5202601300650325 0.9597900768100784 
0.520760380190095 0.9578225739176905 
0.5212606303151576 0.9558112650815767 
0.5217608804402201 0.9537564434028645 
0.5222611305652826 0.9516584078861646 
0.5227613806903452 0.9495174633670832 
0.5232616308154077 0.9473339204384382 
0.5237618809404702 0.9451080953752025 
0.5242621310655328 0.9428403100581912 
0.5247623811905953 0.9405308918965283 
0.5252626313156578 0.9381801737489204 
0.5257628814407204 0.9357884938437502 
0.5262631315657829 0.9333561956980321 
0.5267633816908454 0.9308836280352507 
0.527263631815908 0.928371144702105 
0.5277638819409705 0.925819104584195 
0.528264132066033 0.923227871520674 
0.5287643821910956 0.9205978142178923 
0.5292646323161581 0.9179293061620681 
0.5297648824412206 0.9152227255310098 
0.530265132566283 0.9124784551049167 
0.5307653826913457 0.9096968821762943 
0.5312656328164082 0.9068783984590063 
0.5317658829414706 0.9040233999965036 
0.5322661330665333 0.9011322870692424 
0.5327663831915957 0.8982054641013436 
0.5332666333166582 0.8952433395665086 
0.5337668834417209 0.8922463258932256 
0.5342671335667833 0.8892148393692987 
0.5347673836918458 0.8861493000457333 
0.5352676338169085 0.8830501316400016 
0.535767883941971 0.8799177614387225 
0.5362681340670334 0.876752620199796 
0.536768384192096 0.873555142054002 
0.5372686343171585 0.8703257644061193 
0.537768884442221 0.8670649278355823 
0.5382691345672836 0.8637730759967046 
0.5387693846923461 0.8604506555185101 
0.5392696348174086 0.8570981159042026 
0.5397698849424712 0.8537159094302906 
0.5402701350675337 0.8503044910454215 
0.5407703851925962 0.8468643182689409 
0.5412706353176588 0.8433958510892086 
0.5417708854427213 0.8398995518617121 
0.5422711355677838 0.8363758852070043 
0.5427713856928463 0.8328253179084909 
0.5432716358179089 0.8292483188101082 
0.5437718859429714 0.8256453587139161 
0.5442721360680339 0.8220169102776436 
0.5447723861930965 0.8183634479122047 
0.545272636318159 0.8146854476792339 
0.5457728864432215 0.8109833871886594 
0.5462731365682841 0.8072577454963415 
0.5467733866933466 0.8035090030018205 
0.5472736368184091 0.7997376413461968 
0.5477738869434717 0.7959441433101636 
0.5482741370685342 0.7921289927122376 
0.5487743871935967 0.7882926743072151 
0.5492746373186593 0.7844356736848674 
0.5497748874437218 0.7805584771689241 
0.5502751375687843 0.7766615717163665 
0.5507753876938469 0.7727454448170479 
0.5512756378189094 0.7688105843936893 
0.5517758879439719 0.7648574787022685 
0.5522761380690345 0.7608866162328216 
0.552776388194097 0.7568984856107033 
0.5532766383191595 0.7528935754983231 
0.5537768884442221 0.7488723744973748 
0.5542771385692846 0.7448353710516089 
0.5547773886943471 0.7407830533501525 
0.5552776388194096 0.736715909231418 
0.5557778889444722 0.7326344260876112 
0.5562781390695347 0.7285390907698804 
0.5567783891945972 0.7244303894941233 
0.5572786393196598 0.7203088077474683 
0.5577788894447223 0.7161748301954733 
0.5582791395697848 0.7120289405900506 
0.5587793896948474 0.707871621678142 
0.5592796398199099 0.7037033551111769 
0.5597798899449724 0.6995246213553316 
0.560280140070035 0.6953358996025999 
0.5607803901950975 0.6911376676827189 
0.56128064032016 0.6869304019759576 
0.5617808904452226 0.6827145773267833 
0.5622811405702851 0.6784906669584444 
0.5627813906953476 0.6742591423884783 
0.5632816408204102 0.6700204733451568 
0.5637818909454727 0.665775127684907 
0.5642821410705352 0.6615235713107156 
0.5647823911955978 0.6572662680915239 
0.5652826413206603 0.6530036797826573 
0.5657828914457228 0.6487362659472873 
0.5662831415707853 0.6444644838789396 
0.5667833916958479 0.6401887885250857 
0.5672836418209104 0.6359096324118109 
0.5677838919459729 0.6316274655695925 
0.5682841420710355 0.6273427354601848 
0.568784392196098 0.6230558869046415 
0.5692846423211605 0.618767362012488 
0.5697848924462231 0.6144776001120372 
0.5702851425712856 0.6101870376818919 
0.5707853926963481 0.6058961082836263 
0.5712856428214107 0.6016052424956553 
0.5717858929464732 0.5973148678483229 
0.5722861430715357 0.5930254087602038 
0.5727863931965983 0.58873728647563 
0.5732866433216608 0.5844509190034605 
0.5737868934467233 0.5801667210571007 
0.5742871435717859 0.5758851039957709 
0.5747873936968484 0.5716064757670462 
0.5752876438219109 0.5673312408506738 
0.5757878939469735 0.563059800203655 
0.576288144072036 0.5587925512066334 
0.5767883941970985 0.5545298876115669 
0.5772886443221611 0.5502721994906988 
0.5777888944472236 0.5460198731868391 
0.5782891445722861 0.541773291264953 
0.5787893946973486 0.5375328324650649 
0.5792896448224112 0.5332988716564804 
0.5797898949474737 0.5290717797933291 
0.5802901450725362 0.5248519238714381 
0.5807903951975988 0.5206396668865227 
0.5812906453226613 0.5164353677937156 
0.5817908954477238 0.5122393814684255 
0.5822911455727864 0.5080520586685218 
0.5827913956978489 0.5038737459978561 
0.5832916458229114 0.4997047858711208 
0.583791895947974 0.4955455164800286 
0.5842921460730365 0.49139627176083184 
0.584792396198099 0.48725738136317304 
0.5852926463231616 0.48312917062025473 
0.5857928964482241 0.47901196052034295 
0.5862931465732866 0.47490606767959587 
0.5867933966983492 0.47081180431620245 
0.5872936468234117 0.46672947822584776 
0.5877938969484742 0.46265939275848994 
0.5882941470735368 0.4586018467964381 
0.5887943971985993 0.45455713473374254 
0.5892946473236618 0.45052554645688286 
0.5897948974487243 0.44650736732673835 
0.5902951475737869 0.442502878161861 
0.5907953976988494 0.43851235522301524 
0.5912956478239119 0.4345360701990034 
0.5917958979489745 0.430574290193744 
0.592296148074037 0.4266272777146205 
0.5927963981990995 0.42269529066207767 
0.5932966483241621 0.4187785823204564 
0.5937968984492246 0.41487740135006757 
0.5942971485742871 0.41099199178049056 
0.5947973986993497 0.40712259300508313 
0.5952976488244122 0.40326943977670127 
0.5957978989494747 0.3994327622046167 
0.5962981490745373 0.3956127857526131 
0.5967983991995998 0.391809731238262 
0.5972986493246623 0.38802381483336634 
0.5977988994497249 0.3842552480655478 
0.5982991495747874 0.38050423782098114 
0.5987993996998499 0.3767709863482594 
0.5992996498249125 0.3730556912633716 
0.599799899949975 0.3693585455557848 
0.6003001500750375 0.3656797375956289 
0.6008004002001001 0.36201945114194367 
0.6013006503251626 0.35837786535200544 
0.601800900450225 0.3547551547917052 
0.6023011505752875 0.35115148944695446 
0.6028014007003502 0.34756703473613193 
0.6033016508254126 0.3440019515235277 
0.6038019009504751 0.34045639613379824 
0.6043021510755378 0.3369305203673864 
0.6048024012006002 0.3334244715169251 
0.6053026513256627 0.3299383923845866 
0.6058029014507254 0.32647242130036563 
0.6063031515757878 0.32302669214129476 
0.6068034017008503 0.31960133435155985 
0.607303651825913 0.31619647296350684 
0.6078039019509754 0.31281222861952795 
0.6083041520760379 0.30944871759480924 
0.6088044022011005 0.30610605182091444 
0.609304652326163 0.30278433891020456 
0.6098049024512255 0.29948368218106897 
0.6103051525762881 0.29620418068394394 
0.6108054027013506 0.2929459292281211 
0.6113056528264131 0.2897090184093128 
0.6118059029514757 0.28649353463796257 
0.6123061530765382 0.28329956016828617 
0.6128064032016007 0.2801271731280303 
0.6133066533266633 0.2769764475489174 
0.6138069034517258 0.2738474533977775 
0.6143071535767883 0.2707402566083385 
0.6148074037018508 0.2676549191136648 
0.6153076538269134 0.2645914988792186 
0.6158079039519759 0.2615500499365366 
0.6163081540770384 0.25853062241750424 
0.616808404202101 0.25553326258919556 
0.6173086543271635 0.25255801288928537 
0.617808904452226 0.24960491196200138 
0.6183091545772886 0.24667399469459425 
0.6188094047023511 0.24376529225432758 
0.6193096548274136 0.2408788321259562 
0.6198099049524762 0.23801463814967552 
0.6203101550775387 0.23517273055953347 
0.6208104052026012 0.23235312602228467 
0.6213106553276638 0.22955583767666338 
0.6218109054527263 0.22678087517306966 
0.6223111555777888 0.22402824471364485 
0.6228114057028514 0.22129794909271816 
0.6233116558279139 0.2185899877376152 
0.6238119059529764 0.2159043567498073 
0.624312156078039 0.21324104894638019 
0.6248124062031015 0.21060005390181902 
0.625312656328164 0.2079813579900783 
0.6258129064532265 0.20538494442693253 
0.6263131565782891 0.20281079331258375 
0.6268134067033516 0.20025888167451478 
0.6273136568284141 0.19772918351056995 
0.6278139069534767 0.19522166983224876 
0.6283141570785392 0.1927363087081925 
0.6288144072036017 0.19027306530786064 
0.6293146573286643 0.18783190194536403 
0.6298149074537268 0.18541277812345222 
0.6303151575787893 0.18301565057764213 
0.6308154077038519 0.18064047332045563 
0.6313156578289144 0.17828719768577497 
0.6318159079539769 0.17595577237328436 
0.6323161580790395 0.17364614349298593 
0.632816408204102 0.17135825460978427 
0.6333166583291645 0.16909204678811696 
0.6338169084542271 0.1668474586366176 
0.6343171585792896 0.16462442635280228 
0.6348174087043521 0.16242288376776562 
0.6353176588294147 0.16024276239086283 
0.6358179089544772 0.15808399145438148 
0.6363181590795397 0.15594649795817614 
0.6368184092046023 0.15383020671425576 
0.6373186593296648 0.15173504039131808 
0.6378189094547273 0.14966091955920996 
0.6383191595797898 0.147607762733307 
0.6388194097048524 0.14557548641879497 
0.6393196598299149 0.14356400515484818 
0.6398199099549774 0.14157323155868778 
0.64032016008004 0.13960307636950925 
0.6408204102051025 0.13765344849226907 
0.641320660330165 0.13572425504131974 
0.6418209104552276 0.13381540138388082 
0.6423211605802901 0.13192679118333414 
0.6428214107053526 0.1300583264423401 
0.6433216608304152 0.1282099075457508 
0.6438219109554777 0.12638143330332585 
0.6443221610805402 0.12457280099223086 
0.6448224112056028 0.12278390639930933 
0.6453226613306653 0.12101464386312534 
0.6458229114557278 0.11926490631575912 
0.6463231615807904 0.1175345853243549 
0.6468234117058529 0.11582357113240284 
0.6473236618309154 0.11413175270075983 
0.647823911955978 0.11245901774838288 
0.6483241620810405 0.1108052527927846 
0.648824412206103 0.10917034319019446 
0.6493246623311655 0.1075541731754136 
0.6498249124562281 0.10595662590136713 
0.6503251625812906 0.10437758347833748 
0.6508254127063531 0.10281692701287676 
0.6513256628314157 0.10127453664638647 
0.6518259129564782 0.09975029159336461 
0.6523261630815407 0.09824407017930865 
0.6528264132066033 0.09675574987826775 
0.6533266633316658 0.09528520735004457 
0.6538269134567283 0.09383231847703319 
0.6543271635817909 0.09239695840069279 
0.6548274137068534 0.0909790015576483 
0.6553276638319159 0.08957832171541913 
0.6558279139569785 0.08819479200775875 
0.656328164082041 0.08682828496961775 
0.6568284142071035 0.08547867257170984 
0.6573286643321661 0.08414582625468528 
0.6578289144572286 0.08282961696290576 
0.6583291645822911 0.08152991517781727 
0.6588294147073537 0.08024659095091562 
0.6593296648324162 0.07897951393630152 
0.6598299149574787 0.07772855342282652 
0.6603301650825413 0.07649357836581834 
0.6608304152076038 0.0752744574183879 
0.6613306653326663 0.07407105896231911 
0.6618309154577288 0.0728832511385294 
0.6623311655827914 0.07171090187710534 
0.6628314157078539 0.07055387892691097 
0.6633316658329164 0.06941204988476582 
0.663831915957979 0.06828528222418767 
0.6643321660830415 0.0671734433237029 
0.664832416208104 0.0660764004947255 
0.6653326663331666 0.06499402100899161 
0.6658329164582291 0.06392617212556391 
0.6663331665832916 0.06287272111739392 
0.6668334167083542 0.06183353529744445 
0.6673336668334167 0.060808482044375035 
0.6678339169584792 0.05979742882778529 
0.6683341670835418 0.05880024323301777 
0.6688344172086043 0.057816792985520796 
0.6693346673336668 0.056846945974772266 
0.6698349174587294 0.05589057027775863 
0.6703351675837919 0.054947534182020905 
0.6708354177088544 0.05401770620825573 
0.671335667833917 0.05310095513247952 
0.6718359179589795 0.05219715000775545 
0.672336168084042 0.051306160185483944 
0.6728364182091046 0.05042785533625429 
0.673336668334167 0.04956210547026488 
0.6738369184592296 0.04870878095730961 
0.674337168584292 0.047867752546330654 
0.6748374187093547 0.047038891384542744 
0.6753376688344171 0.04622206903612791 
0.6758379189594796 0.04541715750050536 
0.6763381690845423 0.04462402923017298 
0.6768384192096047 0.04384255714812976 
0.6773386693346672 0.04307261466487771 
0.6778389194597298 0.04231407569500088 
0.6783391695847923 0.04156681467333411 
0.6788394197098548 0.04083070657071713 
0.6793396698349174 0.04010562690933486 
0.6798399199599799 0.039391451777652 
0.6803401700850424 0.03868805784494437 
0.680840420210105 0.03799532237542275 
0.6813406703351675 0.03731312324196243 
0.68184092046023 0.03664133893943269 
0.6823411705852926 0.03597984859763456 
0.6828414207103551 0.03532853199384846 
0.6833416708354176 0.034687269564996584 
0.6838419209604802 0.03405594241941661 
0.6843421710855427 0.033434432348262974 
0.6848424212106052 0.03282262183652528 
0.6853426713356677 0.03222039407367784 
0.6858429214607303 0.03162763296395653 
0.6863431715857928 0.031044223136274744 
0.6868434217108553 0.03047004995377281 
0.6873436718359179 0.029904999523011545 
0.6878439219609804 0.02934895870281342 
0.6883441720860429 0.028801815112748423 
0.6888444222111055 0.028263457141280927 
0.689344672336168 0.02773377395356718 
0.6898449224612305 0.02721265549891938 
0.6903451725862931 0.026699992517934475 
0.6908454227113556 0.026195676549290735 
0.6913456728364181 0.025699599936223925 
0.6918459229614807 0.025211655832675265 
0.6923461730865432 0.024731738209127673 
0.6928464232116057 0.024259741858126207 
0.6933466733366683 0.02379556239948997 
0.6938469234617308 0.023339096285220913 
0.6943471735867933 0.022890240804110965 
0.6948474237118559 0.022448894086054664 
0.6953476738369184 0.022014955106070162 
0.6958479239619809 0.021588323688033484 
0.6963481740870435 0.021168900508129394 
0.696848424212106 0.02075658709802688 
0.6973486743371685 0.02035128584777685 
0.697848924462231 0.019952900008445067 
0.6983491745872936 0.019561333694477486 
0.6988494247123561 0.01917649188580682 
0.6993496748374186 0.018798280429703107 
0.6998499249624812 0.018426606042371507 
0.7003501750875437 0.018061376310306743 
0.7008504252126062 0.017702499691401506 
0.7013506753376688 0.017349885515819535 
0.7018509254627313 0.017003443986633764 
0.7023511755877938 0.01666308618023611 
0.7028514257128564 0.01632872404652424 
0.7033516758379189 0.01600027040886384 
0.7038519259629814 0.01567763896384129 
0.704352176088044 0.01536074428079997 
0.7048524262131065 0.015049501801171544 
0.705352676338169 0.014743827837605377 
0.7058529264632316 0.014443639572900381 
0.7063531765882941 0.014148855058738119 
0.7068534267133566 0.013859393214234931 
0.7073536768384192 0.01357517382430034 
0.7078539269634817 0.013296117537819318 
0.7083541770885442 0.013022145865657492 
0.7088544272136067 0.012753181178491373 
0.7093546773386693 0.012489146704473857 
0.7098549274637318 0.012229966526731228 
0.7103551775887943 0.01197556558070518 
0.7108554277138569 0.011725869651334948 
0.7113556778389194 0.011480805370087645 
0.7118559279639819 0.011240300211845813 
0.7123561780890445 0.011004282491642184 
0.712856428214107 0.010772681361265619 
0.7133566783391695 0.010545426805721366 
0.7138569284642321 0.0103224496395644 
0.7143571785892946 0.01010368150310483 
0.7148574287143571 0.009889054858486696 
0.7153576788394197 0.009678502985648022 
0.7158579289644822 0.009471959978162702 
0.7163581790895447 0.00926936073897185 
0.7168584292146073 0.009070640976002253 
0.7173586793396698 0.008875737197682728 
0.7178589294647323 0.008684586708355969 
0.7183591795897949 0.008497127603592078 
0.7188594297148574 0.008313298765408048 
0.7193596798399199 0.008133039857395625 
0.7198599299649825 0.007956291319759496 
0.720360180090045 0.007782994364272119 
0.7208604302151075 0.007613090969146719 
0.72136068034017 0.007446523873832256 
0.7218609304652326 0.007283236573733449 
0.7223611805902951 0.007123173314857516 
0.7228614307153576 0.006966279088396372 
0.7233616808404202 0.006812499625238638 
0.7238619309654827 0.006661781390423123 
0.7243621810905452 0.006514071577529964 
0.7248624312156078 0.00636931810301741 
0.7253626813406703 0.006227469600505092 
0.7258629314657328 0.006088475415005599 
0.7263631815907954 0.0059522855971080235 
0.7268634317158579 0.0058188508971201616 
0.7273636818409204 0.005688122759162408 
0.727863931965983 0.005560053315227909 
0.7283641820910455 0.005434595379203471 
0.728864432216108 0.005311702440855449 
0.7293646823411706 0.005191328659784845 
0.7298649324662331 0.0050734288593535515 
0.7303651825912956 0.004957958520584285 
0.7308654327163582 0.0048448737760334185 
0.7313656828414207 0.004734131403647139 
0.7318659329664832 0.004625688820590661 
0.7323661830915458 0.004519504077068286 
0.7328664332166083 0.004415535850121697 
0.7333666833416708 0.0043137434374195625 
0.7338669334667333 0.004214086751033955 
0.7343671835917959 0.004116526311208291 
0.7348674337168584 0.004021023240122152 
0.7353676838419209 0.003927539255645355 
0.7358679339669835 0.0038360366650937614 
0.736368184092046 0.0037464783589849886 
0.7368684342171085 0.0036588278047909803 
0.7373686843421711 0.003573049040697734 
0.7378689344672336 0.003489106669367352 
0.7383691845922961 0.003406965851707316 
0.7388694347173587 0.003326592300648554 
0.7393696848424212 0.0032479522749324914 
0.7398699349674837 0.003171012572909113 
0.7403701850925463 0.003095740526349107 
0.7408704352176088 0.003022103994271344 
0.7413706853426713 0.002950071356782766 
0.7418709354677339 0.0028796115089409335 
0.7423711855927964 0.0028106938546300963 
0.7428714357178589 0.002743288300462044 
0.7433716858429215 0.0026773652496950395 
0.743871935967984 0.0026128955961798378 
0.7443721860930465 0.0025498507183236473 
0.744872436218109 0.0024882024730847234 
0.7453726863431716 0.00242792318999196 
0.745872936468234 0.0023689856651914923 
0.7463731865932965 0.002311363155522746 
0.7468734367183592 0.002255029372621734 
0.7473736868434216 0.0021999584770603263 
0.7478739369684841 0.00214612507251178 
0.7483741870935467 0.0020935041999533013 
0.7488744372186092 0.0020420713318999484 
0.7493746873436717 0.001991802366673097 
0.7498749374687343 0.0019426736227049154 
0.7503751875937968 0.0018946618328795984 
0.7508754377188593 0.0018477441389118773 
0.751375687843922 0.0018018980857607669 
0.7518759379689844 0.0017571016160841965 
0.7523761880940469 0.001713333064732361 
0.7528764382191095 0.0016705711532806376 
0.753376688344172 0.0016287949846034266 
0.7538769384692345 0.0015879840374875998 
0.7543771885942971 0.0015481181612909383 
0.7548774387193596 0.0015091775706367735 
0.7553776888444221 0.001471142840160715 
0.7558779389694847 0.0014339948992882965 
0.7563781890945472 0.0013977150270693163 
0.7568784392196097 0.0013622848470448143 
0.7573786893446722 0.0013276863221671432 
0.7578789394697348 0.0012939017497597203 
0.7583791895947973 0.0012609137565241222 
0.7588794397198598 0.0012287052935921951 
0.7593796898449224 0.0011972596316250077 
0.7598799399699849 0.001166560355954752 
0.7603801900950474 0.0011365913617792666 
0.76088044022011 0.0011073368493954721 
0.7613806903451725 0.0010787813194864469 
0.761880940470235 0.0010509095684514702 
0.7623811905952976 0.0010237066837843038 
0.7628814407203601 0.000997158039499988 
0.7633816908454226 0.0009712492916070873 
0.7638819409704852 0.0009459663736309315 
0.7643821910955477 0.0009212954921797627 
0.7648824412206102 0.0008972231225629958 
0.7653826913456728 0.0008737360044547162 
0.7658829414707353 0.0008508211376064663 
0.7663831915957978 0.0008284657776084798 
0.7668834417208604 0.0008066574316960138 
0.7673836918459229 0.0007853838546064372 
0.7678839419709854 0.0007646330444827044 
0.7683841920960479 0.0007443932388253441 
0.7688844422211105 0.0007246529104925853 
0.769384692346173 0.0007054007637460507 
0.7698849424712355 0.0006866257303461481 
0.7703851925962981 0.0006683169656947117 
0.7708854427213606 0.0006504638450251603 
0.7713856928464231 0.0006330559596371291 
0.7718859429714857 0.0006160831131829071 
0.7723861930965482 0.000599535317996098 
0.7728864432216107 0.0005834027914718082 
0.7733866933466733 0.0005676759524882559 
0.7738869434717358 0.0005523454178790596 
0.7743871935967983 0.000537401998949036 
0.7748874437218609 0.0005228366980377326 
0.7753876938469234 0.0005086407051276623 
0.7758879439719859 0.0004948053944980115 
0.7763881940970485 0.0004813223214254919 
0.776888444222111 0.0004681832189250764 
0.7773886943471735 0.00045537999454394476 
0.7778889444722361 0.00044290472719157626 
0.7783891945972986 0.0004307496640178034 
0.7788894447223611 0.00041890721733627435 
0.7793896948474237 0.00040736996159006596 
0.7798899449724862 0.0003961306303568735 
0.7803901950975487 0.0003851821134052527 
0.7808904452226112 0.0003745174537857359 
0.7813906953476738 0.00036412984496980277 
0.7818909454727363 0.0003540126280284516 
0.7823911955977988 0.0003441592888518185 
0.7828914457228614 0.00033456345541258494 
0.7833916958479239 0.000325218895068526 
0.7838919459729864 0.0003161195119072402 
0.784392196098049 0.0003072593441303774 
0.7848924462231115 0.00029863256147644223 
0.785392696348174 0.000290233462686839 
0.7858929464732366 0.0002820564730076599 
0.7863931965982991 0.0002740961417348966 
0.7868934467233616 0.0002663471397910461 
0.7873936968484242 0.00025880425734699285 
0.7878939469734867 0.0002514624014785455 
0.7883941970985492 0.0002443165938608252 
0.7888944472236118 0.000237361968499691 
0.7893946973486743 0.0002305937694991857 
0.7898949474737368 0.000224007348866838 
0.7903951975987994 0.00021759816435394452 
0.7908954477238619 0.00021136177733172457 
0.7913956978489244 0.00020529385070151805 
0.791895947973987 0.00019939014684275207 
0.7923961980990495 0.00019364652558976137 
0.792896448224112 0.00018805894224958332 
0.7933966983491745 0.00018262344564915392 
0.7938969484742371 0.0001773361762138946 
0.7943971985992996 0.00017219336408453545 
0.7948974487243621 0.00016719132726287242 
0.7953976988494247 0.00016232646978820556 
0.7958979489744872 0.00015759527995034682 
0.7963981990995497 0.00015299432852921297 
0.7968984492246123 0.0001485202670664022 
0.7973986993496748 0.00014416982617076682 
0.7978989494747373 0.000139939813847661 
0.7983991995997999 0.0001358271138632727 
0.7988994497248624 0.00013182868413651405 
0.7993996998499249 0.0001279415551604296 
0.7998999499749875 0.00012416282844876871 
0.80040020010005 0.00012048967501684631 
0.8009004502251125 0.00011691933388423082 
0.8014007003501751 0.00011344911060927653 
0.8019009504752376 0.00011007637584845804 
0.8024012006003001 0.00010679856394148454 
0.8029014507253627 0.00010361317152569007 
0.8034017008504252 0.00010051775617353407 
0.8039019509754877 9.750993505756647e-05 
0.8044022011005502 9.458738363963877e-05 
0.8049024512256128 9.17478343844959e-05 
0.8054027013506753 8.898907549873661e-05 
0.8059029514757378 8.63089496934504e-05 
0.8064032016008004 8.370535297216671e-05 
0.8069034517258629 8.11762334377027e-05 
0.8074037018509254 7.871959012764192e-05 
0.807903951975988 7.633347186895452e-05 
0.8084042021010505 7.401597615548688e-05 
0.808904452226113 7.176524804931241e-05 
0.8094047023511756 6.957947910077731e-05 
0.8099049524762381 6.74569062916251e-05 
0.8104052026013006 6.539581099915769e-05 
0.8109054527263632 6.339451798143475e-05 
0.8114057028514257 6.145139438077358e-05 
0.8119059529764882 5.956484874887477e-05 
0.8124062031015508 5.773333009170443e-05 
0.8129064532266133 5.5955326932631455e-05 
0.8134067033516758 5.422936639714411e-05 
0.8139069534767384 5.2554013310327814e-05 
0.8144072036018009 5.092786932233404e-05 
0.8149074537268634 4.934957204104641e-05 
0.815407703851926 4.7817794191642944e-05 
0.8159079539769885 4.633124278847499e-05 
0.816408204102051 4.488865832541072e-05 
0.8169084542271134 4.348881398300804e-05 
0.817408704352176 4.213051485468668e-05 
0.8179089544772385 4.081259718343346e-05 
0.818409204602301 3.953392762078955e-05 
0.8189094547273637 3.829340249996583e-05 
0.8194097048524261 3.708994711889257e-05 
0.8199099549774886 3.592251504832528e-05 
0.8204102051025512 3.4790087446669335e-05 
0.8209104552276137 3.369167239154125e-05 
0.8214107053526762 3.262630422930951e-05 
0.8219109554777388 3.159304293454429e-05 
0.8224112056028013 3.0590973484197973e-05 
0.8229114557278638 2.961920524730782e-05 
0.8234117058529264 2.8676871385965403e-05 
0.8239119559779889 2.7763128270453383e-05 
0.8244122061030514 2.687715490797849e-05 
0.824912456228114 2.6018152381109494e-05 
0.8254127063531765 2.5185343302825522e-05 
0.825912956478239 2.4377971280425633e-05 
0.8264132066033016 2.3595300391991094e-05 
0.8269134567283641 2.2836614676997513e-05 
0.8274137068534266 2.2101217634925737e-05 
0.8279139569784892 2.138843173625114e-05 
0.8284142071035517 2.0697597945947966e-05 
0.8289144572286142 2.0028075258550577e-05 
0.8294147073536767 1.9379240238472045e-05 
0.8299149574787393 1.87504865757204e-05 
0.8304152076038018 1.8141224652907274e-05 
0.8309154577288643 1.7550881116572553e-05 
0.8314157078539269 1.6978898462608354e-05 
0.8319159579789894 1.6424734631833085e-05 
0.8324162081040519 1.5887862611034447e-05 
0.8329164582291145 1.536777004662902e-05 
0.833416708354177 1.4863958867962908e-05 
0.8339169584792395 1.4375944915093657e-05 
0.8344172086043021 1.390325757997192e-05 
0.8349174587293646 1.344543945222483e-05 
0.8354177088544271 1.3002045978981161e-05 
0.8359179589794897 1.257264512548973e-05 
0.8364182091045522 1.2156817047824903e-05 
0.8369184592296147 1.1754153774539397e-05 
0.8374187093546773 1.1364258893426835e-05 
0.8379189594797398 1.0986747246314577e-05 
0.8384192096048023 1.0621244632075582e-05 
0.8389194597298649 1.0267387516592024e-05 
0.8394197098549274 9.924822747969815e-06 
0.8399199599799899 9.593207282711148e-06 
0.8404202101050524 9.272207913758269e-06 
0.840920460230115 8.961501008267878e-06 
0.8414207103551775 8.660772250100857e-06 
0.84192096048024 8.369716392164854e-06 
0.8424212106053026 8.08803700856903e-06 
0.8429214607303651 7.815446258739442e-06 
0.8434217108554276 7.551664654227074e-06 
0.8439219609804902 7.296420833480652e-06 
0.8444222111055527 7.049451339762377e-06 
0.8449224612306152 6.810500405171219e-06 
0.8454227113556778 6.579319743098564e-06 
0.8459229614807403 6.355668341451437e-06 
0.8464232116058028 6.139312263090401e-06 
0.8469234617308654 5.930024453779316e-06 
0.8474237118559279 5.727584549467001e-06 
0.8479239619809904 5.531778692885426e-06 
0.848424212106053 5.342399354395329e-06 
0.8489244622311155 5.159245155410775e-06 
0.849424712356178 4.982120697385125e-06 
0.8499249624812406 4.810836395476948e-06 
0.8504252126063031 4.6452083172283664e-06 
0.8509254627313656 4.485058022909938e-06 
0.8514257128564282 4.330212411611593e-06 
0.8519259629814907 4.1805035732943916e-06 
0.8524262131065532 4.035768639710545e-06 
0.8529264632316157 3.895849643925649e-06 
0.8534267133566783 3.760593381773281e-06 
0.8539269634817408 3.6298512754867303e-06 
0.8544272136068033 3.5034792443204576e-06 
0.8549274637318659 3.3813375745021278e-06 
0.8554277138569284 3.263290795966247e-06 
0.8559279639819909 3.1492075612652514e-06 
0.8564282141070535 3.038960525277468e-06 
0.856928464232116 2.932426234415595e-06 
0.8574287143571785 2.8294850097584256e-06 
0.8579289644822411 2.7300208425515054e-06 
0.8584292146073036 2.633921285109802e-06 
0.8589294647323661 2.5410773507649494e-06 
0.8594297148574287 2.4513834091966703e-06 
0.8599299649824912 2.3647370937547015e-06 
0.8604302151075537 2.2810392027668036e-06 
0.8609304652326163 2.200193608326632e-06 
0.8614307153576788 2.122107167655779e-06 
0.8619309654827413 2.0466896336891687e-06 
0.8624312156078039 1.97385357049409e-06 
0.8629314657328664 1.9035142721636236e-06 
0.8634317158579289 1.8355896799555669e-06 
0.8639319659829914 1.7700003061391002e-06 
0.864432216108054 1.7066691556889867e-06 
0.8649324662331165 1.6455216549731578e-06 
0.865432716358179 1.5864855779403023e-06 
0.8659329664832416 1.5294909760857708e-06 
0.8664332166083041 1.4744701121443906e-06 
0.8669334667333666 1.421357392144058e-06 
0.8674337168584292 1.3700893023519597e-06 
0.8679339669834917 1.3206043465145422e-06 
0.8684342171085542 1.272842985279653e-06 
0.8689344672336168 1.226747576046698e-06 
0.8694347173586793 1.1822623180758778e-06 
0.8699349674837418 1.1393331949897666e-06 
0.8704352176088044 1.0979079200486091e-06 
0.8709354677338669 1.057935886077482e-06 
0.8714357178589294 1.0193681123547352e-06 
0.871935967983992 9.82157195588684e-07 
0.8724362181090545 9.462572616091661e-07 
0.872936468234117 9.11623918850472e-07 
0.8734367183591796 8.782142133127524e-07 
0.8739369684842421 8.459865826660968e-07 
0.8744372186093046 8.149008154049923e-07 
0.8749374687343672 7.849180081555309e-07 
0.8754377188594297 7.560005249055458e-07 
0.8759379689844922 7.281119592342519e-07 
0.8764382191095547 7.012170947377185e-07 
0.8769384692346173 6.752818683734849e-07 
0.8774387193596798 6.502733347522112e-07 
0.8779389694847423 6.261596314093205e-07 
0.8784392196098049 6.029099454769108e-07 
0.8789394697348674 5.804944785651031e-07 
0.8794397198599299 5.588844170357957e-07 
0.8799399699849925 5.380519022994198e-07 
0.880440220110055 5.179699964039419e-07 
0.8809404702351175 4.986126570675899e-07 
0.8814407203601801 4.799547077377281e-07 
0.8819409704852426 4.6197180970369025e-07 
0.882441220610305 4.446404363178885e-07 
0.8829414707353677 4.279378475510058e-07 
0.8834417208604302 4.118420644347516e-07 
0.8839419709854927 3.9633184332870036e-07 
0.8844422211105553 3.813866563912042e-07 
0.8849424712356178 3.6698666372959183e-07 
0.8854427213606803 3.5311269482497e-07 
0.8859429714857429 3.3974622605791575e-07 
0.8864432216108054 3.2686935931910195e-07 
0.8869434717358678 3.1446480326422365e-07 
0.8874437218609305 3.025158509963745e-07 
0.887943971985993 2.910063650411363e-07 
0.8884442221110554 2.799207551862316e-07 
0.8889444722361179 2.692439628675697e-07 
0.8894447223611806 2.5896144404051203e-07 
0.889944972486243 2.490591501650954e-07 
0.8904452226113055 2.395235147250242e-07 
0.8909454727363681 2.3034143613058247e-07 
0.8914457228614306 2.2150026239557277e-07 
0.8919459729864931 2.129877767768032e-07 
0.8924462231115557 2.047921827553781e-07 
0.8929464732366182 1.9690209236985433e-07 
0.8934467233616807 1.8930650926508395e-07 
0.8939469734867433 1.8199481868345544e-07 
0.8944472236118058 1.749567740541517e-07 
0.8949474737368683 1.6818248332547383e-07 
0.8954477238619309 1.6166239974451983e-07 
0.8959479739869934 1.553873083323613e-07 
0.8964482241120559 1.4934831494946024e-07 
0.8969484742371185 1.4353683779094943e-07 
0.897448724362181 1.379445932159323e-07 
0.8979489744872435 1.325635895201805e-07 
0.8984492246123061 1.2738611462199288e-07 
0.8989494747373686 1.2240472759204075e-07 
0.8994497248624311 1.1761224998037645e-07 
0.8999499749874936 1.1300175498687467e-07 
0.9004502251125562 1.0856656219779139e-07 
0.9009504752376187 1.043002258833553e-07 
0.9014507253626812 1.0019653032250562e-07 
0.9019509754877438 9.624947802674874e-08 
0.9024512256128063 9.245328642858282e-08 
0.9029514757378688 8.880237803881437e-08 
0.9034517258629314 8.529137344170421e-08 
0.9039519759879939 8.19150864467951e-08 
0.9044522261130564 7.866851539552262e-08 
0.904952476238119 7.554683740713857e-08 
0.9054527263631815 7.254540314162708e-08 
0.905952976488244 6.965972999080068e-08 
0.9064532266133066 6.688549674873339e-08 
0.9069534767383691 6.421853648655282e-08 
0.9074537268634316 6.165483396587714e-08 
0.9079539769884942 5.919051865454659e-08 
0.9084542271135567 5.682185938091049e-08 
0.9089544772386192 5.45452612714533e-08 
0.9094547273636818 5.235725799243409e-08 
0.9099549774887443 5.0254511133646594e-08 
0.9104552276138068 4.823380240101699e-08 
0.9109554777388694 4.629203160214364e-08 
0.9114557278639319 4.442621097179696e-08 
0.9119559779889944 4.263346199779074e-08 
0.9124562281140569 4.0911012257927705e-08 
0.9129564782391195 3.925618950489428e-08 
0.913456728364182 3.7666421231895426e-08 
0.9139569784892445 3.6139228288237196e-08 
0.9144572286143071 3.467222305303449e-08 
0.9149574787393696 3.3263106141524216e-08 
0.9154577288644321 3.1909662924685094e-08 
0.9159579789894947 3.06097605290542e-08 
0.9164582291145572 2.936134511225092e-08 
0.9169584792396197 2.8162439167021552e-08 
0.9174587293646823 2.701113820186145e-08 
0.9179589794897448 2.590560888744756e-08 
0.9184592296148073 2.484408560035329e-08 
0.9189594797398699 2.382486965914379e-08 
0.9194597298649324 2.2846324742005933e-08 
0.9199599799899949 2.190687620962799e-08 
0.9204602301150575 2.1005007836316128e-08 
0.92096048024012 2.0139261076904473e-08 
0.9214607303651825 1.930823195900078e-08 
0.9219609804902451 1.8510568718388463e-08 
0.9224612306153076 1.7744970965959624e-08 
0.9229614807403701 1.701018727476844e-08 
0.9234617308654326 1.6305013807582725e-08 
0.9239619809904952 1.5628291748455563e-08 
0.9244622311155577 1.4978906334481612e-08 
0.9249624812406202 1.4355784987882665e-08 
0.9254627313656828 1.3757895869738823e-08 
0.9259629814907453 1.3184247006921588e-08 
0.9264632316158078 1.2633883430703019e-08 
0.9269634817408704 1.2105887042887179e-08 
0.9274637318659329 1.1599374267207264e-08 
0.9279639819909954 1.1113495948455574e-08 
0.928464232116058 1.0647435512867326e-08 
0.9289644822411205 1.0200407059836764e-08 
0.929464732366183 9.771655357551515e-09 
0.9299649824912456 9.36045388944413e-09 
0.9304652326163081 8.96610452783194e-09 
0.9309654827413706 8.587936025458644e-09 
0.9314657328664332 8.225302891072827e-09 
0.9319659829914957 7.877584438955055e-09 
0.9324662331165582 7.544184106258616e-09 
0.9329664832416208 7.224528904761923e-09 
0.9334667333666833 6.918067536909573e-09 
0.9339669834917458 6.6242706545666165e-09 
0.9344672336168084 6.342629203972141e-09 
0.9349674837418709 6.072653833709102e-09 
0.9354677338669334 5.8138747847724484e-09 
0.9359679839919959 5.565840315528922e-09 
0.9364682341170585 5.328116865118738e-09 
0.936968484242121 5.100286596226622e-09 
0.9374687343671835 4.881949502002653e-09 
0.9379689844922461 4.672720778493028e-09 
0.9384692346173086 4.472230924337117e-09 
0.9389694847423711 4.280124346567037e-09 
0.9394697348674337 4.096060883097065e-09 
0.9399699849924962 3.9197121045616725e-09 
0.9404702351175587 3.750763464688827e-09 
0.9409704852426213 3.588912959933269e-09 
0.9414707353676838 3.4338708321166688e-09 
0.9419709854927463 3.285358734691893e-09 
0.9424712356178089 3.143107955457953e-09 
0.9429714857428714 3.006862271927766e-09 
0.9434717358679339 2.876375466840941e-09 
0.9439719859929965 2.751410367775498e-09 
0.944472236118059 2.631739841392888e-09 
0.9449724862431215 2.517145138238961e-09 
0.9454727363681841 2.407417633368252e-09 
0.9459729864932466 2.3023556575181393e-09 
0.9464732366183091 2.2017670274980654e-09 
0.9469734867433717 2.1054658897306343e-09 
0.9474737368684342 2.013274649927145e-09 
0.9479739869934967 1.92502290206091e-09 
0.9484742371185592 1.8405468448260153e-09 
0.9489744872436218 1.7596900535119257e-09 
0.9494747373686843 1.6823007543428119e-09 
0.9499749874937468 1.6082349018561406e-09 
0.9504752376188094 1.5373536825100065e-09 
0.9509754877438719 1.469524464683791e-09 
0.9514757378689344 1.404619573656361e-09 
0.951975987993997 1.3425156164872865e-09 
0.9524762381190595 1.2830960737266456e-09 
0.952976488244122 1.2262475901150912e-09 
0.9534767383691846 1.171862490179146e-09 
0.9539769884942471 1.1198369483698208e-09 
0.9544772386193096 1.0700717572720932e-09 
0.9549774887443722 1.0224713590891508e-09 
0.9554777388694347 9.76944263145385e-10 
0.9559779889944972 9.334023144534567e-10 
0.9564782391195598 8.917624046802565e-10 
0.9569784892446223 8.519432436759405e-10 
0.9574787393696848 8.138672206851203e-10 
0.9579789894947474 7.774610306189162e-10 
0.9584792396198099 7.426528564476137e-10 
0.9589794897448723 7.093747998860988e-10 
0.9594797398699348 6.77561710148519e-10 
0.9599799899949975 6.471507394990359e-10 
0.96048024012006 6.180814424616795e-10 
0.9609804902451224 5.902966183306371e-10 
0.961480740370185 5.637410375107621e-10 
0.9619809904952475 5.383619530052989e-10 
0.96248124062031 5.141082224975559e-10 
0.9629814907453726 4.909311390074451e-10 
0.9634817408704351 4.687846254605218e-10 
0.9639819909954976 4.476240598829473e-10 
0.9644822411205602 4.274063560051836e-10 
0.9649824912456227 4.080903178366969e-10 
0.9654827413706852 3.8963593585618947e-10 
0.9659829914957478 3.720069570014479e-10 
0.9664832416208103 3.551666799314011e-10 
0.9669834917458728 3.3908048489400205e-10 
0.9674837418709354 3.2371497043326436e-10 
0.9679839919959979 3.090379871414397e-10 
0.9684842421210604 2.9501982258727734e-10 
0.968984492246123 2.816313362244415e-10 
0.9694847423711855 2.688440283678667e-10 
0.969984992496248 2.5663098262910517e-10 
0.9704852426213106 2.4496701889494263e-10 
0.9709854927463731 2.3382735865590526e-10 
0.9714857428714356 2.2318847348280423e-10 
0.9719859929964981 2.1302747644775227e-10 
0.9724862431215607 2.0332300042470552e-10 
0.9729864932466232 1.9405405188417316e-10 
0.9734867433716857 1.852014174371256e-10 
0.9739869934967483 1.7674542640616074e-10 
0.9744872436218108 1.6866804795641971e-10 
0.9749874937468733 1.6095151222248244e-10 
0.9754877438719359 1.535801397056183e-10 
0.9759879939969984 1.46536064980578e-10 
0.9764882441220609 1.398057136396959e-10 
0.9769884942471235 1.333734932569682e-10 
0.977488744372186 1.2722626840919095e-10 
0.9779889944972485 1.2134897224776171e-10 
0.9784892446223111 1.1573010883974578e-10 
0.9789894947473736 1.103561549544186e-10 
0.9794897448724361 1.0521707531682595e-10 
0.9799899949974987 1.0029972549924792e-10 
0.9804902451225612 9.559362083570599e-11 
0.9809904952476237 9.108935295385927e-11 
0.9814907453726863 8.677537870873166e-11 
0.9819909954977488 8.264391919716523e-11 
0.9824912456228113 7.868531236633581e-11 
0.9829914957478738 7.488956495791339e-11 
0.9834917458729364 7.124907024962229e-11 
0.9839919959979989 6.775674497473263e-11 
0.9844922461230614 6.440413689661201e-11 
0.984992496248124 6.118357352084477e-11 
0.9854927463731865 5.80883972508497e-11 
0.985992996498249 5.511170375128488e-11 
0.9864932466233116 5.224684285837041e-11 
0.9869934967483741 4.9488516234960225e-11 
0.9874937468734366 4.68291230303775e-11 
0.9879939969984992 4.426439670218156e-11 
0.9884942471235617 4.178774259181732e-11 
0.9889944972486242 3.939537219510083e-11 
0.9894947473736868 3.7080771574538065e-11 
0.9899949974987493 3.4839648745209886e-11 
0.9904952476238118 3.266719049204931e-11 
0.9909954977488744 3.055895338338666e-11 
0.9914957478739369 2.851043466389793e-11 
0.9919959979989994 2.651795219095179e-11 
0.992496248124062 2.4576439743458176e-11 
0.9929964982491245 2.268279603090007e-11 
0.993496748374187 2.083265571311813e-11 
0.9939969984992496 1.9023443324217625e-11 
0.9944972486243121 1.7249792049816307e-11 
0.9949974987493746 1.5509738863794396e-11 
0.9954977488744371 1.3799201813025127e-11 
0.9959979989994997 1.211467061380523e-11 
0.9964982491245622 1.0453184697250752e-11 
0.9969984992496247 8.811902758095666e-12 
0.9974987493746873 7.187171971936465e-12 
0.9979989994997498 5.576466358872981e-12 
0.9984992496248123 3.975419828051561e-12 
0.9989994997498749 2.3824193745520553e-12 
0.9994997498749374 7.940030477493192e-13 
1.0 0.0 
