xdata ydata 
0.0 0.00046087017577867926 
0.0005002501250625312 0.0004628054872731626 
0.0010005002501250625 0.00046667550201895055 
0.0015007503751875936 0.0004724789930015538 
0.002001000500250125 0.00048021409346493265 
0.0025012506253126563 0.0004898782656690088 
0.003001500750375187 0.0005014682596293841 
0.0035017508754377185 0.0005149800621740156 
0.00400200100050025 0.0005304088367355709 
0.004502251125562781 0.0005477488543720329 
0.0050025012506253125 0.000566993416583393 
0.005502751375687844 0.0005881347705628969 
0.006003001500750374 0.0006111640175916735 
0.006503251625812906 0.0006360710153389358 
0.007003501750875437 0.0006628442748989864 
0.007503751875937968 0.000691470853438758 
0.0080040020010005 0.0007219362433789581 
0.00850425212606303 0.0007542242590780324 
0.009004502251125562 0.0007883169220126653 
0.009504752376188093 0.0008241943454851487 
0.010005002501250625 0.0008618346199054912 
0.010505252626313155 0.0009012136997099139 
0.011005502751375688 0.0009423052929902246 
0.011505752876438218 0.000985080754901947 
0.012006003001500749 0.0010295089859194187 
0.01250625312656328 0.0010755563359892725 
0.013006503251625811 0.0011231865156147213 
0.013506753376688344 0.001172360514875918 
0.014007003501750874 0.001223036531357532 
0.014507253626813406 0.0012751699079136796 
0.015007503751875937 0.0013287130811555365 
0.015507753876938469 0.0013836155414919057 
0.016008004002001 0.0014398238054941712 
0.01650825412706353 0.001497281401295197 
0.01700850425212606 0.0015559288676589183 
0.017508754377188594 0.0016157037672844088 
0.018009004502251125 0.0016765407148308113 
0.018509254627313655 0.0017383714200632921 
0.019009504752376186 0.0018011247464382494 
0.01950975487743872 0.0018647267853525232 
0.02001000500250125 0.0019291009461929558 
0.02051025512756378 0.001994168062226993 
0.02101050525262631 0.0020598465122802115 
0.02151075537768884 0.002126052358051851 
0.022011005502751375 0.0021926994968212562 
0.022511255627813906 0.0022596998292028405 
0.023011505752876436 0.0023269634415121854 
0.023511755877938967 0.0023943988022122435 
0.024012006003001497 0.002461912971815252 
0.02451225612806403 0.0025294118255271363 
0.02501250625312656 0.0025968002878359354 
0.025512756378189092 0.0026639825781603448 
0.026013006503251623 0.002730862466597341 
0.026513256628314157 0.0027973435387339813 
0.027013506753376687 0.0028633294684156977 
0.027513756878439218 0.0029287242973047908 
0.028014007003501748 0.0029934327199993083 
0.02851425712856428 0.0030573603734337495 
0.029014507253626812 0.0031204141292384387 
0.029514757378689343 0.003182502387691496 
0.030015007503751873 0.0032435353718726577 
0.030515257628814404 0.003303425420596603 
0.031015507753876938 0.003362087278695624 
0.03151575787893947 0.003419438383203817 
0.032016008004002 0.0034753991440027525 
0.03251625812906453 0.0035298932174889844 
0.03301650825412706 0.0035828477718429816 
0.03351675837918959 0.0036341937424995284 
0.03401700850425212 0.00368386607645347 
0.03451725862931466 0.0037318039640688665 
0.03501750875437719 0.0037779510571100392 
0.03551775887943972 0.003822255671764203 
0.03601800900450225 0.003864670975486072 
0.03651825912956478 0.003905155156564064 
0.03701850925462731 0.003943671575379155 
0.03751875937968984 0.003980188896410647 
0.03801900950475237 0.004014681200126814 
0.0385192596298149 0.0040471280739921315 
0.03901950975487744 0.004077514681916619 
0.03951975987993997 0.0041058318115761916 
0.0400200100050025 0.004132075899136737 
0.04052026013006503 0.004156249031021847 
0.04102051025512756 0.004178358922477405 
0.04152076038019009 0.004198418872796964 
0.04202101050525262 0.00421644769718892 
0.04252126063031515 0.00423246963538139 
0.04302151075537768 0.004246514237177502 
0.04352176088044022 0.004258616225289583 
0.04402201100550275 0.004268815335897899 
0.04452226113056528 0.004277156137489673 
0.04502251125562781 0.004283687828653099 
0.04552276138069034 0.004288464015602061 
0.04602301150575287 0.00429154247032063 
0.0465232616308154 0.004292984870314674 
0.047023511755877934 0.004292856521056611 
0.047523761880940464 0.00429122606230495 
0.048024012006002995 0.004288165159562794 
0.04852426213106553 0.00428374818202709 
0.04902451225612806 0.0042780518684519325 
0.04952476238119059 0.004271154982418406 
0.05002501250625312 0.004263137958564951 
0.050525262631315654 0.00425408254138786 
0.051025512756378184 0.004244071418263563 
0.051525762881440715 0.0042331878483855495 
0.052026013006503245 0.00422151528933589 
0.052526263131565776 0.004209137023033224 
0.05302651325662831 0.004196135782810892 
0.053526763381690844 0.004182593383380013 
0.054027013506753374 0.00416859035543024 
0.054527263631815905 0.004154205586603172 
0.055027513756878435 0.004139515970549925 
0.055527763881940966 0.004124596065753842 
0.056028014007003496 0.004109517765757094 
0.056528264132066026 0.004094349982380112 
0.05702851425712856 0.0040791583434653484 
0.057528764382191094 0.004064004906611436 
0.058029014507253625 0.004048947890290728 
0.058529264632316155 0.00403404142366081 
0.059029514757378686 0.0040193353162946465 
0.059529764882441216 0.00400487484895874 
0.06003001500750375 0.003990700586469957 
0.06053026513256628 0.003976848213554104 
0.06103051525762881 0.0039633483945197044 
0.06153076538269134 0.003950226657444744 
0.062031015507753876 0.003937503303457122 
0.0625312656328164 0.003925193341562769 
0.06303151575787894 0.0039133064493561 
0.06353176588294146 0.0039018469598170536 
0.064032016008004 0.0038908138742693625 
0.06453226613306653 0.003880200901452336 
0.06503251625812906 0.003869996522520277 
0.0655327663831916 0.003860184081663992 
0.06603301650825412 0.0038507419019152903 
0.06653326663331666 0.0038416434255756126 
0.06703351675837918 0.0038328573785823086 
0.06753376688344172 0.0038243479580123097 
0.06803401700850424 0.0038160750418028398 
0.06853426713356678 0.003807994419662284 
0.06903451725862932 0.003800058044034094 
0.06953476738369184 0.003792214299880852 
0.07003501750875438 0.0037844082919595767 
0.0705352676338169 0.0037765821481709158 
0.07103551775887944 0.0037686753374866475 
0.07153576788394196 0.003760625000887459 
0.0720360180090045 0.0037523662936745227 
0.07253626813406702 0.003743832737467672 
0.07303651825912956 0.00373495658014892 
0.0735367683841921 0.0037256691619749513 
0.07403701850925462 0.0037159012860524224 
0.07453726863431716 0.003705583591343295 
0.07503751875937968 0.003694646926364406 
0.07553776888444222 0.0036830227217362426 
0.07603801900950474 0.0036706433597443484 
0.07653826913456728 0.0036574425390984004 
0.0770385192596298 0.0036433556330914287 
0.07753876938469234 0.003628320039403406 
0.07803901950975488 0.003612275519835049 
0.0785392696348174 0.003595164528308935 
0.07903951975987994 0.003576932525539355 
0.07953976988494246 0.0035575282788384943 
0.080040020010005 0.0035369041456072042 
0.08054027013506752 0.003515016339139008 
0.08104052026013006 0.003491825175462129 
0.08154077038519258 0.0034672953000406187 
0.08204102051025512 0.0034413958932574653 
0.08254127063531766 0.003414100853716606 
0.08304152076038018 0.003385388958513553 
0.08354177088544272 0.0033552439997400632 
0.08404202101050524 0.0033236548966176205 
0.08454227113556778 0.0032906157827727158 
0.0850425212606303 0.0032561260683002104 
0.08554277138569284 0.003220190476388825 
0.08604302151075537 0.003182819054412717 
0.0865432716358179 0.003144027159526375 
0.08704352176088044 0.0031038354189283903 
0.08754377188594296 0.0030622696650916717 
0.0880440220110055 0.003019360846384274 
0.08854427213606803 0.0029751449136318636 
0.08904452226113056 0.002929662683293167 
0.08954477238619309 0.002882959678043067 
0.09004502251125562 0.0028350859456689856 
0.09054527263631815 0.002786095857295633 
0.09104552276138068 0.0027360478860636575 
0.09154577288644322 0.0026850043674757416 
0.09204602301150575 0.002633031242728348 
0.09254627313656828 0.0025801977864186062 
0.0930465232616308 0.002526576320105182 
0.09354677338669334 0.0024722419132629353 
0.09404702351175587 0.002417272073237884 
0.0945472736368184 0.002361746425857736 
0.09504752376188093 0.0023057463883998054 
0.09554777388694347 0.002249354836653491 
0.09604802401200599 0.002192655767835328 
0.09654827413706853 0.0021357339611379512 
0.09704852426213106 0.0020786746376950465 
0.09754877438719359 0.0020215631217436586 
0.09804902451225612 0.001964484504756097 
0.09854927463731865 0.0019075233142849257 
0.09904952476238119 0.0018507631892421663 
0.09954977488744371 0.001794286563285508 
0.10005002501250625 0.0017381743579436284 
0.10055027513756877 0.0016825056870463477 
0.10105052526263131 0.0016273575739665731 
0.10155077538769385 0.0015728046831043367 
0.10205102551275637 0.0015189190669592024 
0.1025512756378189 0.0014657699300536402 
0.10305152576288143 0.001413423410869558 
0.10355177588794397 0.0013619423828621273 
0.10405202601300649 0.001311386275504956 
0.10455227613806903 0.0012618109162112682 
0.10505252626313155 0.0012132683938551687 
0.10555277638819409 0.001165806944500525 
0.10605302651325663 0.001119470859817298 
0.10655327663831915 0.0010743004185409892 
0.10705352676338169 0.0010303318412015743 
0.10755377688844421 0.0009875972682192838 
0.10805402701350675 0.0009461247613341964 
0.10855427713856927 0.0009059383282055641 
0.10905452726363181 0.0008670579698908166 
0.10955477738869433 0.0008294997507842727 
0.11005502751375687 0.000793275890470492 
0.11055527763881941 0.0007583948768258618 
0.11105552776388193 0.000724861599584764 
0.11155577788894447 0.000692677503468748 
0.11205602801400699 0.0006618407598701664 
0.11255627813906953 0.0006323464559790452 
0.11305652826413205 0.0006041868001384384 
0.11355677838919459 0.0005773513421292861 
0.11405702851425711 0.0005518272069942612 
0.11455727863931965 0.0005275993409402062 
0.11505752876438219 0.0005046507677805622 
0.11555777888944471 0.0004829628543296896 
0.11605802901450725 0.0004625155830976328 
0.11655827913956977 0.0004432878306004549 
0.11705852926463231 0.00042525764955882324 
0.11755877938969483 0.00040840255323851645 
0.11805902951475737 0.0003926998001707594 
0.1185592796398199 0.00037812667748157003 
0.11905952976488243 0.00036466078106555213 
0.11955977988994497 0.00035228029085669594 
0.1200600300150075 0.00034096423946336073 
0.12056028014007003 0.0003306927724782186 
0.12106053026513255 0.0003214473988080706 
0.12156078039019509 0.00031321122942421837 
0.12206103051525762 0.00030596920299180935 
0.12256128064032015 0.00029970829690810665 
0.12306153076538268 0.0002944177223549308 
0.12356178089044521 0.00029008910205553237 
0.12406203101550775 0.0002867166295199112 
0.12456228114057027 0.0002842972086609288 
0.1250625312656328 0.0002828305727699797 
0.12556278139069535 0.00028231938195081966 
0.12606303151575787 0.0002827692982320528 
0.1265632816408204 0.00028418903769400104 
0.12706353176588292 0.0002865903990769386 
0.12756378189094547 0.00028998826846433207 
0.128064032016008 0.00029440059976686367 
0.12856428214107052 0.0002998483708695035 
0.12906453226613307 0.0003063555154345994 
0.1295647823911956 0.00031394883049616114 
0.13006503251625812 0.0003226578601116453 
0.13056528264132064 0.00033251475547556254 
0.1310655327663832 0.0003435541120325183 
0.13156578289144572 0.00035581278425812334 
0.13206603301650824 0.00036932967890722005 
0.13256628314157076 0.0003841455276501335 
0.1330665332666333 0.00040030264014515455 
0.13356678339169584 0.00041784463870268585 
0.13406703351675836 0.0004368161758162653 
0.1345672836418209 0.00045726263593413445 
0.13506753376688344 0.00047922982294401807 
0.13556778389194596 0.0005027636349375019 
0.13606803401700848 0.0005279097278982919 
0.13656828414207103 0.0005547131700383893 
0.13706853426713356 0.0005832180885697394 
0.13756878439219608 0.0006134673107550769 
0.13806903451725863 0.0006455020011358405 
0.13856928464232116 0.000679361296863372 
0.13906953476738368 0.0007150819430989953 
0.1395697848924462 0.000752697930460324 
0.14007003501750875 0.0007922401365019946 
0.14057028514257128 0.0008337359732190563 
0.1410705352676338 0.0008772090425446325 
0.14157078539269632 0.000922678801798882 
0.14207103551775888 0.0009701602410073104 
0.1425712856428214 0.00101966357396853 
0.14307153576788392 0.0010711939448981177 
0.14357178589294647 0.001124751152414102 
0.144072036018009 0.001180329392559262 
0.14457228614307152 0.0012379170224749573 
0.14507253626813404 0.0012974963462527712 
0.1455727863931966 0.001359043424394827 
0.14607303651825912 0.0014225279082078829 
0.14657328664332164 0.0014879129003449573 
0.1470735367683842 0.0015551548425913851 
0.14757378689344672 0.0016242034318649813 
0.14807403701850924 0.0016950015652737094 
0.14857428714357176 0.0017674853149333067 
0.14907453726863432 0.0018415839331173234 
0.14957478739369684 0.0019172198881583858 
0.15007503751875936 0.0019943089313823486 
0.1505752876438219 0.0020727601952059494 
0.15107553776888444 0.0021524763223761015 
0.15157578789394696 0.0022333536261872535 
0.15207603801900949 0.002315282281352723 
0.15257628814407204 0.0023981465450655247 
0.15307653826913456 0.002481825007631054 
0.15357678839419708 0.0025661908719105896 
0.1540770385192596 0.0026511122606725068 
0.15457728864432216 0.0027364525508071997 
0.15507753876938468 0.002822070733228524 
0.1555777888944472 0.0029078217971557885 
0.15607803901950976 0.0029935571373439687 
0.15657828914457228 0.0030791249827146023 
0.1570785392696348 0.0031643708447293166 
0.15757878939469733 0.003249137983740769 
0.15807903951975988 0.0033332678914668296 
0.1585792896448224 0.0034166007876415 
0.15907953976988493 0.003498976128819974 
0.15957978989494745 0.003580233127248045 
0.16008004002001 0.0036602112776458005 
0.16058029014507252 0.0037387508897035273 
0.16108054027013505 0.003815693624055495 
0.1615807903951976 0.003890883029462211 
0.16208104052026012 0.003964165078917255 
0.16258129064532265 0.0040353887023861935 
0.16308154077038517 0.004104406313890602 
0.16358179089544772 0.004171074330659586 
0.16408204102051024 0.004235253682101677 
0.16458229114557277 0.004296810306381791 
0.16508254127063532 0.004355615632433888 
0.16558279139569784 0.00441154704529696 
0.16608304152076037 0.004464488332728416 
0.1665832916458229 0.004514330111121224 
0.16708354177088544 0.004560970228839705 
0.16758379189594796 0.004604314145181311 
0.1680840420210105 0.004644275283272119 
0.168584292146073 0.0046807753553161505 
0.16908454227113556 0.0047137446587350055 
0.1695847923961981 0.004743122341859613 
0.1700850425212606 0.0047688566379646856 
0.17058529264632316 0.00479090506657626 
0.17108554277138568 0.004809234601120069 
0.1715857928964482 0.004823821802127979 
0.17208604302151073 0.004834652915366893 
0.17258629314657328 0.0048417239344087865 
0.1730865432716358 0.004845040627312928 
0.17358679339669833 0.0048446185272506236 
0.17408704352176088 0.004840482887057798 
0.1745872936468234 0.004832668597857166 
0.17508754377188593 0.0048212200720522715 
0.17558779389694845 0.004806191091144178 
0.176088044022011 0.004787644618980984 
0.17658829414707353 0.0047656525811955305 
0.17708854427213605 0.004740295611734688 
0.17758879439719857 0.004711662767527515 
0.17808904452226113 0.0046798512124722035 
0.17858929464732365 0.004644965872057865 
0.17908954477238617 0.0046071190600606125 
0.17958979489744872 0.004566430078871041 
0.18009004502251125 0.004523024795123335 
0.18059029514757377 0.004477035192399779 
0.1810905452726363 0.0044285989028764105 
0.18159079539769885 0.004377858719867693 
0.18209104552276137 0.004324962093300101 
0.1825912956478239 0.004270060610215104 
0.18309154577288644 0.004213309462461573 
0.18359179589794897 0.004154866903780838 
0.1840920460230115 0.004094893698532615 
0.18459229614807401 0.004033552564332496 
0.18509254627313657 0.00397100761088942 
0.1855927963981991 0.003907423777343618 
0.1860930465232616 0.0038429662703926026 
0.18659329664832414 0.0037778000054890103 
0.1870935467733867 0.0037120890533609415 
0.1875937968984492 0.003645996094077473 
0.18809404702351173 0.003579681880832459 
0.18859429714857429 0.003513304715569432 
0.1890945472736368 0.003447019938503996 
0.18959479739869933 0.003380979433529355 
0.19009504752376186 0.0033153311514066207 
0.1905952976488244 0.0032502186525561233 
0.19109554777388693 0.0031857806711633515 
0.19159579789894945 0.003122150702212864 
0.19209604802401198 0.0030594566129462765 
0.19259629814907453 0.002997820280132573 
0.19309654827413705 0.002937357254401781 
0.19359679839919958 0.0028781764527776835 
0.19409704852426213 0.0028203798804026545 
0.19459729864932465 0.0027640623823191957 
0.19509754877438718 0.0027093114260251495 
0.1955977988994497 0.0026562069153851444 
0.19609804902451225 0.0026048210363305503 
0.19659829914957477 0.002555218134643019 
0.1970985492746373 0.0025074546259629743 
0.19759879939969985 0.0024615789380287483 
0.19809904952476237 0.0024176314850033282 
0.1985992996498249 0.002375644673604515 
0.19909954977488742 0.0023356429406200013 
0.19959979989994997 0.0022976428212459674 
0.2001000500250125 0.0022616530475608626 
0.20060030015007502 0.002227674676319745 
0.20110055027513754 0.0021957012451232602 
0.2016008004002001 0.002165718955910271 
0.20210105052526262 0.002137706884601582 
0.20260130065032514 0.002111637215625448 
0.2031015507753877 0.002087475499951925 
0.2036018009004502 0.002065180935179422 
0.20410205102551274 0.0020447066661289214 
0.20460230115057526 0.0020260001043325296 
0.2051025512756378 0.002009003264734337 
0.20560280140070034 0.0019936531178667816 
0.20610305152576286 0.0019798819557185674 
0.2066033016508254 0.001967617769469223 
0.20710355177588793 0.001956784637241763 
0.20760380190095046 0.001947303119997709 
0.20810405202601298 0.001939090663698642 
0.20860430215107553 0.0019320620058462471 
0.20910455227613806 0.0019261295845297553 
0.20960480240120058 0.0019212039481256652 
0.2101050525262631 0.0019171941638190817 
0.21060530265132565 0.0019140082231525813 
0.21110555277638818 0.0019115534428556953 
0.2116058029014507 0.0019097368592549968 
0.21210605302651325 0.001908465614631178 
0.21260630315157578 0.0019076473339545666 
0.2131065532766383 0.0019071904905048438 
0.21360680340170082 0.0019070047589657374 
0.21410705352676337 0.0019070013546713031 
0.2146073036518259 0.0019070933577773359 
0.21510755377688842 0.001907196021225809 
0.21560780390195097 0.001907227061482387 
0.2161080540270135 0.001907106931124725 
0.21660830415207602 0.0019067590724812548 
0.21710855427713854 0.0019061101516286182 
0.2176088044022011 0.0019050902721725388 
0.21810905452726362 0.0019036331683598348 
0.21860930465232614 0.0019016763771853287 
0.21910955477738867 0.0018991613892756095 
0.21960980490245122 0.0018960337784578048 
0.22011005502751374 0.0018922433100332155 
0.22061030515257626 0.001887744027895629 
0.22111055527763882 0.0018824943207501603 
0.22161080540270134 0.0018764569677994017 
0.22211105552776386 0.0018695991643723287 
0.22261130565282639 0.0018618925280775574 
0.22311155577788894 0.001853313086159911 
0.22361180590295146 0.001843841244841158 
0.22411205602801398 0.0018334617415075632 
0.22461230615307654 0.0018221635806987672 
0.22511255627813906 0.0018099399549226314 
0.22561280640320158 0.0017967881514005988 
0.2261130565282641 0.0017827094459026004 
0.22661330665332666 0.001767708984894314 
0.22711355677838918 0.0017517956572642576 
0.2276138069034517 0.0017349819569405212 
0.22811405702851423 0.001717283837740239 
0.22861430715357678 0.001698720561816411 
0.2291145572786393 0.0016793145430869948 
0.22961480740370183 0.0016590911870364138 
0.23011505752876438 0.001638078728275988 
0.2306153076538269 0.0016163080672481935 
0.23111555777888942 0.0015938126074341288 
0.23161580790395195 0.0015706280944018465 
0.2321160580290145 0.0015467924579986574 
0.23261630815407702 0.0015223456589498268 
0.23311655827913955 0.0014973295410731946 
0.2336168084042021 0.0014717876902689362 
0.23411705852926462 0.0014457653013723907 
0.23461730865432714 0.0014193090538944413 
0.23511755877938967 0.0013924669975960142 
0.23561780890445222 0.0013652884487564893 
0.23611805902951474 0.0013378238979154268 
0.23661830915457727 0.0013101249297715924 
0.2371185592796398 0.0012822441558241646 
0.23761880940470234 0.0012542351602476865 
0.23811905952976486 0.0012261524593819837 
0.2386193096548274 0.001198051475116965 
0.23911955977988994 0.001169988522342474 
0.23961980990495246 0.0011420208105258657 
0.240120060030015 0.0011142064593685909 
0.2406203101550775 0.0010866045283810931 
0.24112056028014006 0.0010592750601143997 
0.24162081040520259 0.0010322791366644025 
0.2421210605302651 0.0010056789489745603 
0.24262131065532766 0.0009795378783426247 
0.24312156078039018 0.000953920589450294 
0.2436218109054527 0.0009288931341244317 
0.24412206103051523 0.0009045230649551371 
0.24462231115557778 0.0008808795578006607 
0.2451225612806403 0.0008580335421271841 
0.24562281140570283 0.0008360578380570201 
0.24612306153076535 0.0008150272989195188 
0.2466233116558279 0.0007950189580432831 
0.24712356178089043 0.0007761121784631105 
0.24762381190595295 0.0007583888041658542 
0.2481240620310155 0.0007419333114596242 
0.24862431215607803 0.000726832959013541 
0.24912456228114055 0.000713177935087432 
0.24962481240620307 0.0007010615004555241 
0.2501250625312656 0.0006905801255177974 
0.25062531265632815 0.0006818336200913753 
0.2511255627813907 0.000674925254383993 
0.2516258129064532 0.0006699618696673997 
0.25212606303151575 0.0006670539771971927 
0.2526263131565783 0.0006663158439548596 
0.2531265632816408 0.0006678655638425364 
0.25362681340670334 0.000671825112999047 
0.25412706353176584 0.0006783203879785163 
0.2546273136568284 0.0006874812255966891 
0.25512756378189094 0.0006994414033259379 
0.25562781390695344 0.0007143386192061171 
0.256128064032016 0.0007323144503313392 
0.25662831415707854 0.00075351428906703 
0.25712856428214104 0.0007780872562589489 
0.2576288144072036 0.0008061860908069891 
0.25812906453226614 0.0008379670150906166 
0.25862931465732864 0.0008735895758524607 
0.2591295647823912 0.0009132164602760661 
0.2596298149074537 0.0009570132871160909 
0.26013006503251623 0.0010051483728764448 
0.2606303151575788 0.001057792473161057 
0.2611305652826413 0.001115118499460012 
0.26163081540770383 0.001177301211772272 
0.2621310655327664 0.0012445168875970752 
0.2626313156578289 0.0013169429679701626 
0.26313156578289143 0.0013947576813521576 
0.263631815907954 0.001478139646311446 
0.2641320660330165 0.0015672674540760006 
0.26463231615807903 0.0016623192321576566 
0.2651325662831415 0.0017634721903774055 
0.2656328164082041 0.0018709021507390619 
0.2661330665332666 0.0019847830627164964 
0.2666333166583291 0.002105286505629508 
0.2671335667833917 0.0022325811798856766 
0.2676338169084542 0.0023668323889642316 
0.2681340670335167 0.002508201514107525 
0.26863431715857927 0.0026568454837662212 
0.2691345672836418 0.002812916239919648 
0.2696348174087043 0.0029765602034584598 
0.27013506753376687 0.0031479177408679166 
0.2706353176588294 0.003327122634503712 
0.2711355677838919 0.0035143015587803974 
0.27163581790895447 0.0037095735646273283 
0.27213606803401696 0.003913049574575027 
0.2726363181590795 0.0041248318908463305 
0.27313656828414207 0.004345013718819411 
0.27363681840920456 0.004573678708212798 
0.2741370685342671 0.004810900514318605 
0.27463731865932967 0.005056742381567439 
0.27513756878439216 0.005311256751671442 
0.2756378189094547 0.0055744848985175115 
0.27613806903451726 0.005846456591927344 
0.27663831915957976 0.006127189792316088 
0.2771385692846423 0.006416690378191524 
0.2776388194097048 0.006714951908336273 
0.27813906953476736 0.007021955420413414 
0.2786393196598299 0.007337669267609689 
0.2791395697848924 0.007662048994813645 
0.27963981990995496 0.007995037255683487 
0.2801400700350175 0.008336563771831514 
0.28064032016008 0.008686545335186958 
0.28114057028514255 0.009044885854461312 
0.2816408204102051 0.009411476446470135 
0.2821410705352676 0.009786195572903363 
0.28264132066033015 0.010168909222967922 
0.28314157078539265 0.010559471142151732 
0.2836418209104552 0.010957723107183948 
0.28414207103551775 0.011363495247086512 
0.28464232116058025 0.011776606410032333 
0.2851425712856428 0.012196864575548104 
0.28564282141070535 0.012624067311416192 
0.28614307153576785 0.013058002274448404 
0.2866433216608304 0.013498447754136556 
0.28714357178589295 0.013945173257994862 
0.28764382191095544 0.014397940137248476 
0.288144072036018 0.014856502251347903 
0.28864432216108055 0.015320606669626636 
0.28914457228614304 0.015789994408259702 
0.2896448224112056 0.01626440120052782 
0.2901450725362681 0.01674355829824874 
0.29064532266133064 0.017227193302091867 
0.2911455727863932 0.01771503101836899 
0.2916458229114557 0.01820679433976375 
0.29214607303651824 0.01870220514735587 
0.2926463231615808 0.019200985231186782 
0.2931465732866433 0.01970285722651983 
0.29364682341170584 0.020207545562870736 
0.2941470735367684 0.020714777422799563 
0.2946473236618309 0.021224283707405516 
0.29514757378689344 0.02173580000540886 
0.29564782391195593 0.022249067562665082 
0.2961480740370185 0.0227638342489344 
0.29664832416208103 0.023279855518710795 
0.29714857428714353 0.02379689536291308 
0.2976488244122061 0.02431472724825082 
0.29814907453726863 0.02483313504109791 
0.29864932466233113 0.025351913912741678 
0.2991495747873937 0.02587087122292106 
0.29964982491245623 0.026389827378621864 
0.3001500750375187 0.026908616665169357 
0.3006503251625813 0.027427088046737994 
0.3011505752876438 0.02794510593348777 
0.3016508254127063 0.02846255091263769 
0.3021510755377689 0.028979320440904854 
0.30265132566283137 0.029495329495851007 
0.3031515757878939 0.030010511183814786 
0.3036518259129565 0.030524817302250876 
0.30415207603801897 0.031038218854433846 
0.3046523261630815 0.031550706514656766 
0.3051525762881441 0.032062291042201325 
0.30565282641320657 0.032573003642540295 
0.3061530765382691 0.03308289627439294 
0.30665332666333167 0.03359204190144957 
0.30715357678839417 0.03410053468775474 
0.3076538269134567 0.03460849013592923 
0.3081540770385192 0.03511604516760458 
0.30865432716358177 0.03562335814563403 
0.3091545772886443 0.03613060883783898 
0.3096548274137068 0.036637998322242016 
0.31015507753876936 0.0371457488339386 
0.3106553276638319 0.037654103553944836 
0.3111555777888944 0.03816332634055734 
0.31165582791395696 0.03867370140394518 
0.3121560780390195 0.03918553292488761 
0.312656328164082 0.03969914461874198 
0.31315657828914456 0.04021487924591719 
0.31365682841420706 0.040733098070290366 
0.3141570785392696 0.04125418026717686 
0.31465732866433216 0.041778522282621994 
0.31515757878939465 0.04230653714593387 
0.3156578289144572 0.04283865373752944 
0.31615807903951976 0.04337531601429228 
0.31665832916458225 0.04391698219478064 
0.3171585792896448 0.044464123906735854 
0.31765882941470736 0.045017225299455524 
0.31815907953976985 0.04557678212369742 
0.3186593296648324 0.046143300781863655 
0.3191595797898949 0.04671729735130747 
0.31965982991495745 0.04729929658365812 
0.32016008004002 0.047889830883134386 
0.3206603301650825 0.0484894392668521 
0.32116058029014505 0.049098666310176876 
0.3216608304152076 0.049718061080191736 
0.3221610805402701 0.05034817606037284 
0.32266133066533265 0.05098956606956107 
0.3231615807903952 0.05164278717831686 
0.3236618309154577 0.05230839562572559 
0.32416208104052024 0.05298694673969213 
0.32466233116558274 0.05367899386372719 
0.3251625812906453 0.05438508729317465 
0.32566283141570784 0.055105773223777466 
0.32616308154077034 0.055841592715405924 
0.3266633316658329 0.05659308067369905 
0.32716358179089544 0.05736076485228505 
0.32766383191595794 0.058145164878147505 
0.3281640820410205 0.05894679130261455 
0.32866433216608304 0.05976614468032578 
0.32916458229114554 0.06060371467842895 
0.3296648324162081 0.061459979218130255 
0.33016508254127064 0.062335403650598885 
0.33066533266633313 0.06323043996909165 
0.3311655827913957 0.06414552605903419 
0.3316658329164582 0.06508108498764595 
0.33216608304152073 0.06603752433456153 
0.3326663331665833 0.06701523556475375 
0.3331665832916458 0.06801459344490947 
0.33366683341670833 0.06903595550427222 
0.3341670835417709 0.07007966154080697 
0.3346673336668334 0.0711460331733929 
0.33516758379189593 0.07223537344060815 
0.3356678339169585 0.07334796644651437 
0.336168084042021 0.0744840770537048 
0.3366683341670835 0.07564395062373361 
0.337168584292146 0.07682781280491068 
0.3376688344172086 0.07803586936728898 
0.3381690845422711 0.07926830608455612 
0.3386693346673336 0.08052528866239686 
0.3391695847923962 0.08180696271277373 
0.3396698349174587 0.08311345377344556 
0.3401700850425212 0.08444486737193165 
0.34067033516758377 0.08580128913301469 
0.3411705852926463 0.08718278492877347 
0.3416708354177088 0.08858940107003278 
0.34217108554277137 0.09002116453802968 
0.34267133566783387 0.09147808325500656 
0.3431715857928964 0.09296014639236069 
0.34367183591795897 0.09446732471491184 
0.34417208604302146 0.09599957095977821 
0.344672336168084 0.09755682024829647 
0.34517258629314657 0.09913899052936961 
0.34567283641820906 0.1007459830525755 
0.3461730865432716 0.10237768286934468 
0.34667333666833416 0.10403395936047129 
0.34717358679339666 0.10571466678820327 
0.3476738369184592 0.10741964487114403 
0.34817408704352176 0.10914871938018307 
0.34867433716858426 0.11090170275366307 
0.3491745872936468 0.11267839473001064 
0.3496748374187093 0.11447858299604334 
0.35017508754377186 0.11630204384919585 
0.3506753376688344 0.11814854287191905 
0.3511755877938969 0.12001783561652898 
0.35167583791895946 0.12190966829881711 
0.352176088044022 0.1238237784987586 
0.3526763381690845 0.12575989586669678 
0.35317658829414705 0.12771774283342022 
0.3536768384192096 0.12969703532259813 
0.3541770885442721 0.13169748346407315 
0.35467733866933465 0.13371879230658062 
0.35517758879439715 0.13576066252849303 
0.3556778389194597 0.13782279114525678 
0.35617808904452225 0.13990487221224282 
0.35667833916958475 0.14200659752177403 
0.3571785892946473 0.14412765729317165 
0.35767883941970985 0.14626774085470065 
0.35817908954477234 0.14842653731636174 
0.3586793396698349 0.1506037362325332 
0.35917958979489745 0.15279902825352254 
0.35967983991995994 0.15501210576513663 
0.3601800900450225 0.1572426635154497 
0.360680340170085 0.15949039922798577 
0.36118059029514754 0.16175501420059085 
0.3616808404202101 0.16403621388932496 
0.3621810905452726 0.16633370847673964 
0.36268134067033514 0.1686472134239702 
0.3631815907953977 0.17097645000609596 
0.3636818409204602 0.17332114583027988 
0.36418209104552274 0.17568103533622786 
0.3646823411705853 0.17805586027855005 
0.3651825912956478 0.1804453701906322 
0.36568284142071034 0.18284932282966868 
0.3661830915457729 0.18526748460252618 
0.3666833416708354 0.1876996309721324 
0.36718359179589793 0.19014554684412555 
0.36768384192096043 0.19260502693348808 
0.368184092046023 0.19507787611094396 
0.36868434217108553 0.19756390972888427 
0.36918459229614803 0.20006295392661916 
0.3696848424212106 0.20257484591475308 
0.37018509254627313 0.20509943423850496 
0.3706853426713356 0.20763657901978347 
0.3711855927963982 0.21018615217785397 
0.37168584292146073 0.2127480376284293 
0.3721860930465232 0.21532213146101464 
0.3726863431715858 0.2179083420943638 
0.3731865932966483 0.22050659040987086 
0.3736868434217108 0.22311680986276247 
0.3741870935467734 0.22573894657092963 
0.37468734367183587 0.228372959381253 
0.3751875937968984 0.23101881991327725 
0.375687843921961 0.23367651258009148 
0.37618809404702347 0.23634603458627645 
0.376688344172086 0.23902739590278402 
0.37718859429714857 0.24172061921862997 
0.37768884442221107 0.24442573986926464 
0.3781890945472736 0.24714280574152753 
0.3786893446723361 0.24987187715507744 
0.37918959479739867 0.252613026720209 
0.3796898449224612 0.2553663391719972 
0.3801900950475237 0.25813191118069734 
0.38069034517258626 0.26090985113838316 
0.3811905952976488 0.26370027892179954 
0.3816908454227113 0.2665033256314458 
0.38219109554777386 0.2693191333069305 
0.3826913456728364 0.2721478546186665 
0.3831915957978989 0.2749896525360056 
0.38369184592296146 0.27784469997195466 
0.38419209604802396 0.2807131794046459 
0.3846923461730865 0.2835952824757785 
0.38519259629814906 0.28649120956628965 
0.38569284642321155 0.2894011693495582 
0.3861930965482741 0.2923253783224999 
0.38669334667333666 0.295264060314945 
0.38719359679839915 0.29821744597776384 
0.3876938469234617 0.30118577225024223 
0.38819409704852426 0.30416928180727093 
0.38869434717358675 0.30716822248697184 
0.3891945972986493 0.3101828466994378 
0.38969484742371185 0.31321341081732784 
0.39019509754877435 0.3162601745491054 
0.3906953476738369 0.3193234002957954 
0.3911955977988994 0.3224033524921579 
0.39169584792396195 0.3255002969332734 
0.3921960980490245 0.3286145000875716 
0.392696348174087 0.33174622839739953 
0.39319659829914955 0.334895747568289 
0.3936968484242121 0.3380633218481354 
0.3941970985492746 0.3412492132975455 
0.39469734867433715 0.344453681052691 
0.3951975987993997 0.3476769805820218 
0.3956978489244622 0.3509193629382644 
0.39619809904952474 0.3541810740071678 
0.39669834917458724 0.3574623537545008 
0.3971985992996498 0.36076343547283807 
0.39769884942471234 0.36408454502971943 
0.39819909954977484 0.3674259001187786 
0.3986993496748374 0.37078770951548196 
0.39919959979989994 0.3741701723391216 
0.39969984992496244 0.3775734773227375 
0.400200100050025 0.3809978020926416 
0.40070035017508754 0.3844433124592396 
0.40120060030015003 0.38791016172082493 
0.4017008504252126 0.39139848998203197 
0.4022011005502751 0.3949084234886238 
0.40270135067533763 0.3984400739802579 
0.4032016008004002 0.4019935380628749 
0.4037018509254627 0.40556889660230583 
0.40420210105052523 0.40916621414067744 
0.4047023511755878 0.41278553833714776 
0.4052026013006503 0.41642689943445294 
0.40570285142571283 0.4200903097527167 
0.4062031015507754 0.42377576321189697 
0.4067033516758379 0.4274832348841905 
0.4072036018009004 0.43121268057765777 
0.407703851925963 0.4349640364522522 
0.4082041020510255 0.4387372186693527 
0.408704352176088 0.44253212307584594 
0.4092046023011505 0.44634862492368166 
0.4097048524262131 0.4501865786257775 
0.4102051025512756 0.45404581754901796 
0.4107053526763381 0.4579261538450262 
0.41120560280140067 0.46182737831927223 
0.4117058529264632 0.4657492603389889 
0.4122061030515257 0.4696915477802499 
0.41270635317658827 0.47365396701448037 
0.4132066033016508 0.47763622293454 
0.4137068534267133 0.48163799902042376 
0.41420710355177587 0.48565895744451637 
0.41470735367683836 0.4896987392162218 
0.4152076038019009 0.4937569643656801 
0.41570785392696347 0.49783323216618225 
0.41620810405202596 0.501927121394776 
0.4167083541770885 0.5060381906304595 
0.41720860430215106 0.5101659785892483 
0.41770885442721356 0.5143100044952945 
0.4182091045522761 0.5184697684871524 
0.41870935467733866 0.5226447520581773 
0.41920960480240116 0.5268344185299425 
0.4197098549274637 0.5310382135574928 
0.4202101050525262 0.5352555656651483 
0.42071035517758876 0.5394858868114915 
0.4212106053026513 0.5437285729821113 
0.4217108554277138 0.5479830048085814 
0.42221110555277636 0.5522485482121056 
0.4227113556778389 0.5565245550701902 
0.4232116058029014 0.5608103639046489 
0.42371185592796395 0.5651053005892006 
0.4242121060530265 0.5694086790748778 
0.424712356178089 0.5737198021314175 
0.42521260630315155 0.5780379621027889 
0.4257128564282141 0.582362441674975 
0.4262131065532766 0.586692514654116 
0.42671335667833915 0.5910274467531115 
0.42721360680340165 0.5953664963847615 
0.4277138569284642 0.5997089154595452 
0.42821410705352675 0.6040539501861316 
0.42871435717858924 0.6084008418727307 
0.4292146073036518 0.6127488277274236 
0.42971485742871435 0.6170971416556291 
0.43021510755377684 0.6214450150528882 
0.4307153576788394 0.6257916775912087 
0.43121560780390195 0.630136357997232 
0.43171585792896444 0.634478284820541 
0.432216108054027 0.6388166871904939 
0.4327163581790895 0.6431507955599948 
0.43321660830415204 0.6474798424347201 
0.4337168584292146 0.6518030630863382 
0.4342171085542771 0.6561196962483654 
0.43471735867933964 0.6604289847933598 
0.4352176088044022 0.6647301763902338 
0.4357178589294647 0.6690225241405424 
0.43621810905452724 0.6733052871926924 
0.4367183591795898 0.6775777313331007 
0.4372186093046523 0.6818391295534041 
0.43771885942971483 0.6860887625929265 
0.43821910955477733 0.6903259194556864 
0.4387193596798399 0.6945498979013114 
0.43921960980490243 0.6987600049093298 
0.43971985992996493 0.7029555571163798 
0.4402201100550275 0.7071358812259733 
0.44072036018009003 0.7113003143905409 
0.4412206103051525 0.7154482045655536 
0.4417208604302151 0.719578910835621 
0.44222111055527763 0.7236918037125301 
0.4427213606803401 0.7277862654052758 
0.4432216108054027 0.7318616900622087 
0.44372186093046523 0.7359174839855017 
0.4442221110555277 0.7399530658181988 
0.4447223611805903 0.7439678667041971 
0.44522261130565277 0.7479613304215492 
0.4457228614307153 0.7519329134895588 
0.4462231115557779 0.7558820852501869 
0.44672336168084037 0.7598083279243353 
0.4472236118059029 0.7637111366436389 
0.44772386193096547 0.7675900194584281 
0.44822411205602797 0.7714444973225618 
0.4487243621810905 0.7752741040558924 
0.44922461230615307 0.7790783862851234 
0.44972486243121557 0.7828569033638724 
0.4502251125562781 0.7866092272727695 
0.4507253626813406 0.7903349425004408 
0.45122561280640316 0.7940336459062424 
0.4517258629314657 0.7977049465656241 
0.4522261130565282 0.8013484655990125 
0.45272636318159076 0.8049638359851055 
0.4532266133066533 0.8085507023594729 
0.4537268634317158 0.8121087207993575 
0.45422711355677836 0.8156375585955601 
0.4547273636818409 0.8191368940122981 
0.4552276138069034 0.8226064160358978 
0.45572786393196596 0.8260458241131852 
0.45622811405702846 0.8294548278804119 
0.456728364182091 0.8328331468835433 
0.45722861430715356 0.8361805102907155 
0.45772886443221605 0.8394966565976401 
0.4582291145572786 0.8427813333267234 
0.45872936468234116 0.8460342967206431 
0.45922961480740365 0.8492553114310837 
0.4597298649324662 0.8524441502033334 
0.46023011505752875 0.8556005935574059 
0.46073036518259125 0.8587244294663158 
0.4612306153076538 0.8618154530321318 
0.4617308654327163 0.8648734661603971 
0.46223111555777885 0.8678982772334674 
0.4627313656828414 0.8708897007833241 
0.4632316158079039 0.8738475571643631 
0.46373186593296645 0.876771672226664 
0.464232116058029 0.8796618769902058 
0.4647323661830915 0.8825180073204824 
0.46523261630815405 0.8853399036059558 
0.4657328664332166 0.8881274104377564 
0.4662331165582791 0.8908803762920344 
0.46673336668334164 0.8935986532153499 
0.4672336168084042 0.8962820965134738 
0.4677338669334667 0.8989305644439572 
0.46823411705852924 0.901543917912837 
0.46873436718359174 0.9041220201758012 
0.4692346173086543 0.9066647365441789 
0.46973486743371684 0.9091719340960691 
0.47023511755877934 0.9116434813929528 
0.4707353676838419 0.9140792482021178 
0.47123561780890444 0.9164791052252242 
0.47173586793396693 0.918842923833344 
0.4722361180590295 0.9211705758088109 
0.47273636818409204 0.9234619330942189 
0.47323661830915453 0.925716867548905 
0.4737368684342171 0.927935250713275 
0.4742371185592796 0.9301169535813101 
0.47473736868434213 0.9322618463816252 
0.4752376188094047 0.9343697983674374 
0.4757378689344672 0.936440677615806 
0.47623811905952973 0.9384743508365411 
0.4767383691845923 0.940470683191134 
0.4772386193096548 0.9424295381221185 
0.47773886943471733 0.9443507771932359 
0.4782391195597799 0.9462342599408046 
0.4787393696848424 0.9480798437366839 
0.4792396198099049 0.9498873836632276 
0.4797398699349674 0.951656732400619 
0.48024012006003 0.9533877401269775 
0.4807403701850925 0.9550802544316245 
0.481240620310155 0.9567341202418818 
0.48174087043521757 0.9583491797637778 
0.4822411205602801 0.959925272437017 
0.4827413706853426 0.9614622349045583 
0.48324162081040517 0.9629599009971292 
0.4837418709354677 0.9644181017329977 
0.4842421210605302 0.9658366653332696 
0.48474237118559277 0.9672154172530028 
0.4852426213106553 0.9685541802283608 
0.4857428714357178 0.9698527743400248 
0.48624312156078037 0.971111017093039 
0.48674337168584286 0.9723287235132394 
0.4872436218109054 0.9735057062603705 
0.48774387193596797 0.9746417757579615 
0.48824412206103046 0.9757367403399909 
0.488744372186093 0.9767904064143222 
0.48924462231115556 0.9778025786428496 
0.48974487243621806 0.9787730601382423 
0.4902451225612806 0.9797016526771366 
0.49074537268634316 0.9805881569295513 
0.49124562281140566 0.9814323727042776 
0.4917458729364682 0.9822340992099189 
0.4922461230615307 0.9829931353312111 
0.49274637318659326 0.9837092799201931 
0.4932466233116558 0.9843823321017516 
0.4937468734367183 0.9850120915929934 
0.49424712356178085 0.9855983590358529 
0.4947473736868434 0.9861409363422853 
0.4952476238119059 0.9866396270513307 
0.49574787393696845 0.9870942366973042 
0.496248124062031 0.9875045731882803 
0.4967483741870935 0.9878704471940191 
0.49724862431215605 0.9881916725424117 
0.49774887443721855 0.9884680666234914 
0.4982491245622811 0.9886994507999903 
0.49874937468734365 0.9888856508234009 
0.49924962481240615 0.9890264972544497 
0.4997498749374687 0.9891218258868562 
0.5002501250625312 0.9891714781732153 
0.5007503751875938 0.9891753016518173 
0.5012506253126563 0.9891331503731923 
0.5017508754377188 0.9890448853251358 
0.5022511255627814 0.9889103748549697 
0.5027513756878439 0.9887294950877696 
0.5032516258129064 0.9885021303392855 
0.503751875937969 0.9882281735222735 
0.5042521260630315 0.9879075265449709 
0.504752376188094 0.9875401007004383 
0.5052526263131566 0.9871258170455093 
0.5057528764382191 0.9866646067681104 
0.5062531265632816 0.9861564115417271 
0.5067533766883441 0.9856011838658171 
0.5072536268134067 0.9849988873910178 
0.5077538769384692 0.9843494972280054 
0.5082541270635317 0.9836530002389323 
0.5087543771885943 0.9829093953103928 
0.5092546273136568 0.9821186936069288 
0.5097548774387193 0.9812809188041408 
0.5102551275637819 0.98039610730052 
0.5107553776888444 0.9794643084071942 
0.5112556278139069 0.978485584514833 
0.5117558779389695 0.9774600112370332 
0.512256128064032 0.9763876775295833 
0.5127563781890945 0.9752686857850715 
0.5132566283141571 0.9741031519023934 
0.5137568784392196 0.9728912053307831 
0.5142571285642821 0.9716329890880865 
0.5147573786893447 0.9703286597530707 
0.5152576288144072 0.9689783874316598 
0.5157578789394697 0.9675823556970631 
0.5162581290645323 0.9661407615038579 
0.5167583791895948 0.964653815076176 
0.5172586293146573 0.963121739770222 
0.5177588794397199 0.9615447719114525 
0.5182591295647824 0.9599231606068205 
0.5187593796898449 0.9582571675325785 
0.5192596298149074 0.9565470666982137 
0.51975987993997 0.954793144187178 
0.5202601300650325 0.9529956978751403 
0.520760380190095 0.9511550371265818 
0.5212606303151576 0.9492714824706084 
0.5217608804402201 0.9473453652569416 
0.5222611305652826 0.9453770272931059 
0.5227613806903452 0.9433668204638864 
0.5232616308154077 0.9413151063342073 
0.5237618809404702 0.9392222557366107 
0.5242621310655328 0.9370886483445832 
0.5247623811905953 0.9349146722330078 
0.5252626313156578 0.9327007234270683 
0.5257628814407204 0.9304472054409509 
0.5262631315657829 0.9281545288077334 
0.5267633816908454 0.9258231106018612 
0.527263631815908 0.9234533739556278 
0.5277638819409705 0.9210457475710963 
0.528264132066033 0.918600665228894 
0.5287643821910956 0.9161185652953144 
0.5292646323161581 0.9135998902291591 
0.5297648824412206 0.9110450860897442 
0.530265132566283 0.9084546020474515 
0.5307653826913457 0.9058288898982313 
0.5312656328164082 0.9031684035833846 
0.5317658829414706 0.9004735987159654 
0.5322661330665333 0.897744932115058 
0.5327663831915957 0.8949828613491995 
0.5332666333166582 0.8921878442901187 
0.5337668834417209 0.8893603386779446 
0.5342671335667833 0.8865008016989696 
0.5347673836918458 0.8836096895770054 
0.5352676338169085 0.8806874571792861 
0.535767883941971 0.8777345576378436 
0.5362681340670334 0.8747514419871796 
0.536768384192096 0.8717385588190066 
0.5372686343171585 0.8686963539547605 
0.537768884442221 0.8656252701365089 
0.5382691345672836 0.8625257467368 
0.5387693846923461 0.859398219487939 
0.5392696348174086 0.8562431202310887 
0.5397698849424712 0.8530608766855118 
0.5402701350675337 0.8498519122382227 
0.5407703851925962 0.8466166457542089 
0.5412706353176588 0.8433554914073225 
0.5417708854427213 0.840068858531883 
0.5422711355677838 0.8367571514949357 
0.5427713856928463 0.8334207695890548 
0.5432716358179089 0.8300601069455146 
0.5437718859429714 0.8266755524675796 
0.5442721360680339 0.8232674897836084 
0.5447723861930965 0.8198362972195968 
0.545272636318159 0.8163823477907421 
0.5457728864432215 0.8129060092115566 
0.5462731365682841 0.8094076439239846 
0.5467733866933466 0.805887609142968 
0.5472736368184091 0.8023462569188454 
0.5477738869434717 0.7987839342159101 
0.5482741370685342 0.7952009830064679 
0.5487743871935967 0.7915977403796604 
0.5492746373186593 0.7879745386643088 
0.5497748874437218 0.7843317055650224 
0.5502751375687843 0.7806695643107854 
0.5507753876938469 0.7769884338152159 
0.5512756378189094 0.773288628847702 
0.5517758879439719 0.7695704602146016 
0.5522761380690345 0.7658342349496816 
0.552776388194097 0.762080256512994 
0.5532766383191595 0.7583088249973851 
0.5537768884442221 0.7545202373418203 
0.5542771385692846 0.750714787550768 
0.5547773886943471 0.7468927669188447 
0.5552776388194096 0.7430544642599913 
0.5557778889444722 0.7392001661404275 
0.5562781390695347 0.7353301571146964 
0.5567783891945972 0.7314447199641065 
0.5572786393196598 0.7275441359369063 
0.5577788894447223 0.723628684989586 
0.5582791395697848 0.7196986460286892 
0.5587793896948474 0.7157542971525794 
0.5592796398199099 0.7117959158926204 
0.5597798899449724 0.7078237794532867 
0.560280140070035 0.703838164950706 
0.5607803901950975 0.6998393496492301 
0.56128064032016 0.6958276111956165 
0.5617808904452226 0.6918032278504437 
0.5622811405702851 0.6877664787164413 
0.5627813906953476 0.6837176439634125 
0.5632816408204102 0.679657005049471 
0.5637818909454727 0.6755848449383509 
0.5642821410705352 0.6715014483125618 
0.5647823911955978 0.6674071017821763 
0.5652826413206603 0.6633020940891002 
0.5657828914457228 0.6591867163066486 
0.5662831415707853 0.6550612620342919 
0.5667833916958479 0.6509260275874648 
0.5672836418209104 0.6467813121823138 
0.5677838919459729 0.6426274181153052 
0.5682841420710355 0.6384646509375868 
0.568784392196098 0.6342933196240426 
0.5692846423211605 0.6301137367369578 
0.5697848924462231 0.6259262185842072 
0.5702851425712856 0.6217310853719162 
0.5707853926963481 0.6175286613515028 
0.5712856428214107 0.6133192749610051 
0.5717858929464732 0.609103258960634 
0.5722861430715357 0.6048809505624244 
0.5727863931965983 0.6006526915538839 
0.5732866433216608 0.5964188284155149 
0.5737868934467233 0.5921797124320731 
0.5742871435717859 0.5879356997973957 
0.5747873936968484 0.5836871517126444 
0.5752876438219109 0.5794344344777673 
0.5757878939469735 0.5751779195759555 
0.576288144072036 0.5709179837508981 
0.5767883941970985 0.5666550090765613 
0.5772886443221611 0.5623893830192404 
0.5777888944472236 0.5581214984915931 
0.5782891445722861 0.5538517538983585 
0.5787893946973486 0.5495805531734335 
0.5792896448224112 0.545308305807971 
0.5797898949474737 0.5410354268691505 
0.5802901450725362 0.5367623370092549 
0.5807903951975988 0.5324894624646677 
0.5812906453226613 0.5282172350444092 
0.5817908954477238 0.5239460921078223 
0.5822911455727864 0.5196764765309813 
0.5827913956978489 0.5154088366614488 
0.5832916458229114 0.5111436262609621 
0.583791895947974 0.5068813044356372 
0.5842921460730365 0.5026223355533181 
0.584792396198099 0.49836718914766415 
0.5852926463231616 0.49411633980860653 
0.5857928964482241 0.48987026705881964 
0.5862931465732866 0.4856294552158626 
0.5867933966983492 0.48139439323966704 
0.5872936468234117 0.4771655745650913 
0.5877938969484742 0.47294349691927046 
0.5882941470735368 0.46872866212352443 
0.5887943971985993 0.4645215758796445 
0.5892946473236618 0.46032274754039393 
0.5897948974487243 0.45613268986409783 
0.5902951475737869 0.4519519187532783 
0.5907953976988494 0.4477809529772857 
0.5912956478239119 0.4436203138789801 
0.5917958979489745 0.43947052506551726 
0.592296148074037 0.4353321120834055 
0.5927963981990995 0.4312056020780047 
0.5932966483241621 0.42709152343772605 
0.5937968984492246 0.42299040542324906 
0.5942971485742871 0.4189027777821251 
0.5947973986993497 0.41482917034920086 
0.5952976488244122 0.41077011263336244 
0.5957978989494747 0.40672613339116354 
0.5962981490745373 0.40269776018794845 
0.5967983991995998 0.39868551894716725 
0.5972986493246623 0.3946899334886283 
0.5977988994497249 0.3907115250564809 
0.5982991495747874 0.38675081183780585 
0.5987993996998499 0.38280830847273506 
0.5992996498249125 0.37888452555706176 
0.599799899949975 0.3749799691383827 
0.6003001500750375 0.3710951402068491 
0.6008004002001001 0.3672305341816281 
0.6013006503251626 0.3633866403942684 
0.601800900450225 0.35956394157015614 
0.6023011505752875 0.35576291330929033 
0.6028014007003502 0.3519840235676723 
0.6033016508254126 0.34822773214057606 
0.6038019009504751 0.34449449014903694 
0.6043021510755378 0.3407847395308616 
0.6048024012006002 0.33709891253753804 
0.6053026513256627 0.3334374312383626 
0.6058029014507254 0.3298007070331429 
0.6063031515757878 0.32618914017482803 
0.6068034017008503 0.3226031193033899 
0.607303651825913 0.3190430209922704 
0.6078039019509754 0.31550920930870163 
0.6083041520760379 0.31200203538916155 
0.6088044022011005 0.30852183703119446 
0.609304652326163 0.3050689383028088 
0.6098049024512255 0.30164364917060166 
0.6103051525762881 0.29824626514770863 
0.6108054027013506 0.29487706696265253 
0.6113056528264131 0.2915363202500722 
0.6118059029514757 0.28822427526426964 
0.6123061530765382 0.2849411666164467 
0.6128064032016007 0.28168721303643146 
0.6133066533266633 0.2784626171596057 
0.6138069034517258 0.2752675653396916 
0.6143071535767883 0.27210222748795937 
0.6148074037018508 0.268966756939336 
0.6153076538269134 0.26586129034581113 
0.6158079039519759 0.2627859475974511 
0.6163081540770384 0.25974083177124696 
0.616808404202101 0.25672602910790926 
0.6173086543271635 0.2537416090166708 
0.617808904452226 0.25078762410803296 
0.6183091545772886 0.24786411025430763 
0.6188094047023511 0.24497108667774004 
0.6193096548274136 0.2421085560658767 
0.6198099049524762 0.23927650471376744 
0.6203101550775387 0.23647490269251517 
0.6208104052026012 0.23370370404359062 
0.6213106553276638 0.23096284699824313 
0.6218109054527263 0.22825225422128056 
0.6223111555777888 0.225571833078401 
0.6228114057028514 0.2229214759261844 
0.6233116558279139 0.22030106042380693 
0.6238119059529764 0.2177104498654549 
0.624312156078039 0.21514949353236582 
0.6248124062031015 0.21261802706338245 
0.625312656328164 0.21011587284283653 
0.6258129064532265 0.2076428404045554 
0.6263131565782891 0.20519872685073978 
0.6268134067033516 0.20278331728442706 
0.6273136568284141 0.2003963852542399 
0.6278139069534767 0.19803769321008582 
0.6283141570785392 0.19570699296847313 
0.6288144072036017 0.1934040261861015 
0.6293146573286643 0.1911285248403637 
0.6298149074537268 0.18888021171542968 
0.6303151575787893 0.18665880089257872 
0.6308154077038519 0.18446399824344867 
0.6313156578289144 0.18229550192492744 
0.6318159079539769 0.1801530028744078 
0.6323161580790395 0.17803618530416818 
0.632816408204102 0.17594472719369356 
0.6333166583291645 0.17387830077877478 
0.6338169084542271 0.17183657303627636 
0.6343171585792896 0.16981920616352603 
0.6348174087043521 0.1678258580513205 
0.6353176588294147 0.1658561827496003 
0.6358179089544772 0.16390983092492623 
0.6363181590795397 0.16198645030893363 
0.6368184092046023 0.1600856861370169 
0.6373186593296648 0.15820718157657293 
0.6378189094547273 0.15635057814419154 
0.6383191595797898 0.1545155161112583 
0.6388194097048524 0.1527016348975103 
0.6393196598299149 0.15090857345215516 
0.6398199099549774 0.14913597062224143 
0.64032016008004 0.1473834655080346 
0.6408204102051025 0.14565069780523188 
0.641320660330165 0.1439373081339173 
0.6418209104552276 0.1422429383542265 
0.6423211605802901 0.14056723186875608 
0.6428214107053526 0.13890983391182937 
0.6433216608304152 0.13727039182576486 
0.6438219109554777 0.13564855532439 
0.6443221610805402 0.1340439767440643 
0.6448224112056028 0.13245631128254418 
0.6453226613306653 0.13088521722607183 
0.6458229114557278 0.12933035616510052 
0.6463231615807904 0.12779139319912247 
0.6468234117058529 0.12626799713108677 
0.6473236618309154 0.12475984065193912 
0.647823911955978 0.12326660051581634 
0.6483241620810405 0.12178795770648057 
0.648824412206103 0.12032359759556457 
0.6493246623311655 0.11887321009321694 
0.6498249124562281 0.1174364897917538 
0.6503251625812906 0.11601313610290392 
0.6508254127063531 0.11460285338924094 
0.6513256628314157 0.11320535109037869 
0.6518259129564782 0.11182034384450049 
0.6523261630815407 0.11044755160576201 
0.6528264132066033 0.10908669975808773 
0.6533266633316658 0.10773751922586347 
0.6538269134567283 0.10639974658197111 
0.6543271635817909 0.10507312415360529 
0.6548274137068534 0.10375740012624689 
0.6553276638319159 0.10245232864614807 
0.6558279139569785 0.10115766992161597 
0.656328164082041 0.09987319032336295 
0.6568284142071035 0.0985986624841131 
0.6573286643321661 0.09733386539762605 
0.6578289144572286 0.096078584517238 
0.6583291645822911 0.09483261185396674 
0.6588294147073537 0.09359574607417914 
0.6593296648324162 0.09236779259675922 
0.6598299149574787 0.09114856368967411 
0.6603301650825413 0.08993787856576795 
0.6608304152076038 0.0887355634775734 
0.6613306653326663 0.08754145181088642 
0.6618309154577288 0.08635538417678222 
0.6623311655827914 0.08517720850172888 
0.6628314157078539 0.08400678011539763 
0.6633316658329164 0.08284396183573868 
0.663831915957979 0.08168862405084262 
0.6643321660830415 0.08054064479709239 
0.664832416208104 0.07939990983307296 
0.6653326663331666 0.07826631270867099 
0.6658329164582291 0.0771397548288028 
0.6663331665832916 0.0760201455111669 
0.6668334167083542 0.07490740203741897 
0.6673336668334167 0.07380144969716379 
0.6678339169584792 0.07270222182414647 
0.6683341670835418 0.0716096598240375 
0.6688344172086043 0.0705237131932106 
0.6693346673336668 0.06944433952792926 
0.6698349174587294 0.06837150452336595 
0.6703351675837919 0.06730518196192024 
0.6708354177088544 0.06624535369030526 
0.671335667833917 0.06519200958492304 
0.6718359179589795 0.06414514750508177 
0.672336168084042 0.06310477323364055 
0.6728364182091046 0.062070900404720165 
0.673336668334167 0.06104355041816815 
0.6738369184592296 0.06002275234051027 
0.674337168584292 0.05900854279218103 
0.6748374187093547 0.05800096582088477 
0.6753376688344171 0.05700007276099425 
0.6758379189594796 0.056005922078961094 
0.6763381690845423 0.05501857920477029 
0.6768384192096047 0.054038116349542545 
0.6773386693346672 0.0530646123094523 
0.6778389194597298 0.05209815225618681 
0.6783391695847923 0.05113882751425622 
0.6788394197098548 0.050186735325513966 
0.6793396698349174 0.04924197860131501 
0.6798399199599799 0.04830466566281217 
0.6803401700850424 0.047374909969943924 
0.680840420210105 0.04645282983972442 
0.6813406703351675 0.04553854815451639 
0.68184092046023 0.04463219206100672 
0.6823411705852926 0.04373389266066456 
0.6828414207103551 0.04284378469250786 
0.6833416708354176 0.04196200620904505 
0.6838419209604802 0.041088698246291466 
0.6843421710855427 0.040224004488814 
0.6848424212106052 0.0393680709307584 
0.6853426713356677 0.03852104553386031 
0.6858429214607303 0.03768307788344747 
0.6863431715857928 0.036854318843459834 
0.6868434217108553 0.03603492021151341 
0.6873436718359179 0.03522503437504421 
0.6878439219609804 0.03442481396955968 
0.6883441720860429 0.03363441154000885 
0.6888444222111055 0.03285397920628279 
0.689344672336168 0.032083668333810995 
0.6898449224612305 0.031323629210215816 
0.6903451725862931 0.030574010728934585 
0.6908454227113556 0.02983496008068883 
0.6913456728364181 0.0291066224536402 
0.6918459229614807 0.028389140743006372 
0.6923461730865432 0.027682655270879 
0.6928464232116057 0.026987303516908596 
0.6933466733366683 0.026303219860465854 
0.6938469234617308 0.025630535334826357 
0.6943471735867933 0.024969377393846484 
0.6948474237118559 0.024319869691533668 
0.6953476738369184 0.023682131874835873 
0.6958479239619809 0.023056279389896028 
0.6963481740870435 0.022442423301939532 
0.696848424212106 0.021840670128888535 
0.6973486743371685 0.021251121688700827 
0.697848924462231 0.020673874960372023 
0.6983491745872936 0.020109021958437518 
0.6988494247123561 0.01955664962074952 
0.6993496748374186 0.019016839709214407 
0.6998499249624812 0.01848966872310448 
0.7003501750875437 0.017975207824489373 
0.7008504252126062 0.017473522775251812 
0.7013506753376688 0.01698467388509536 
0.7018509254627313 0.016508715969884326 
0.7023511755877938 0.016045698319599306 
0.7028514257128564 0.015595664675138263 
0.7033516758379189 0.015158653213142052 
0.7038519259629814 0.01473469653799024 
0.704352176088044 0.014323821680061488 
0.7048524262131065 0.013926050099337901 
0.705352676338169 0.013541397693400665 
0.7058529264632316 0.013169874808850273 
0.7063531765882941 0.012811486255167955 
0.7068534267133566 0.01246623132005325 
0.7073536768384192 0.012134103785245603 
0.7078539269634817 0.01181509194187935 
0.7083541770885442 0.011509178604426155 
0.7088544272136067 0.011216341122303238 
0.7093546773386693 0.010936551388274209 
0.7098549274637318 0.010669775842791033 
0.7103551775887943 0.010415975473494245 
0.7108554277138569 0.01017510580912482 
0.7113556778389194 0.009947116907173443 
0.7118559279639819 0.009731953334665016 
0.7123561780890445 0.009529554141526592 
0.712856428214107 0.009339852826103152 
0.7133566783391695 0.009162777292427145 
0.7138569284642321 0.00899824979897215 
0.7143571785892946 0.008846186898693478 
0.7148574287143571 0.008706499370258582 
0.7153576788394197 0.00857909214047248 
0.7158579289644822 0.008463864198001644 
0.7163581790895447 0.008360708498606808 
0.7168584292146073 0.008269511862191228 
0.7173586793396698 0.008190154862087613 
0.7178589294647323 0.008122511707099832 
0.7183591795897949 0.008066450116927339 
0.7188594297148574 0.00802183119169872 
0.7193596798399199 0.007988509276442126 
0.7198599299649825 0.007966331821413973 
0.720360180090045 0.007955139239307598 
0.7208604302151075 0.007954764760445 
0.72136068034017 0.007965034287144757 
0.7218609304652326 0.007985766248535477 
0.7223611805902951 0.008016771457153772 
0.7228614307153576 0.008057852968743884 
0.7233616808404202 0.008108805946713345 
0.7238619309654827 0.008169417532775369 
0.7243621810905452 0.008239466725327351 
0.7248624312156078 0.008318724267168266 
0.7253626813406703 0.008406952544171311 
0.7258629314657328 0.008503905496544117 
0.7263631815907954 0.008609328544321178 
0.7268634317158579 0.008722958528725362 
0.7273636818409204 0.008844523671013583 
0.727863931965983 0.008973743550414266 
0.7283641820910455 0.009110329102712002 
0.728864432216108 0.00925398264099669 
0.7293646823411706 0.00940439790004172 
0.7298649324662331 0.009561260105704713 
0.7303651825912956 0.009724246070669094 
0.7308654327163582 0.009893024317759102 
0.7313656828414207 0.01006725523197151 
0.7318659329664832 0.010246591242244436 
0.7323661830915458 0.010430677033898373 
0.7328664332166083 0.010619149792531753 
0.7333666833416708 0.010811639480047435 
0.7338669334667333 0.0110077691433334 
0.7343671835917959 0.011207155255987875 
0.7348674337168584 0.011409408093323196 
0.7353676838419209 0.011614132140721885 
0.7358679339669835 0.011820926535274673 
0.736368184092046 0.012029385540448908 
0.7368684342171085 0.012239099053375422 
0.7373686843421711 0.012449653144177418 
0.7378689344672336 0.012660630626584943 
0.7383691845922961 0.012871611658914758 
0.7388694347173587 0.01308217437432177 
0.7393696848424212 0.013291895539058277 
0.7398699349674837 0.013500351237309636 
0.7403701850925463 0.013707117581016878 
0.7408704352176088 0.013911771442929587 
0.7413706853426713 0.014113891210976781 
0.7418709354677339 0.014313057561909074 
0.7423711855927964 0.014508854251999282 
0.7428714357178589 0.014700868922479278 
0.7433716858429215 0.01488869391724528 
0.743871935967984 0.015071927110261008 
0.7443721860930465 0.015250172739966357 
0.744872436218109 0.015423042247923771 
0.7453726863431716 0.015590155118828506 
0.745872936468234 0.015751139718950837 
0.7463731865932965 0.015905634130010338 
0.7468734367183592 0.01605328697543741 
0.7473736868434216 0.016193758235949866 
0.7478739369684841 0.016326720051336355 
0.7483741870935467 0.016451857505352895 
0.7488744372186092 0.016568869390629733 
0.7493746873436717 0.01667746895051979 
0.7498749374687343 0.016777384594853485 
0.7503751875937968 0.016868360586619023 
0.7508754377188593 0.01695015769665133 
0.751375687843922 0.01702255382349444 
0.7518759379689844 0.017085344575702363 
0.7523761880940469 0.017138343813947614 
0.7528764382191095 0.017181384150431783 
0.753376688344172 0.017214317403228558 
0.7538769384692345 0.017237015003337203 
0.7543771885942971 0.017249368352390743 
0.7548774387193596 0.017251289129121845 
0.7553776888444221 0.01724270954289689 
0.7558779389694847 0.017223582532784977 
0.7563781890945472 0.017193881910876434 
0.7568784392196097 0.017153602448726598 
0.7573786893446722 0.01710275990606333 
0.7578789394697348 0.017041391001083775 
0.7583791895947973 0.016969553321920152 
0.7588794397198598 0.01688732517907349 
0.7593796898449224 0.016794805398857915 
0.7598799399699849 0.016692113058128944 
0.7603801900950474 0.01657938716082261 
0.76088044022011 0.01645678625704843 
0.7613806903451725 0.016324488005745427 
0.761880940470235 0.016182688682117984 
0.7623811905952976 0.01603160263131979 
0.7628814407203601 0.01587146167007164 
0.7633816908454226 0.01570251443811851 
0.7638819409704852 0.015525025701653154 
0.7643821910955477 0.015339275611024985 
0.7648824412206102 0.015145558915266389 
0.7653826913456728 0.014944184136139368 
0.7658829414707353 0.014735472704590908 
0.7663831915957978 0.014519758062662948 
0.7668834417208604 0.014297384734051835 
0.7673836918459229 0.014068707366655456 
0.7678839419709854 0.013834089750561053 
0.7683841920960479 0.013593903815036137 
0.7688844422211105 0.0133485286081777 
0.769384692346173 0.013098349262945418 
0.7698849424712355 0.012843755953369188 
0.7703851925962981 0.012585142844758944 
0.7708854427213606 0.012322907041768028 
0.7713856928464231 0.012057447538168592 
0.7718859429714857 0.011789164172193193 
0.7723861930965482 0.011518456591255739 
0.7728864432216107 0.011245723229834895 
0.7733866933466733 0.01097136030422112 
0.7738869434717358 0.010695760827770608 
0.7743871935967983 0.010419313650192014 
0.7748874437218609 0.010142402524293378 
0.7753876938469234 0.009865405203478552 
0.7758879439719859 0.009588692573145765 
0.7763881940970485 0.00931262781897643 
0.776888444222111 0.009037565634930337 
0.7773886943471735 0.008763851473590639 
0.7778889444722361 0.008491820841278551 
0.7783891945972986 0.008221798640178064 
0.7788894447223611 0.007954098559476095 
0.7793896948474237 0.007689022517296977 
0.7798899449724862 0.007426860154974585 
0.7803901950975487 0.007167888384977377 
0.7808904452226112 0.006912370993525391 
0.7813906953476738 0.006660558298715829 
0.7818909454727363 0.0064126868646970005 
0.7823911955977988 0.006168979272182121 
0.7828914457228614 0.005929643945337706 
0.7833916958479239 0.005694875034817473 
0.7838919459729864 0.005464852356465764 
0.784392196098049 0.005239741384951267 
0.7848924462231115 0.005019693301354869 
0.785392696348174 0.004804845093490335 
0.7858929464732366 0.0045953197074947195 
0.7863931965982991 0.004391226249011351 
0.7868934467233616 0.004192660232051719 
0.7873936968484242 0.003999703873440127 
0.7878939469734867 0.0038124264305255066 
0.7883941970985492 0.003630884579674204 
0.7888944472236118 0.0034551228328826475 
0.7893946973486743 0.003285173989693482 
0.7898949474737368 0.003121059621459289 
0.7903951975987994 0.002962790584866737 
0.7908954477238619 0.002810367561529663 
0.7913956978489244 0.0026637816203627083 
0.791895947973987 0.002523014799376997 
0.7923961980990495 0.002388040703468637 
0.792896448224112 0.00225882511475211 
0.7933966983491745 0.0021353266119432356 
0.7938969484742371 0.0020174971953058067 
0.7943971985992996 0.0019052829136967486 
0.7948974487243621 0.0017986244902560627 
0.7953976988494247 0.0016974579433533129 
0.7958979489744872 0.0016017151994685735 
0.7963981990995497 0.0015113246947582397 
0.7968984492246123 0.0014262119621692936 
0.7973986993496748 0.0013463002010801514 
0.7978989494747373 0.0012715108265658759 
0.7983991995997999 0.001201763995554244 
0.7988994497248624 0.0011369791072808571 
0.7993996998499249 0.0010770752756344487 
0.7998999499749875 0.0010219717711641733 
0.80040020010005 0.0009715884307293502 
0.8009004502251125 0.0009258460329592912 
0.8014007003501751 0.0008846666379273256 
0.8019009504752376 0.000847973889652353 
0.8024012006003001 0.0008156932802745279 
0.8029014507253627 0.0007877523749959579 
0.8034017008504252 0.0007640809971000359 
0.8039019509754877 0.0007446113726220044 
0.8044022011005502 0.0007292782344737345 
0.8049024512256128 0.0007180188860757517 
0.8054027013506753 0.00071077322479283 
0.8059029514757378 0.0007074837257032813 
0.8064032016008004 0.0007080953864760478 
0.8069034517258629 0.0007125556343476953 
0.8074037018509254 0.0007208141964358894 
0.807903951975988 0.0007328229348214644 
0.8084042021010505 0.0007485356480533541 
0.808904452226113 0.0007679078409257533 
0.8094047023511756 0.000790896464559706 
0.8099049524762381 0.0008174596290041134 
0.8104052026013006 0.0008475562907293082 
0.8109054527263632 0.0008811459175372158 
0.8114057028514257 0.0009181881335422559 
0.8119059529764882 0.0009586423470036601 
0.8124062031015508 0.0010024673638883701 
0.8129064532266133 0.001049620990128996 
0.8134067033516758 0.001100059625617524 
0.8139069534767384 0.0011537378530153799 
0.8144072036018009 0.0012106080245184434 
0.8149074537268634 0.0012706198496986072 
0.815407703851926 0.001333719987581265 
0.8159079539769885 0.0013998516460656386 
0.816408204102051 0.0014689541917805723 
0.8169084542271134 0.0015409627734036242 
0.817408704352176 0.0016158079614076806 
0.8179089544772385 0.0016934154070953136 
0.818409204602301 0.0017737055237027983 
0.8189094547273637 0.0018565931922089156 
0.8194097048524261 0.0019419874943570215 
0.8199099549774886 0.0020297914752644233 
0.8204102051025512 0.002119901937797717 
0.8209104552276137 0.0022122092707430826 
0.8214107053526762 0.0023065973126040703 
0.8219109554777388 0.0024029432526505917 
0.8224112056028013 0.0025011175706460206 
0.8229114557278638 0.002600984016458051 
0.8234117058529264 0.0027023996305293153 
0.8239119559779889 0.0028052148059585546 
0.8244122061030514 0.002909273392704308 
0.824912456228114 0.003014412844179434 
0.8254127063531765 0.0031204644062741106 
0.825912956478239 0.0032272533485851523 
0.8264132066033016 0.0033345992374017156 
0.8269134567283641 0.003442316249748365 
0.8274137068534266 0.0035502135275473127 
0.8279139569784892 0.003658095570731515 
0.8284142071035517 0.003765762667911378 
0.8289144572286142 0.0038730113629741694 
0.8294147073536767 0.0039796349557748205 
0.8299149574787393 0.0040854240348895485 
0.8304152076038018 0.004190167040194501 
0.8309154577288643 0.004293650852846434 
0.8314157078539269 0.004395661410086993 
0.8319159579789894 0.004495984342122602 
0.8324162081040519 0.0045944056281855 
0.8329164582291145 0.004690712268768918 
0.833416708354177 0.004784692970901382 
0.8339169584792395 0.004876138843231444 
0.8344172086043021 0.0049648440976251375 
0.8349174587293646 0.0050506067539010865 
0.8354177088544271 0.005133229344299032 
0.8359179589794897 0.005212519614231639 
0.8364182091045522 0.005288291215882785 
0.8369184592296147 0.005360364391211994 
0.8374187093546773 0.005428566640951364 
0.8379189594797398 0.0054927333762343575 
0.8384192096048023 0.005552708549556508 
0.8389194597298649 0.005608345261848781 
0.8394197098549274 0.00565950634253945 
0.8399199599799899 0.005706064899606599 
0.8404202101050524 0.005747904836737723 
0.840920460230115 0.005784921334873301 
0.8414207103551775 0.0058170212955657155 
0.84192096048024 0.005844123743763491 
0.8424212106053026 0.005866160187805463 
0.8429214607303651 0.005883074934633883 
0.8434217108554276 0.005894825358418112 
0.8439219609804902 0.005901382121021336 
0.8444222111055527 0.005902729342957329 
0.8449224612306152 0.005898864723728982 
0.8454227113556778 0.005889799610683245 
0.8459229614807403 0.005875559015751629 
0.8464232116058028 0.005856181579712233 
0.8469234617308654 0.005831719483855231 
0.8474237118559279 0.005802238309179447 
0.8479239619809904 0.00576781684351916 
0.848424212106053 0.005728546837236161 
0.8489244622311155 0.005684532708367374 
0.849424712356178 0.0056358911983637695 
0.8499249624812406 0.005582750979793276 
0.8504252126063031 0.005525252217615986 
0.8509254627313656 0.005463546085853869 
0.8514257128564282 0.005397794241708675 
0.8519259629814907 0.005328168259373858 
0.8524262131065532 0.005254849025978217 
0.8529264632316157 0.005178026102293986 
0.8534267133566783 0.005097897050993043 
0.8539269634817408 0.005014666735398536 
0.8544272136068033 0.004928546591815992 
0.8549274637318659 0.00483975387864679 
0.8554277138569284 0.004748510905600014 
0.8559279639819909 0.004655044246403014 
0.8564282141070535 0.004559583938482485 
0.856928464232116 0.00446236267315643 
0.8574287143571785 0.0043636149798866215 
0.8579289644822411 0.004263576408196967 
0.8584292146073036 0.004162482710828076 
0.8589294647323661 0.004060569031710892 
0.8594297148574287 0.003958069102282145 
0.8599299649824912 0.0038552144496396793 
0.8604302151075537 0.0037522336199328683 
0.8609304652326163 0.0036493514203267997 
0.8614307153576788 0.003546788182758631 
0.8619309654827413 0.003444759052584404 
0.8624312156078039 0.0033434733050911616 
0.8629314657328664 0.003243133692692349 
0.8634317158579289 0.003143935825458996 
0.8639319659829914 0.0030460675874752416 
0.864432216108054 0.002949708591305541 
0.8649324662331165 0.0028550296726780333 
0.865432716358179 0.0027621924272649653 
0.8659329664832416 0.002671348791238142 
0.8664332166083041 0.0025826406670500478 
0.8669334667333666 0.0024961995956548203 
0.8674337168584292 0.0024121464761601747 
0.8679339669834917 0.002330591333654064 
0.8684342171085542 0.002251633135712586 
0.8689344672336168 0.002175359657853337 
0.8694347173586793 0.0021018473979605686 
0.8699349674837418 0.0020311615394577663 
0.8704352176088044 0.0019633559627767984 
0.8709354677338669 0.0018984733044384587 
0.8714357178589294 0.0018365450628187409 
0.871935967983992 0.001777591749468721 
0.8724362181090545 0.0017216230846321316 
0.872936468234117 0.0016686382354021195 
0.8734367183591796 0.0016186260947618533 
0.8739369684842421 0.0015715655995647013 
0.8744372186093046 0.001527426085347887 
0.8749374687343672 0.0014861676756945943 
0.8754377188594297 0.0014477417037272629 
0.8759379689844922 0.001412091163174399 
0.8764382191095547 0.0013791511863304685 
0.8769384692346173 0.0013488495461347388 
0.8774387193596798 0.0013211071794977886 
0.8779389694847423 0.0012958387289371172 
0.8784392196098049 0.00127295309952789 
0.8789394697348674 0.0012523540281310275 
0.8794397198599299 0.0012339406618511344 
0.8799399699849925 0.0012176081426600802 
0.880440220110055 0.0012032481951308254 
0.8809404702351175 0.0011907497142774179 
0.8814407203601801 0.0011799993505116875 
0.8819409704852426 0.0011708820888086265 
0.882441220610305 0.0011632818192431984 
0.8829414707353677 0.0011570818961515687 
0.8834417208604302 0.001152165683273838 
0.8839419709854927 0.0011484170823605874 
0.8844422211105553 0.001145721042860343 
0.8849424712356178 0.0011439640504325114 
0.8854427213606803 0.0011430345922168964 
0.8859429714857429 0.0011428235969290486 
0.8864432216108054 0.0011432248480439415 
0.8869434717358678 0.0011441353685128352 
0.8874437218609305 0.0011454557756411688 
0.887943971985993 0.0011470906049730423 
0.8884442221110554 0.0011489486022038856 
0.8889444722361179 0.001150942982378656 
0.8894447223611806 0.001152991655821539 
0.889944972486243 0.0011550174204613042 
0.8904452226113055 0.0011569481204364966 
0.8909454727363681 0.0011587167710562644 
0.8914457228614306 0.0011602616504184438 
0.8919459729864931 0.0011615263581817381 
0.8924462231115557 0.0011624598421896104 
0.8929464732366182 0.0011630163938429311 
0.8934467233616807 0.001163155613293768 
0.8939469734867433 0.00116284234573087 
0.8944472236118058 0.0011620465901771738 
0.8949474737368683 0.0011607433823935425 
0.8954477238619309 0.0011589126536311358 
0.8959479739869934 0.0011565390671037885 
0.8964482241120559 0.0011536118341882958 
0.8969484742371185 0.0011501245124679353 
0.897448724362181 0.0011460747878257744 
0.8979489744872435 0.001141464242895225 
0.8984492246123061 0.0011362981142232905 
0.8989494747373686 0.0011305850405738717 
0.8994497248624311 0.0011243368048257066 
0.8999499749874936 0.0011175680719429286 
0.9004502251125562 0.0011102961255126697 
0.9009504752376187 0.001102540605314486 
0.9014507253626812 0.0010943232483869663 
0.9019509754877438 0.0010856676359878817 
0.9024512256128063 0.0010765989488163619 
0.9029514757378688 0.0010671437327660833 
0.9034517258629314 0.001057329677411175 
0.9039519759879939 0.0010471854093217123 
0.9044522261130564 0.0010367403021795734 
0.904952476238119 0.0010260243055565537 
0.9054527263631815 0.0010150677940611228 
0.905952976488244 0.0010039014384144514 
0.9064532266133066 0.0009925560998567922 
0.9069534767383691 0.0009810627491048613 
0.9074537268634316 0.0009694524109151978 
0.9079539769884942 0.0009577561350989458 
0.9084542271135567 0.0009460049946561116 
0.9089544772386192 0.0009342301114922866 
0.9094547273636818 0.0009224627099635444 
0.9099549774887443 0.0009107341983121103 
0.9104552276138068 0.0008990762778121064 
0.9109554777388694 0.000887521079266012 
0.9114557278639319 0.0008761013262556565 
0.9119559779889944 0.0008648505243600606 
0.9124562281140569 0.0008538031753358566 
0.9129564782391195 0.0008429950150545693 
0.913456728364182 0.0008324632738036948 
0.9139569784892445 0.0008222469573490762 
0.9144572286143071 0.0008123871469928949 
0.9149574787393696 0.0008029273166739107 
0.9154577288644321 0.0007939136649931612 
0.9159579789894947 0.0007853954598992875 
0.9164582291145572 0.0007774253936188726 
0.9169584792396197 0.0007700599452901366 
0.9174587293646823 0.0007633597486383649 
0.9179589794897448 0.0007573899619325766 
0.9184592296148073 0.0007522206373688498 
0.9189594797398699 0.0007479270869583894 
0.9194597298649324 0.0007445902419343462 
0.9199599799899949 0.0007422970026593731 
0.9204602301150575 0.0007411405759815804 
0.92096048024012 0.0007412207969882106 
0.9214607303651825 0.0007426444321073604 
0.9219609804902451 0.0007455254605419631 
0.9224612306153076 0.0007499853310618111 
0.9229614807403701 0.0007561531912380832 
0.9234617308654326 0.0007641660862862524 
0.9239619809904952 0.0007741691247756439 
0.9244622311155577 0.0007863156085773646 
0.9249624812406202 0.0008007671245458401 
0.9254627313656828 0.0008176935955746846 
0.9259629814907453 0.0008372732888232839 
0.9264632316158078 0.000859692779077705 
0.9269634817408704 0.0008851468654051386 
0.9274637318659329 0.0009138384394418251 
0.9279639819909954 0.0009459783038795306 
0.928464232116058 0.0009817849399213492 
0.9289644822411205 0.001021484222712729 
0.929464732366183 0.001065309083994939 
0.9299649824912456 0.0011134991214622435 
0.9304652326163081 0.0011663001545667215 
0.9309654827413706 0.0012239637267621472 
0.9314657328664332 0.0012867465544457888 
0.9319659829914957 0.0013549099231152826 
0.9324662331165582 0.001428719031525055 
0.9329664832416208 0.0015084422848904145 
0.9334667333666833 0.0015943505384497134 
0.9339669834917458 0.0016867162929622896 
0.9344672336168084 0.0017858128439684159 
0.9349674837418709 0.001891913386900176 
0.9354677338669334 0.002005290080373461 
0.9359679839919959 0.0021262130702301763 
0.9364682341170585 0.0022549494771374676 
0.936968484242121 0.002391762350763665 
0.9374687343671835 0.0025369095937733187 
0.9379689844922461 0.0026906428590689406 
0.9384692346173086 0.002853206423907865 
0.9389694847423711 0.0030248360446860304 
0.9394697348674337 0.0032057577963486438 
0.9399699849924962 0.003396186900516827 
0.9404702351175587 0.0035963265465684263 
0.9409704852426213 0.003806366710000782 
0.9414707353676838 0.004026482972512121 
0.9419709854927463 0.00425683534830637 
0.9424712356178089 0.004497567121189002 
0.9429714857428714 0.004748803697063811 
0.9434717358679339 0.005010651476448393 
0.9439719859929965 0.0052831967516446515 
0.944472236118059 0.005566504633176234 
0.9449724862431215 0.005860618010065944 
0.9454727363681841 0.006165556548481442 
0.9459729864932466 0.0064813157331893466 
0.9464732366183091 0.006807865956185621 
0.9469734867433717 0.00714515165673888 
0.9474737368684342 0.007493090516976131 
0.9479739869934967 0.007851572716978623 
0.9484742371185592 0.008220460253203426 
0.9489744872436218 0.008599586323869528 
0.9494747373686843 0.008988754784743843 
0.9499749874937468 0.009387739678572853 
0.9504752376188094 0.009796284841163632 
0.9509754877438719 0.010214103586900529 
0.9514757378689344 0.010640878476226828 
0.951975987993997 0.01107626116737096 
0.9524762381190595 0.01151987235432744 
0.952976488244122 0.01197130179281683 
0.9534767383691846 0.012430108415686767 
0.9539769884942471 0.012895820538900921 
0.9544772386193096 0.013367936158984564 
0.9549774887443722 0.013845923342485635 
0.9554777388694347 0.014329220707709525 
0.9559779889944972 0.014817237998677003 
0.9564782391195598 0.015309356750954519 
0.9569784892446223 0.015804931048684686 
0.9574787393696848 0.01630328837186003 
0.9579789894947474 0.016803730532563597 
0.9584792396198099 0.01730553469860333 
0.9589794897448723 0.017807954502683167 
0.9594797398699348 0.018310221234953176 
0.9599799899949975 0.01881154511650303 
0.96048024012006 0.019311116651094182 
0.9609804902451224 0.019808108052155528 
0.961480740370185 0.020301674741811947 
0.9619809904952475 0.020790956918475715 
0.96248124062031 0.021275081189291643 
0.9629814907453726 0.02175316226351277 
0.9634817408704351 0.022224304702668243 
0.9639819909954976 0.022687604723193748 
0.9644822411205602 0.02314215204701947 
0.9649824912456227 0.02358703179543764 
0.9654827413706852 0.024021326421425872 
0.9659829914957478 0.024444117675471475 
0.9664832416208103 0.024854488599808718 
0.9669834917458728 0.0252515255459033 
0.9674837418709354 0.025634320209910088 
0.9679839919959979 0.026001971680772267 
0.9684842421210604 0.026353588495577306 
0.968984492246123 0.026688290696743763 
0.9694847423711855 0.027005211885601975 
0.969984992496248 0.02730350126692595 
0.9704852426213106 0.027582325678986348 
0.9709854927463731 0.027840871603725694 
0.9714857428714356 0.028078347151708226 
0.9719859929964981 0.02829398401655298 
0.9724862431215607 0.028487039393641504 
0.9729864932466232 0.028656797857978512 
0.9734867433716857 0.02880257319619893 
0.9739869934967483 0.028923710187826256 
0.9744872436218108 0.029019586331033423 
0.9749874937468733 0.02908961350829225 
0.9754877438719359 0.029133239587469422 
0.9759879939969984 0.02914994995408386 
0.9764882441220609 0.029139268970648162 
0.9769884942471235 0.02910076135917053 
0.977488744372186 0.029034033503140856 
0.9779889944972485 0.02893873466549617 
0.9784892446223111 0.02881455811931485 
0.9789894947473736 0.02866124218818003 
0.9794897448724361 0.028478571193426776 
0.9799899949974987 0.028266376305683308 
0.9804902451225612 0.02802453629840912 
0.9809904952476237 0.02775297820133823 
0.9814907453726863 0.02745167785201344 
0.9819909954977488 0.027120660343860403 
0.9824912456228113 0.02676000036947627 
0.9829914957478738 0.026369822458106904 
0.9834917458729364 0.025950301106524572 
0.9839919959979989 0.025501660802776716 
0.9844922461230614 0.025024175942551453 
0.984992496248124 0.024518170638158338 
0.9854927463731865 0.023984018420378582 
0.985992996498249 0.023422141833693885 
0.9864932466233116 0.022833011925661284 
0.9869934967483741 0.02221714763144697 
0.9874937468734366 0.021575115054771915 
0.9879939969984992 0.020907526646778515 
0.9884942471235617 0.020215040284535704 
0.9889944972486242 0.01949835825116585 
0.9894947473736868 0.018758226119758133 
0.9899949974987493 0.017995431543497656 
0.9904952476238118 0.01721080295460561 
0.9909954977488744 0.01640520817492088 
0.9914957478739369 0.01557955294113521 
0.9919959979989994 0.014734779347888062 
0.992496248124062 0.013871864212098987 
0.9929964982491245 0.012991817362104661 
0.993496748374187 0.012095679855308173 
0.9939969984992496 0.011184522128223155 
0.9944972486243121 0.010259442082923849 
0.9949974987493746 0.009321563114070876 
0.9954977488744371 0.008372032080774456 
0.9959979989994997 0.00741201722771214 
0.9964982491245622 0.0064427060599996635 
0.9969984992496247 0.0054653031764197975 
0.9974987493746873 0.004481028065700058 
0.9979989994997498 0.0034911128706131608 
0.9984992496248123 0.0024968001247302253 
0.9989994997498749 0.0014993404667282546 
0.9994997498749374 0.0004999903371805174 
1.0 -0.0004999903371798629 
