xdata ydata 
0.0 0.004475727474284364 
0.0005002501250625312 0.004476108562488865 
0.0010005002501250625 0.004476870387628856 
0.0015007503751875936 0.0044780122476477694 
0.002001000500250125 0.004479533090663672 
0.0025012506253126563 0.004481431516410255 
0.003001500750375187 0.004483705778154971 
0.0035017508754377185 0.00448635378508885 
0.00400200100050025 0.004489373105185657 
0.004502251125562781 0.004492760968524791 
0.0050025012506253125 0.004496514271071608 
0.005502751375687844 0.0045006295789075555 
0.006003001500750374 0.004505103132906185 
0.006503251625812906 0.004509930853840574 
0.007003501750875437 0.004515108347919528 
0.007503751875937968 0.004520630912739011 
0.0080040020010005 0.004526493543637005 
0.00850425212606303 0.004532690940445622 
0.009004502251125562 0.004539217514622607 
0.009504752376188093 0.004546067396753872 
0.010005002501250625 0.004553234444411416 
0.010505252626313155 0.004560712250353574 
0.011005502751375688 0.004568494151053231 
0.011505752876438218 0.004576573235539069 
0.012006003001500749 0.004584942354532768 
0.01250625312656328 0.004593594129869056 
0.013006503251625811 0.004602520964178663 
0.013506753376688344 0.004611715050820404 
0.014007003501750874 0.004621168384043353 
0.014507253626813406 0.004630872769360803 
0.015007503751875937 0.0046408198341197915 
0.015507753876938469 0.004651001038247677 
0.016008004002001 0.00466140768515513 
0.01650825412706353 0.0046720309327793405 
0.01700850425212606 0.004682861804747976 
0.017508754377188594 0.004693891201643013 
0.018009004502251125 0.004705109912348465 
0.018509254627313655 0.004716508625459608 
0.019009504752376186 0.004728077940737124 
0.01950975487743872 0.004739808380585206 
0.02001000500250125 0.004751690401535553 
0.02051025512756378 0.004763714405717901 
0.02101050525262631 0.004775870752297858 
0.02151075537768884 0.004788149768864262 
0.022011005502751375 0.004800541762746515 
0.022511255627813906 0.004813037032244677 
0.023011505752876436 0.004825625877753028 
0.023511755877938967 0.0048382986127611756 
0.024012006003001497 0.004851045574714665 
0.02451225612806403 0.004863857135716727 
0.02501250625312656 0.004876723713057827 
0.025512756378189092 0.004889635779554537 
0.026013006503251623 0.00490258387368222 
0.026513256628314157 0.004915558609489005 
0.027013506753376687 0.004928550686273 
0.027513756878439218 0.0049415508980122725 
0.028014007003501748 0.004954550142531798 
0.02851425712856428 0.004967539430395919 
0.029014507253626812 0.004980509893514361 
0.029514757378689343 0.0049934527934495775 
0.030015007503751873 0.00500635952941623 
0.030515257628814404 0.005019221645960633 
0.031015507753876938 0.005032030840313752 
0.03151575787893947 0.005044778969406175 
0.032016008004002 0.005057458056540047 
0.03251625812906453 0.005070060297709523 
0.03301650825412706 0.005082578067562848 
0.03351675837918959 0.005095003925002528 
0.03401700850425212 0.005107330618417806 
0.03451725862931466 0.005119551090544748 
0.03501750875437719 0.005131658482952637 
0.03551775887943972 0.00514364614015321 
0.03601800900450225 0.0051555076133308 
0.03651825912956478 0.0051672366636943984 
0.03701850925462731 0.005178827265449287 
0.03751875937968984 0.005190273608391207 
0.03801900950475237 0.005201570100122879 
0.0385192596298149 0.005212711367896701 
0.03901950975487744 0.0052236922600854595 
0.03951975987993997 0.005234507847285095 
0.0400200100050025 0.005245153423054415 
0.04052026013006503 0.005255624504296427 
0.04102051025512756 0.005265916831287822 
0.04152076038019009 0.0052760263673613285 
0.04202101050525262 0.005285949298250244 
0.04252126063031515 0.005295682031101119 
0.04302151075537768 0.005305221193163988 
0.04352176088044022 0.005314563630167998 
0.04402201100550275 0.00532370640439235 
0.04452226113056528 0.005332646792441802 
0.04502251125562781 0.005341382282738252 
0.04552276138069034 0.005349910572737073 
0.04602301150575287 0.005358229565881318 
0.0465232616308154 0.005366337368304185 
0.047023511755877934 0.0053742322852910205 
0.047523761880940464 0.0053819128175151875 
0.048024012006002995 0.005389377657056861 
0.04852426213106553 0.005396625683220387 
0.04902451225612806 0.005403655958161537 
0.04952476238119059 0.005410467722337815 
0.05002501250625312 0.005417060389794403 
0.050525262631315654 0.005423433543300545 
0.051025512756378184 0.005429586929347949 
0.051525762881440715 0.0054355204530253535 
0.052026013006503245 0.005441234172782029 
0.052526263131565776 0.005446728295094417 
0.05302651325662831 0.005452003169048072 
0.053526763381690844 0.005457059280848341 
0.054027013506753374 0.005461897248272693 
0.054527263631815905 0.00546651781507829 
0.055027513756878435 0.00547092184537566 
0.055527763881940966 0.005475110317982133 
0.056028014007003496 0.005479084320767816 
0.056528264132066026 0.005482845045003465 
0.05702851425712856 0.005486393779724684 
0.057528764382191094 0.005489731906121378 
0.058029014507253625 0.005492860891965013 
0.058529264632316155 0.005495782286083433 
0.059029514757378686 0.005498497712892777 
0.059529764882441216 0.005501008866997505 
0.06003001500750375 0.005503317507866882 
0.06053026513256628 0.005505425454597392 
0.06103051525762881 0.005507334580768661 
0.06153076538269134 0.0055090468094017245 
0.062031015507753876 0.005510564108026603 
0.0625312656328164 0.0055118884838664 
0.06303151575787894 0.0055130219791437686 
0.06353176588294146 0.005513966666517651 
0.064032016008004 0.0055147246446523935 
0.06453226613306653 0.005515298033928184 
0.06503251625812906 0.005515688972294397 
0.0655327663831916 0.005515899611270901 
0.06603301650825412 0.005515932112100734 
0.06653326663331666 0.005515788642057926 
0.06703351675837918 0.005515471370910566 
0.06753376688344172 0.005514982467544653 
0.06803401700850424 0.0055143240967468745 
0.06853426713356678 0.005513498416150096 
0.06903451725862932 0.005512507573339773 
0.06953476738369184 0.005511353703123301 
0.07003501750875438 0.005510038924961838 
0.0705352676338169 0.005508565340562599 
0.07103551775887944 0.005506935031631462 
0.07153576788394196 0.005505150057785683 
0.0720360180090045 0.005503212454621402 
0.07253626813406702 0.005501124231938144 
0.07303651825912956 0.005498887372113709 
0.0735367683841921 0.005496503828629584 
0.07403701850925462 0.005493975524742409 
0.07453726863431716 0.0054913043522979745 
0.07503751875937968 0.005488492170684342 
0.07553776888444222 0.005485540805921305 
0.07603801900950474 0.005482452049878783 
0.07653826913456728 0.00547922765962528 
0.0770385192596298 0.005475869356895493 
0.07753876938469234 0.00547237882767758 
0.07803901950975488 0.00546875772191338 
0.0785392696348174 0.005465007653305565 
0.07903951975987994 0.005461130199229683 
0.07953976988494246 0.005457126900742885 
0.080040020010005 0.005452999262686734 
0.08054027013506752 0.005448748753877642 
0.08104052026013006 0.005444376807380194 
0.08154077038519258 0.00543988482085874 
0.08204102051025512 0.005435274157001682 
0.08254127063531766 0.005430546144012568 
0.08304152076038018 0.0054257020761662705 
0.08354177088544272 0.005420743214420349 
0.08404202101050524 0.005415670787082236 
0.08454227113556778 0.005410485990523127 
0.0850425212606303 0.005405189989936453 
0.08554277138569284 0.005399783920136288 
0.08604302151075537 0.005394268886390337 
0.0865432716358179 0.0053886459652847905 
0.08704352176088044 0.005382916205615677 
0.08754377188594296 0.0053770806293038905 
0.0880440220110055 0.005371140232329859 
0.08854427213606803 0.005365095985685085 
0.08904452226113056 0.005358948836335547 
0.08954477238619309 0.005352699708195893 
0.09004502251125562 0.005346349503111133 
0.09054527263631815 0.005339899101841095 
0.09104552276138068 0.005333349365049196 
0.09154577288644322 0.005326701134287765 
0.09204602301150575 0.0053199552329843474 
0.09254627313656828 0.0053131124674206925 
0.0930465232616308 0.005306173627707369 
0.09354677338669334 0.005299139488749895 
0.09404702351175587 0.005292010811206434 
0.0945472736368184 0.00528478834243528 
0.09504752376188093 0.005277472817430231 
0.09554777388694347 0.0052700649597457625 
0.09604802401200599 0.0052625654824078 
0.09654827413706853 0.0052549750888126546 
0.09704852426213106 0.0052472944736114135 
0.09754877438719359 0.005239524323580782 
0.09804902451225612 0.005231665318480723 
0.09854927463731865 0.005223718131896896 
0.09904952476238119 0.005215683432070283 
0.09954977488744371 0.005207561882712268 
0.10005002501250625 0.005199354143807468 
0.10055027513756877 0.005191060872402766 
0.10105052526263131 0.005182682723383267 
0.10155077538769385 0.005174220350237772 
0.10205102551275637 0.005165674405810553 
0.1025512756378189 0.00515704554304434 
0.10305152576288143 0.005148334415711001 
0.10355177588794397 0.005139541679133656 
0.10405202601300649 0.005130667990898909 
0.10455227613806903 0.00512171401156078 
0.10505252626313155 0.005112680405336602 
0.10555277638819409 0.0051035678407960255 
0.10605302651325663 0.005094376991542065 
0.10655327663831915 0.005085108536887295 
0.10705352676338169 0.005075763162523546 
0.10755377688844421 0.005066341561185833 
0.10805402701350675 0.005056844433312854 
0.10855427713856927 0.00504727248770094 
0.10905452726363181 0.005037626442155462 
0.10955477738869433 0.005027907024137255 
0.11005502751375687 0.005018114971405868 
0.11055527763881941 0.005008251032657092 
0.11105552776388193 0.0049983159681594655 
0.11155577788894447 0.004988310550384494 
0.11205602801400699 0.004978235564633466 
0.11255627813906953 0.004968091809660943 
0.11305652826413205 0.004957880098291698 
0.11355677838919459 0.004947601258034143 
0.11405702851425711 0.004937256131687501 
0.11455727863931965 0.004926845577943705 
0.11505752876438219 0.004916370471980586 
0.11555777888944471 0.004905831706050791 
0.11605802901450725 0.0048952301900587365 
0.11655827913956977 0.004884566852132793 
0.11705852926463231 0.0048738426391836025 
0.11755877938969483 0.004863058517454282 
0.11805902951475737 0.0048522154730576104 
0.1185592796398199 0.004841314512500625 
0.11905952976488243 0.004830356663195077 
0.11955977988994497 0.004819342973953357 
0.1200600300150075 0.004808274515467725 
0.12056028014007003 0.004797152380771958 
0.12106053026513255 0.004785977685685126 
0.12156078039019509 0.004774751569235523 
0.12206103051525762 0.00476347519406313 
0.12256128064032015 0.004752149746800343 
0.12306153076538268 0.00474077643842939 
0.12356178089044521 0.004729356504615287 
0.12406203101550775 0.004717891206013289 
0.12456228114057027 0.004706381828549639 
0.1250625312656328 0.004694829683674665 
0.12556278139069535 0.00468323610858668 
0.12606303151575787 0.004671602466426846 
0.1265632816408204 0.004659930146443226 
0.12706353176588292 0.004648220564123049 
0.12756378189094547 0.004636475161292987 
0.128064032016008 0.004624695406186418 
0.12856428214107052 0.00461288279347779 
0.12906453226613307 0.004601038844281306 
0.1295647823911956 0.004589165106116736 
0.13006503251625812 0.004577263152839353 
0.13056528264132064 0.00456533458453468 
0.1310655327663832 0.004553381027378689 
0.13156578289144572 0.0045414041334610415 
0.13206603301650824 0.004529405580574696 
0.13256628314157076 0.004517387071968456 
0.1330665332666333 0.004505350336065987 
0.13356678339169584 0.004493297126148805 
0.13406703351675836 0.004481229220005911 
0.1345672836418209 0.004469148419549262 
0.13506753376688344 0.004457056550395997 
0.13556778389194596 0.004444955461418667 
0.13606803401700848 0.004432847024263658 
0.13656828414207103 0.004420733132839307 
0.13706853426713356 0.004408615702774546 
0.13756878439219608 0.004396496670848173 
0.13806903451725863 0.004384377994393621 
0.13856928464232116 0.004372261650674741 
0.13906953476738368 0.004360149636239225 
0.1395697848924462 0.004348043966248684 
0.14007003501750875 0.004335946673787236 
0.14057028514257128 0.004323859809150846 
0.1410705352676338 0.004311785439118097 
0.14157078539269632 0.004299725646205174 
0.14207103551775888 0.004287682527906436 
0.1425712856428214 0.004275658195922387 
0.14307153576788392 0.004263654775377385 
0.14357178589294647 0.00425167440402787 
0.144072036018009 0.004239719231465068 
0.14457228614307152 0.0042277914183127445 
0.14507253626813404 0.004215893135421537 
0.1455727863931966 0.004204026563064069 
0.14607303651825912 0.00419219389013096 
0.14657328664332164 0.004180397313330065 
0.1470735367683842 0.0041686390363922824 
0.14757378689344672 0.004156921269284339 
0.14807403701850924 0.004145246227432289 
0.14857428714357176 0.004133616130954887 
0.14907453726863432 0.004122033203913616 
0.14957478739369684 0.004110499673575687 
0.15007503751875936 0.004099017769696449 
0.1505752876438219 0.00408758972382098 
0.15107553776888444 0.004076217768606067 
0.15157578789394696 0.004064904137167095 
0.15207603801900949 0.004053651062448626 
0.15257628814407204 0.004042460776621946 
0.15307653826913456 0.004031335510510602 
0.15357678839419708 0.004020277493045974 
0.1540770385192596 0.0040092889507536865 
0.15457728864432216 0.003998372107273224 
0.15507753876938468 0.003987529182910585 
0.1555777888944472 0.003976762394227138 
0.15607803901950976 0.003966073953664065 
0.15657828914457228 0.003955466069204125 
0.1570785392696348 0.003944940944072988 
0.15757878939469733 0.003934500776478568 
0.15807903951975988 0.0039241477593913755 
0.1585792896448224 0.0039138840803657595 
0.15907953976988493 0.0039037119214025816 
0.15957978989494745 0.0038936334588536748 
0.16008004002001 0.00388365086337088 
0.16058029014507252 0.003873766299895585 
0.16108054027013505 0.0038639819276940087 
0.1615807903951976 0.0038542999004349174 
0.16208104052026012 0.003844722366312323 
0.16258129064532265 0.0038352514682109136 
0.16308154077038517 0.0038258893439173623 
0.16358179089544772 0.0038166381263742837 
0.16408204102051024 0.0038074999439789087 
0.16458229114557277 0.003798476920925207 
0.16508254127063532 0.0037895711775901685 
0.16558279139569784 0.0037807848309626343 
0.16608304152076037 0.0037721199951159428 
0.1665832916458229 0.003763578781722777 
0.16708354177088544 0.003755163300611737 
0.16758379189594796 0.0037468756603665308 
0.1680840420210105 0.0037387179689656437 
0.168584292146073 0.003730692334462718 
0.16908454227113556 0.0037228008657069094 
0.1695847923961981 0.0037150456731028267 
0.1700850425212606 0.0037074288694084975 
0.17058529264632316 0.0036999525705723713 
0.17108554277138568 0.0036926188966066873 
0.1715857928964482 0.003685429972498159 
0.17208604302151073 0.0036783879291538276 
0.17258629314657328 0.0036714949043826985 
0.1730865432716358 0.0036647530439116475 
0.17358679339669833 0.003658164502434674 
0.17408704352176088 0.003651731444695681 
0.1745872936468234 0.003645456046602393 
0.17508754377188593 0.003639340496373767 
0.17558779389694845 0.003633386995715631 
0.176088044022011 0.0036275977610287268 
0.17658829414707353 0.0036219750246451908 
0.17708854427213605 0.0036165210360930566 
0.17758879439719857 0.0036112380633909944 
0.17808904452226113 0.0036061283943686208 
0.17858929464732365 0.0036011943380148204 
0.17908954477238617 0.00359643822585247 
0.17958979489744872 0.003591862413339148 
0.18009004502251125 0.0035874692812925503 
0.18059029514757377 0.003583261237342816 
0.1810905452726363 0.003579240717406845 
0.18159079539769885 0.0035754101871894595 
0.18209104552276137 0.0035717721437072214 
0.1825912956478239 0.0035683291168355073 
0.18309154577288644 0.0035650836708807634 
0.18359179589794897 0.0035620384061736876 
0.1840920460230115 0.003559195960687357 
0.18459229614807401 0.0035565590116775434 
0.18509254627313657 0.003554130277344874 
0.1855927963981991 0.0035519125185223157 
0.1860930465232616 0.0035499085403824368 
0.18659329664832414 0.0035481211941698417 
0.1870935467733867 0.003546553378954604 
0.1875937968984492 0.003545208043410433 
0.18809404702351173 0.003544088187614162 
0.18859429714857429 0.0035431968648700738 
0.1890945472736368 0.003542537183556353 
0.18959479739869933 0.003542112308996564 
0.19009504752376186 0.003541925465353515 
0.1905952976488244 0.0035419799375483625 
0.19109554777388693 0.003542279073204597 
0.19159579789894945 0.0035428262846162423 
0.19209604802401198 0.003543625050740468 
0.19259629814907453 0.0035446789192179846 
0.19309654827413705 0.0035459915084178778 
0.19359679839919958 0.0035475665095091318 
0.19409704852426213 0.0035494076885586056 
0.19459729864932465 0.0035515188886578956 
0.19509754877438718 0.0035539040320755493 
0.1955977988994497 0.0035565671224400543 
0.19609804902451225 0.003559512246948197 
0.19659829914957477 0.003562743578606376 
0.1970985492746373 0.0035662653784978653 
0.19759879939969985 0.0035700819980823396 
0.19809904952476237 0.003574197881524821 
0.1985992996498249 0.003578617568055368 
0.19909954977488742 0.003583345694361005 
0.19959979989994997 0.0035883869970081647 
0.2001000500250125 0.0035937463148969 
0.20060030015007502 0.003599428591749973 
0.20110055027513754 0.0036054388786312588 
0.2016008004002001 0.003611782336500285 
0.20210105052526262 0.0036184642387979767 
0.20260130065032514 0.0036254899740680133 
0.2031015507753877 0.0036328650486103205 
0.2036018009004502 0.0036405950891706955 
0.20410205102551274 0.0036486858456629603 
0.20460230115057526 0.0036571431939274026 
0.2051025512756378 0.0036659731385226156 
0.20560280140070034 0.0036751818155531983 
0.20610305152576286 0.0036847754955319813 
0.2066033016508254 0.0036947605862771987 
0.20710355177588793 0.0037051436358446345 
0.20760380190095046 0.003715931335494604 
0.20810405202601298 0.0037271305226944836 
0.20860430215107553 0.003738748184155857 
0.20910455227613806 0.0037507914589048723 
0.20960480240120058 0.003763267641389438 
0.2101050525262631 0.003776184184618863 
0.21060530265132565 0.0037895487033387325 
0.21110555277638818 0.0038033689772386833 
0.2116058029014507 0.003817652954193946 
0.21210605302651325 0.003832408753539624 
0.21260630315157578 0.0038476446693788574 
0.2131065532766383 0.003863369173921712 
0.21360680340170082 0.0038795909208568327 
0.21410705352676337 0.0038963187487541474 
0.2146073036518259 0.003913561684498851 
0.21510755377688842 0.003931328946754599 
0.21560780390195097 0.003949629949458102 
0.2161080540270135 0.003968474305341551 
0.21660830415207602 0.003987871829484136 
0.21710855427713854 0.004007832542891472 
0.2176088044022011 0.004028366676102769 
0.21810905452726362 0.0040494846728232345 
0.21860930465232614 0.00407119719358496 
0.21910955477738867 0.004093515119430067 
0.21960980490245122 0.004116449555620892 
0.22011005502751374 0.004140011835373555 
0.22061030515257626 0.0041642135236138154 
0.22111055527763882 0.004189066420755824 
0.22161080540270134 0.0042145825665038895 
0.22211105552776386 0.004240774243673238 
0.22261130565282639 0.00426765398203349 
0.22311155577788894 0.004295234562169776 
0.22361180590295146 0.0043235290193642615 
0.22411205602801398 0.004352550647495193 
0.22461230615307654 0.004382313002954911 
0.22511255627813906 0.004412829908582763 
0.22561280640320158 0.004444115457616732 
0.2261130565282641 0.004476184017659433 
0.22661330665332666 0.0045090502346600125 
0.22711355677838918 0.004542729036910021 
0.2276138069034517 0.004577235639054093 
0.22811405702851423 0.004612585546114198 
0.22861430715357678 0.0046487945575259815 
0.2291145572786393 0.004685878771188659 
0.22961480740370183 0.004723854587527209 
0.23011505752876438 0.004762738713564769 
0.2306153076538269 0.004802548167008077 
0.23111555777888942 0.00484330028034281 
0.23161580790395195 0.004885012704939785 
0.2321160580290145 0.004927703415170641 
0.23261630815407702 0.004971390712535025 
0.23311655827913955 0.005016093229794861 
0.2336168084042021 0.005061829935121132 
0.23411705852926462 0.005108620136246408 
0.23461730865432714 0.005156483484628165 
0.23511755877938967 0.005205439979620593 
0.23561780890445222 0.005255509972653791 
0.23611805902951474 0.005306714171421805 
0.23661830915457727 0.005359073644078533 
0.2371185592796398 0.005412609823440687 
0.23761880940470234 0.00546734451119962 
0.23811905952976486 0.005523299882138804 
0.2386193096548274 0.005580498488359776 
0.23911955977988994 0.005638963263513504 
0.23961980990495246 0.005698717527039877 
0.240120060030015 0.005759784988412878 
0.2406203101550775 0.005822189751390208 
0.24112056028014006 0.005885956318272117 
0.24162081040520259 0.005951109594161315 
0.2421210605302651 0.00601767489123142 
0.24262131065532766 0.006085677932997075 
0.24312156078039018 0.006155144858590249 
0.2436218109054527 0.006226102227037833 
0.24412206103051523 0.0062985770215438315 
0.24462231115557778 0.006372596653772146 
0.2451225612806403 0.006448188968131313 
0.24562281140570283 0.006525382246060494 
0.24612306153076535 0.006604205210312356 
0.2466233116558279 0.0066846870292378655 
0.24712356178089043 0.006766857321066461 
0.24762381190595295 0.006850746158182705 
0.2481240620310155 0.006936384071398206 
0.24862431215607803 0.007023802054217161 
0.24912456228114055 0.007113031567093609 
0.24962481240620307 0.007204104541679745 
0.2501250625312656 0.0072970533850624545 
0.25062531265632815 0.007391910983986481 
0.2511255627813907 0.007488710709063963 
0.2516258129064532 0.007587486418964579 
0.25212606303151575 0.00768827246458888 
0.2526263131565783 0.007791103693217412 
0.2531265632816408 0.007896015452638188 
0.25362681340670334 0.00800304359524554 
0.25412706353176584 0.00811222448210987 
0.2546273136568284 0.008223594987016667 
0.25512756378189094 0.008337192500468216 
0.25562781390695344 0.008453054933647902 
0.256128064032016 0.00857122072234319 
0.25662831415707854 0.008691728830824261 
0.25712856428214104 0.00881461875567194 
0.2576288144072036 0.008939930529556852 
0.25812906453226614 0.00906770472496151 
0.25862931465732864 0.009197982457842062 
0.2591295647823912 0.009330805391228936 
0.2596298149074537 0.00946621573875874 
0.26013006503251623 0.009604256268135535 
0.2606303151575788 0.009744970304516676 
0.2611305652826413 0.009888401733818088 
0.26163081540770383 0.01003459500593739 
0.2621310655327664 0.010183595137886817 
0.2626313156578289 0.010335447716834563 
0.26313156578289143 0.010490198903048156 
0.263631815907954 0.010647895432737394 
0.2641320660330165 0.010808584620789147 
0.26463231615807903 0.010972314363392974 
0.2651325662831415 0.011139133140550915 
0.2656328164082041 0.011309090018467393 
0.2661330665332666 0.011482234651814468 
0.2666333166583291 0.011658617285869118 
0.2671335667833917 0.01183828875851606 
0.2676338169084542 0.012021300502113355 
0.2681340670335167 0.012207704545216155 
0.26863431715857927 0.012397553514153963 
0.2691345672836418 0.012590900634456339 
0.2696348174087043 0.012787799732125448 
0.27013506753376687 0.01298830523474872 
0.2706353176588294 0.013192472172449649 
0.2711355677838919 0.013400356178671144 
0.27163581790895447 0.013612013490790572 
0.27213606803401696 0.013827500950559747 
0.2726363181590795 0.014046876004368419 
0.27313656828414207 0.014270196703328766 
0.27363681840920456 0.014497521703175524 
0.2741370685342671 0.014728910263982301 
0.27463731865932967 0.014964422249686268 
0.27513756878439216 0.015204118127426457 
0.2756378189094547 0.015448058966685446 
0.27613806903451726 0.01569630643823776 
0.27663831915957976 0.015948922812901417 
0.2771385692846423 0.01620597096009186 
0.2776388194097048 0.016467514346175043 
0.27813906953476736 0.01673361703262144 
0.2786393196598299 0.017004343673957648 
0.2791395697848924 0.017279759515517648 
0.27963981990995496 0.017559930390988934 
0.2801400700350175 0.017844922719760604 
0.28064032016008 0.01813480350406548 
0.28114057028514255 0.018429640325922602 
0.2816408204102051 0.018729501343878772 
0.2821410705352676 0.019034455289549092 
0.28264132066033015 0.01934457146395965 
0.28314157078539265 0.01965991973369143 
0.2836418209104552 0.019980570526829815 
0.28414207103551775 0.020306594828719486 
0.28464232116058025 0.02063806417752639 
0.2851425712856428 0.02097505065961167 
0.28564282141070535 0.021317626904718116 
0.28614307153576785 0.021665866080970583 
0.2866433216608304 0.022019841889697005 
0.28714357178589295 0.022379628560069656 
0.28764382191095544 0.022745300843571025 
0.288144072036018 0.023116934008288303 
0.28864432216108055 0.023494603833039345 
0.28914457228614304 0.023878386601333644 
0.2896448224112056 0.024268359095172304 
0.2901450725362681 0.024664598588691286 
0.29064532266133064 0.02506718284165073 
0.2911455727863932 0.02547619009277594 
0.2916458229114557 0.025891699052952598 
0.29214607303651824 0.02631378889828124 
0.2926463231615808 0.02674253926299563 
0.2931465732866433 0.02717803023224671 
0.29364682341170584 0.02762034233476017 
0.2941470735367684 0.028069556535368117 
0.2946473236618309 0.02852575422742084 
0.29514757378689344 0.0289890172250832 
0.29564782391195593 0.02945942775551696 
0.2961480740370185 0.02993706845095631 
0.29664832416208103 0.03042202234067817 
0.29714857428714353 0.030914372842871348 
0.2976488244122061 0.03141420375640853 
0.29814907453726863 0.03192159925252414 
0.29864932466233113 0.03243664386640052 
0.2991495747873937 0.03295942248866819 
0.29964982491245623 0.03349002035681908 
0.3001500750375187 0.034028523046538244 
0.3006503251625813 0.03457501646295562 
0.3011505752876438 0.03512958683182063 
0.3016508254127063 0.035692320690599216 
0.3021510755377689 0.03626330487949921 
0.30265132566283137 0.03684262653242107 
0.3031515757878939 0.03743037306783741 
0.3036518259129565 0.03802663217960471 
0.30415207603801897 0.03863149182769971 
0.3046523261630815 0.03924504022889255 
0.3051525762881441 0.03986736584734504 
0.30565282641320657 0.04049855738514372 
0.3061530765382691 0.041138703772758585 
0.30665332666333167 0.04178789415943376 
0.30715357678839417 0.042446217903505126 
0.3076538269134567 0.04311376456264371 
0.3081540770385192 0.04379062388402434 
0.30865432716358177 0.044476885794417144 
0.3091545772886443 0.04517264039019978 
0.3096548274137068 0.04587797792728584 
0.31015507753876936 0.04659298881097055 
0.3106553276638319 0.047317763585686755 
0.3111555777888944 0.04805239292467033 
0.31165582791395696 0.048796967619529084 
0.3121560780390195 0.04955157856971517 
0.312656328164082 0.05031631677189165 
0.31315657828914456 0.05109127330919351 
0.31365682841420706 0.05187653934037557 
0.3141570785392696 0.052672206088844396 
0.31465732866433216 0.05347836483156892 
0.31515757878939465 0.05429510688786214 
0.3156578289144572 0.0551225236080344 
0.31615807903951976 0.05596070636190639 
0.31665832916458225 0.056809746527180606 
0.3171585792896448 0.0576697354776644 
0.31765882941470736 0.058540764571338715 
0.31815907953976985 0.059422925138267524 
0.3186593296648324 0.060316308468340185 
0.3191595797898949 0.06122100579884526 
0.31965982991495745 0.06213710830186318 
0.32016008004002 0.06306470707148006 
0.3206603301650825 0.0640038931108093 
0.32116058029014505 0.06495475731882068 
0.3216608304152076 0.06591739047696758 
0.3221610805402701 0.06689188323561004 
0.32266133066533265 0.0678783261002251 
0.3231615807903952 0.06887680941740132 
0.3236618309154577 0.0698874233606103 
0.32416208104052024 0.0709102579157519 
0.32466233116558274 0.0719454028664682 
0.3251625812906453 0.07299294777921861 
0.32566283141570784 0.07405298198811601 
0.32616308154077034 0.07512559457951665 
0.3266633316658329 0.07621087437635962 
0.32716358179089544 0.07730890992225524 
0.32766383191595794 0.07841978946531386 
0.3281640820410205 0.07954360094171736 
0.32866433216608304 0.08068043195902558 
0.32916458229114554 0.08183036977921841 
0.3296648324162081 0.08299350130146897 
0.33016508254127064 0.08416991304464813 
0.33066533266633313 0.08535969112955584 
0.3311655827913957 0.08656292126088093 
0.3316658329164582 0.08777968870888636 
0.33216608304152073 0.08901007829081921 
0.3326663331665833 0.09025417435204874 
0.3331665832916458 0.09151206074692571 
0.33366683341670833 0.09278382081937046 
0.3341670835417709 0.09406953738318821 
0.3346673336668334 0.09536929270210862 
0.33516758379189593 0.09668316846955877 
0.3356678339169585 0.09801124578816613 
0.336168084042021 0.0993536051489956 
0.3366683341670835 0.10071032641052123 
0.337168584292146 0.10208148877734209 
0.3376688344172086 0.10346717077863612 
0.3381690845422711 0.10486745024636497 
0.3386693346673336 0.10628240429322612 
0.3391695847923962 0.10771210929036489 
0.3396698349174587 0.10915664084484292 
0.3401700850425212 0.11061607377687473 
0.34067033516758377 0.11209048209683296 
0.3411705852926463 0.11357993898203365 
0.3416708354177088 0.11508451675330077 
0.34217108554277137 0.11660428685132214 
0.34267133566783387 0.11813931981280153 
0.3431715857928964 0.1196896852464113 
0.34367183591795897 0.1212554518085573 
0.34417208604302146 0.12283668717895942 
0.344672336168084 0.12443345803605833 
0.34517258629314657 0.12604583003225456 
0.34567283641820906 0.1276738677689864 
0.3461730865432716 0.1293176347716604 
0.34667333666833416 0.13097719346443687 
0.34717358679339666 0.13265260514488064 
0.3476738369184592 0.13434392995848798 
0.34817408704352176 0.13605122687309779 
0.34867433716858426 0.1377745536531904 
0.3491745872936468 0.1395139668340932 
0.3496748374187093 0.14126952169609305 
0.35017508754377186 0.14304127223846977 
0.3506753376688344 0.14482927115345748 
0.3511755877938969 0.14663356980014425 
0.35167583791895946 0.14845421817831936 
0.352176088044022 0.15029126490227693 
0.3526763381690845 0.15214475717458517 
0.35317658829414705 0.1540147407598304 
0.3536768384192096 0.15590125995834814 
0.3541770885442721 0.1578043575799429 
0.35467733866933465 0.15972407491761734 
0.35517758879439715 0.1616604517213087 
0.3556778389194597 0.16361352617164665 
0.35617808904452225 0.16558333485374666 
0.35667833916958475 0.16756991273103503 
0.3571785892946473 0.16957329311912878 
0.35767883941970985 0.17159350765976814 
0.35817908954477234 0.17363058629481729 
0.3586793396698349 0.1756845572403375 
0.35917958979489745 0.17775544696074605 
0.35967983991995994 0.17984328014306217 
0.3601800900450225 0.1819480796712557 
0.360680340170085 0.18406986660070365 
0.36118059029514754 0.18620866013275952 
0.3616808404202101 0.18836447758944977 
0.3621810905452726 0.19053733438829884 
0.36268134067033514 0.19272724401729602 
0.3631815907953977 0.1949342180100075 
0.3636818409204602 0.19715826592084265 
0.36418209104552274 0.1993993953004824 
0.3646823411705853 0.20165761167147808 
0.3651825912956478 0.20393291850402193 
0.36568284142071034 0.2062253171919051 
0.3661830915457729 0.20853480702866495 
0.3666833416708354 0.21086138518392428 
0.36718359179589793 0.2132050466799426 
0.36768384192096043 0.215565784368369 
0.368184092046023 0.21794358890721763 
0.36868434217108553 0.22033844873806332 
0.36918459229614803 0.22275035006346855 
0.3696848424212106 0.22517927682464475 
0.37018509254627313 0.2276252106793579 
0.3706853426713356 0.23008813098008088 
0.3711855927963982 0.23256801475240033 
0.37168584292146073 0.2350648366736877 
0.3721860930465232 0.2375785690520315 
0.3726863431715858 0.24010918180544943 
0.3731865932966483 0.2426566424413738 
0.3736868434217108 0.24522091603642604 
0.3741870935467734 0.24780196521648154 
0.37468734367183587 0.25039975013703125 
0.3751875937968984 0.2530142284638483 
0.375687843921961 0.25564535535396343 
0.37618809404702347 0.2582930834369572 
0.376688344172086 0.2609573627965723 
0.37718859429714857 0.26363814095265864 
0.37768884442221107 0.2663353628434473 
0.3781890945472736 0.26904897080817075 
0.3786893446723361 0.2717789045700286 
0.37918959479739867 0.274525101219504 
0.3796898449224612 0.277287495198048 
0.3801900950475237 0.28006601828212246 
0.38069034517258626 0.28286059956762305 
0.3811905952976488 0.28567116545468046 
0.3816908454227113 0.2884976396328468 
0.38219109554777386 0.2913399430666799 
0.3826913456728364 0.29419799398172664 
0.3831915957978989 0.29707170785091513 
0.38369184592296146 0.2999609973813613 
0.38419209604802396 0.30286577250160013 
0.3846923461730865 0.3057859403492445 
0.38519259629814906 0.30872140525908376 
0.38569284642321155 0.3116720687516238 
0.3861930965482741 0.31463782952208386 
0.38669334667333666 0.31761858342984994 
0.38719359679839915 0.3206142234883958 
0.3876938469234617 0.3236246398556827 
0.38819409704852426 0.32664971982503854 
0.38869434717358675 0.32968934781652964 
0.3891945972986493 0.3327434053688314 
0.38969484742371185 0.33581177113160754 
0.39019509754877435 0.33889432085839927 
0.3906953476738369 0.3419909274000447 
0.3911955977988994 0.34510146069862163 
0.39169584792396195 0.34822578778193325 
0.3921960980490245 0.35136377275854214 
0.392696348174087 0.3545152768133543 
0.39319659829914955 0.35768015820377086 
0.3936968484242121 0.3608582722564089 
0.3941970985492746 0.3640494713643978 
0.39469734867433715 0.3672536049852688 
0.3951975987993997 0.37047051963943395 
0.3956978489244622 0.37370005890926716 
0.39619809904952474 0.37694206343879766 
0.39669834917458724 0.38019637093401987 
0.3971985992996498 0.3834628161638257 
0.39769884942471234 0.3867412309615719 
0.39819909954977484 0.39003144422728386 
0.3986993496748374 0.3933332819305076 
0.39919959979989994 0.3966465671138136 
0.39969984992496244 0.39997111989696027 
0.400200100050025 0.4033067574817231 
0.40070035017508754 0.4066532941573984 
0.40120060030015003 0.4100105413069815 
0.4017008504252126 0.41337830741403325 
0.4022011005502751 0.41675639807023435 
0.40270135067533763 0.4201446159836352 
0.4032016008004002 0.42354276098760696 
0.4037018509254627 0.42695063005049694 
0.40420210105052523 0.4303680172859935 
0.4047023511755878 0.43379471396420927 
0.4052026013006503 0.4372305085234748 
0.40570285142571283 0.44067518658286203 
0.4062031015507754 0.44412853095543064 
0.4067033516758379 0.4475903216621986 
0.4072036018009004 0.45106033594684947 
0.407703851925963 0.4545383482911729 
0.4082041020510255 0.458024130431236 
0.408704352176088 0.4615174513742995 
0.4092046023011505 0.46501807741646456 
0.4097048524262131 0.4685257721610677 
0.4102051025512756 0.47204029653781115 
0.4107053526763381 0.47556140882263515 
0.41120560280140067 0.4790888646583325 
0.4117058529264632 0.48262241707590364 
0.4122061030515257 0.4861618165166492 
0.41270635317658827 0.489706810855005 
0.4132066033016508 0.4932571454221119 
0.4137068534267133 0.49681256303012133 
0.41420710355177587 0.5003728039972335 
0.41470735367683836 0.5039376061734703 
0.4152076038019009 0.5075067049671702 
0.41570785392696347 0.5110798333722115 
0.41620810405202596 0.5146567219959556 
0.4167083541770885 0.5182370990879068 
0.41720860430215106 0.5218206905690872 
0.41770885442721356 0.5254072200621163 
0.4182091045522761 0.5289964089219938 
0.41870935467733866 0.5325879762675875 
0.41920960480240116 0.5361816390138032 
0.4197098549274637 0.5397771119044482 
0.4202101050525262 0.5433741075457755 
0.42071035517758876 0.5469723364406958 
0.4212106053026513 0.5505715070236672 
0.4217108554277138 0.5541713256962338 
0.42221110555277636 0.5577714968632272 
0.4227113556778389 0.5613717229696092 
0.4232116058029014 0.5649717045379546 
0.42371185592796395 0.5685711402065612 
0.4242121060530265 0.5721697267681891 
0.424712356178089 0.575767159209405 
0.42521260630315155 0.5793631307505411 
0.4257128564282141 0.5829573328862449 
0.4262131065532766 0.5865494554266185 
0.42671335667833915 0.5901391865389413 
0.42721360680340165 0.5937262127899575 
0.4277138569284642 0.5973102191887278 
0.42821410705352675 0.6008908892300343 
0.42871435717858924 0.6044679049383224 
0.4292146073036518 0.6080409469121834 
0.42971485742871435 0.6116096943693549 
0.43021510755377684 0.6151738251922365 
0.4307153576788394 0.6187330159739082 
0.43121560780390195 0.6222869420646496 
0.43171585792896444 0.6258352776189317 
0.432216108054027 0.6293776956428963 
0.4327163581790895 0.6329138680422903 
0.43321660830415204 0.6364434656708595 
0.4337168584292146 0.6399661583791876 
0.4342171085542771 0.6434816150639656 
0.43471735867933964 0.6469895037176925 
0.4352176088044022 0.650489491478787 
0.4357178589294647 0.653981244682104 
0.43621810905452724 0.6574644289098475 
0.4367183591795898 0.6609387090428688 
0.4372186093046523 0.6644037493123391 
0.43771885942971483 0.6678592133517877 
0.43821910955477733 0.671304764249494 
0.4387193596798399 0.6747400646012275 
0.43921960980490243 0.6781647765633216 
0.43971985992996493 0.6815785619060725 
0.4402201100550275 0.6849810820674539 
0.44072036018009003 0.6883719982071399 
0.4412206103051525 0.6917509712608189 
0.4417208604302151 0.6951176619947967 
0.44222111055527763 0.698471731060877 
0.4427213606803401 0.7018128390515023 
0.4432216108054027 0.7051406465551558 
0.44372186093046523 0.7084548142120098 
0.4442221110555277 0.7117550027698031 
0.4447223611805903 0.7150408731399541 
0.44522261130565277 0.7183120864538824 
0.4457228614307153 0.7215683041195377 
0.4462231115557779 0.7248091878781281 
0.44672336168084037 0.728034399861026 
0.4472236118059029 0.7312436026468568 
0.44772386193096547 0.734436459318746 
0.44822411205602797 0.737612633521721 
0.4487243621810905 0.7407717895202595 
0.44922461230615307 0.7439135922559644 
0.44972486243121557 0.7470377074053647 
0.4502251125562781 0.7501438014378244 
0.4507253626813406 0.7532315416735501 
0.45122561280640316 0.7563005963416867 
0.4517258629314657 0.759350634638491 
0.4522261130565282 0.7623813267855655 
0.45272636318159076 0.7653923440881504 
0.4532266133066533 0.7683833589934517 
0.4537268634317158 0.7713540451489986 
0.45422711355677836 0.7743040774610201 
0.4547273636818409 0.7772331321528217 
0.4552276138069034 0.7801408868231534 
0.45572786393196596 0.7830270205045552 
0.45622811405702846 0.7858912137216704 
0.456728364182091 0.7887331485495052 
0.45722861430715356 0.7915525086716296 
0.45772886443221605 0.7943489794382989 
0.4582291145572786 0.7971222479244872 
0.45872936468234116 0.7998720029878174 
0.45922961480740365 0.802597935326367 
0.4597298649324662 0.8052997375363459 
0.46023011505752875 0.8079771041696232 
0.46073036518259125 0.8106297317910895 
0.4612306153076538 0.8132573190358405 
0.4617308654327163 0.8158595666661694 
0.46223111555777885 0.8184361776283445 
0.4627313656828414 0.8209868571091639 
0.4632316158079039 0.8235113125922664 
0.46373186593296645 0.8260092539141869 
0.464232116058029 0.8284803933201351 
0.4647323661830915 0.8309244455194851 
0.46523261630815405 0.8333411277409537 
0.4657328664332166 0.8357301597874618 
0.4662331165582791 0.8380912640906476 
0.46673336668334164 0.8404241657650254 
0.4672336168084042 0.842728592661771 
0.4677338669334667 0.8450042754221098 
0.46823411705852924 0.8472509475303045 
0.46873436718359174 0.8494683453662082 
0.4692346173086543 0.8516562082573796 
0.46973486743371684 0.8538142785307375 
0.47023511755877934 0.8559423015637362 
0.4707353676838419 0.8580400258350475 
0.47123561780890444 0.8601072029747329 
0.47173586793396693 0.8621435878138852 
0.4722361180590295 0.8641489384337268 
0.47273636818409204 0.8661230162141466 
0.47323661830915453 0.8680655858816566 
0.4737368684342171 0.869976415556757 
0.4742371185592796 0.8718552768006881 
0.47473736868434213 0.8737019446615568 
0.4752376188094047 0.8755161977198209 
0.4757378689344672 0.8772978181331127 
0.47623811905952973 0.8790465916803916 
0.4767383691845923 0.8807623078054088 
0.4772386193096548 0.882444759659466 
0.47773886943471733 0.884093744143457 
0.4782391195597799 0.8857090619491803 
0.4787393696848424 0.8872905175999001 
0.4792396198099049 0.8888379194901547 
0.4797398699349674 0.8903510799247861 
0.48024012006003 0.891829815157189 
0.4807403701850925 0.8932739454267601 
0.481240620310155 0.8946832949955358 
0.48174087043521757 0.8960576921840147 
0.4822411205602801 0.8973969694061392 
0.4827413706853426 0.8987009632034423 
0.48324162081040517 0.8999695142783332 
0.4837418709354677 0.9012024675265263 
0.4842421210605302 0.902399672068592 
0.48474237118559277 0.9035609812806282 
0.4852426213106553 0.9046862528240428 
0.4857428714357178 0.9057753486744307 
0.48624312156078037 0.9068281351495555 
0.48674337168584286 0.9078444829364093 
0.4872436218109054 0.9088242671173542 
0.48774387193596797 0.9097673671953406 
0.48824412206103046 0.9106736671181888 
0.488744372186093 0.9115430553019376 
0.48924462231115556 0.9123754246532477 
0.48974487243621806 0.9131706725908575 
0.4902451225612806 0.9139287010660913 
0.49074537268634316 0.9146494165824094 
0.49124562281140566 0.9153327302140024 
0.4917458729364682 0.9159785576234246 
0.4922461230615307 0.9165868190782648 
0.49274637318659326 0.917157439466851 
0.4932466233116558 0.9176903483129892 
0.4937468734367183 0.9181854797897346 
0.49424712356178085 0.9186427727321956 
0.4947473736868434 0.9190621706493647 
0.4952476238119059 0.9194436217349827 
0.49574787393696845 0.9197870788774352 
0.496248124062031 0.9200924996686752 
0.4967483741870935 0.9203598464121834 
0.49724862431215605 0.9205890861299536 
0.49774887443721855 0.9207801905685241 
0.4982491245622811 0.9209331362040294 
0.49874937468734365 0.9210479042463029 
0.49924962481240615 0.921124480642009 
0.4997498749374687 0.9211628560768237 
0.5002501250625312 0.921163025976653 
0.5007503751875938 0.9211249905079015 
0.5012506253126563 0.9210487545767883 
0.5017508754377188 0.9209343278277147 
0.5022511255627814 0.9207817246406891 
0.5027513756878439 0.9205909641278034 
0.5032516258129064 0.9203620701287804 
0.503751875937969 0.9200950712055763 
0.5042521260630315 0.9197900006360559 
0.504752376188094 0.9194468964067418 
0.5052526263131566 0.9190658012046313 
0.5057528764382191 0.9186467624080997 
0.5062531265632816 0.9181898320768842 
0.5067533766883441 0.9176950669411496 
0.5072536268134067 0.9171625283896533 
0.5077538769384692 0.9165922824569963 
0.5082541270635317 0.915984399809978 
0.5087543771885943 0.9153389557330521 
0.5092546273136568 0.9146560301128871 
0.5097548774387193 0.9139357074220411 
0.5102551275637819 0.9131780767017476 
0.5107553776888444 0.9123832315438253 
0.5112556278139069 0.9115512700717049 
0.5117558779389695 0.9106822949205906 
0.512256128064032 0.9097764132167467 
0.5127563781890945 0.9088337365559276 
0.5132566283141571 0.9078543809809425 
0.5137568784392196 0.9068384669583697 
0.5142571285642821 0.9057861193544198 
0.5147573786893447 0.9046974674099535 
0.5152576288144072 0.9035726447146578 
0.5157578789394697 0.9024117891803904 
0.5162581290645323 0.9012150430136882 
0.5167583791895948 0.8999825526874546 
0.5172586293146573 0.8987144689118259 
0.5177588794397199 0.8974109466042185 
0.5182591295647824 0.896072144858572 
0.5187593796898449 0.8946982269137876 
0.5192596298149074 0.8932893601213644 
0.51975987993997 0.8918457159122469 
0.5202601300650325 0.8903674697628856 
0.520760380190095 0.8888548011605201 
0.5212606303151576 0.8873078935676839 
0.5217608804402201 0.8857269343859486 
0.5222611305652826 0.8841121149189054 
0.5227613806903452 0.8824636303343953 
0.5232616308154077 0.8807816796259943 
0.5237618809404702 0.8790664655737639 
0.5242621310655328 0.877318194704269 
0.5247623811905953 0.8755370772498785 
0.5252626313156578 0.8737233271073525 
0.5257628814407204 0.8718771617957283 
0.5262631315657829 0.8699988024135079 
0.5267633816908454 0.868088473595167 
0.527263631815908 0.8661464034669869 
0.5277638819409705 0.8641728236022188 
0.528264132066033 0.862167968975602 
0.5287643821910956 0.8601320779172305 
0.5292646323161581 0.8580653920657916 
0.5297648824412206 0.8559681563211881 
0.530265132566283 0.8538406187965422 
0.5307653826913457 0.8516830307696122 
0.5312656328164082 0.8494956466336182 
0.5317658829414706 0.8472787238475064 
0.5322661330665333 0.8450325228856391 
0.5327663831915957 0.8427573071869596 
0.5332666333166582 0.8404533431036108 
0.5337668834417209 0.8381208998490461 
0.5342671335667833 0.8357602494456357 
0.5347673836918458 0.8333716666717859 
0.5352676338169085 0.8309554290085864 
0.535767883941971 0.828511816585998 
0.5362681340670334 0.8260411121286092 
0.536768384192096 0.8235436009009517 
0.5372686343171585 0.8210195706524236 
0.537768884442221 0.8184693115618081 
0.5382691345672836 0.8158931161814228 
0.5387693846923461 0.8132912793809074 
0.5392696348174086 0.8106640982906742 
0.5397698849424712 0.8080118722450256 
0.5402701350675337 0.8053349027249733 
0.5407703851925962 0.8026334933007659 
0.5412706353176588 0.7999079495741412 
0.5417708854427213 0.7971585791203302 
0.5422711355677838 0.7943856914298243 
0.5427713856928463 0.7915895978499218 
0.5432716358179089 0.7887706115260807 
0.5437718859429714 0.7859290473430857 
0.5442721360680339 0.7830652218660588 
0.5447723861930965 0.7801794532813168 
0.545272636318159 0.7772720613371095 
0.5457728864432215 0.7743433672842542 
0.5462731365682841 0.771393693816667 
0.5467733866933466 0.7684233650118353 
0.5472736368184091 0.7654327062712364 
0.5477738869434717 0.7624220442607126 
0.5482741370685342 0.7593917068508367 
0.5487743871935967 0.7563420230572783 
0.5492746373186593 0.7532733229811843 
0.5497748874437218 0.7501859377495965 
0.5502751375687843 0.7470801994559267 
0.5507753876938469 0.7439564411004962 
0.5512756378189094 0.7408149965311638 
0.5517758879439719 0.7376562003840633 
0.5522761380690345 0.7344803880244539 
0.552776388194097 0.7312878954877091 
0.5532766383191595 0.7280790594204658 
0.5537768884442221 0.7248542170219273 
0.5542771385692846 0.7216137059853648 
0.5547773886943471 0.7183578644398059 
0.5552776388194096 0.7150870308919474 
0.5557778889444722 0.7118015441682859 
0.5562781390695347 0.7085017433574956 
0.5567783891945972 0.7051879677530694 
0.5572786393196598 0.7018605567962125 
0.5577788894447223 0.6985198500190372 
0.5582791395697848 0.6951661869880433 
0.5587793896948474 0.6917999072479095 
0.5592796398199099 0.6884213502656041 
0.5597798899449724 0.6850308553748363 
0.560280140070035 0.6816287617208372 
0.5607803901950975 0.67821540820551 
0.56128064032016 0.6747911334329425 
0.5617808904452226 0.6713562756552908 
0.5622811405702851 0.6679111727190589 
0.5627813906953476 0.664456162011771 
0.5632816408204102 0.6609915804090498 
0.5637818909454727 0.6575177642221133 
0.5642821410705352 0.6540350491456987 
0.5647823911955978 0.6505437702064119 
0.5652826413206603 0.6470442617115292 
0.5657828914457228 0.6435368571982455 
0.5662831415707853 0.6400218893833767 
0.5667833916958479 0.6364996901135347 
0.5672836418209104 0.6329705903157707 
0.5677838919459729 0.6294349199487044 
0.5682841420710355 0.6258930079541313 
0.568784392196098 0.6223451822091332 
0.5692846423211605 0.6187917694786859 
0.5697848924462231 0.615233095368767 
0.5702851425712856 0.6116694842799872 
0.5707853926963481 0.6081012593617339 
0.5712856428214107 0.6045287424668342 
0.5717858929464732 0.6009522541067579 
0.5722861430715357 0.597372113407348 
0.5727863931965983 0.5937886380650903 
0.5732866433216608 0.590202144303933 
0.5737868934467233 0.5866129468326559 
0.5742871435717859 0.583021358802786 
0.5747873936968484 0.5794276917670829 
0.5752876438219109 0.5758322556385871 
0.5757878939469735 0.5722353586502257 
0.576288144072036 0.568637307315006 
0.5767883941970985 0.5650384063867776 
0.5772886443221611 0.5614389588215787 
0.5777888944472236 0.5578392657395662 
0.5782891445722861 0.5542396263875381 
0.5787893946973486 0.5506403381020534 
0.5792896448224112 0.5470416962731397 
0.5797898949474737 0.5434439943086139 
0.5802901450725362 0.5398475235990059 
0.5807903951975988 0.5362525734830862 
0.5812906453226613 0.5326594312140177 
0.5817908954477238 0.5290683819261214 
0.5822911455727864 0.525479708602258 
0.5827913956978489 0.5218936920418452 
0.5832916458229114 0.5183106108294978 
0.583791895947974 0.5147307413043023 
0.5842921460730365 0.5111543575297302 
0.584792396198099 0.5075817312641899 
0.5852926463231616 0.5040131319322223 
0.5857928964482241 0.5004488265963462 
0.5862931465732866 0.4968890799295549 
0.5867933966983492 0.4933341541884642 
0.5872936468234117 0.4897843091871214 
0.5877938969484742 0.4862398022714773 
0.5882941470735368 0.48270088829451746 
0.5887943971985993 0.47916781959206506 
0.5892946473236618 0.4756408459592589 
0.5897948974487243 0.4721202146276924 
0.5902951475737869 0.4686061702432437 
0.5907953976988494 0.4650989548445762 
0.5912956478239119 0.4615988078423275 
0.5917958979489745 0.45810596599897396 
0.592296148074037 0.4546206634093926 
0.5927963981990995 0.4511431314821072 
0.5932966483241621 0.4476735989212237 
0.5937968984492246 0.4442122917090622 
0.5942971485742871 0.44075943308948407 
0.5947973986993497 0.437315243551912 
0.5952976488244122 0.43387994081604897 
0.5957978989494747 0.430453739817301 
0.5962981490745373 0.42703685269288927 
0.5967983991995998 0.42362948876866996 
0.5972986493246623 0.42023185454665646 
0.5977988994497249 0.4168441536932336 
0.5982991495747874 0.4134665870280789 
0.5987993996998499 0.41009935251378543 
0.5992996498249125 0.4067426452461774 
0.599799899949975 0.4033966574453296 
0.6003001500750375 0.40006157844728646 
0.6008004002001001 0.39673759469646724 
0.6013006503251626 0.39342488973877565 
0.601800900450225 0.39012364421539825 
0.6023011505752875 0.3868340358572865 
0.6028014007003502 0.3835562394803344 
0.6033016508254126 0.3802904269812324 
0.6038019009504751 0.3770367673340108 
0.6043021510755378 0.37379542658724463 
0.6048024012006002 0.3705665678619461 
0.6053026513256627 0.3673503513501186 
0.6058029014507254 0.36414693431397066 
0.6063031515757878 0.3609564710857946 
0.6068034017008503 0.3577791130684958 
0.607303651825913 0.3546150087367659 
0.6078039019509754 0.3514643036389005 
0.6083041520760379 0.3483271403992552 
0.6088044022011005 0.3452036587213192 
0.609304652326163 0.34209399539142055 
0.6098049024512255 0.3389982842830425 
0.6103051525762881 0.33591665636174056 
0.6108054027013506 0.33284923969066654 
0.6113056528264131 0.3297961594366787 
0.6118059029514757 0.32675753787703304 
0.6123061530765382 0.32373349440664734 
0.6128064032016007 0.3207241455459371 
0.6133066533266633 0.3177296049491949 
0.6138069034517258 0.3147499834135239 
0.6143071535767883 0.3117853888883049 
0.6148074037018508 0.30883592648519176 
0.6153076538269134 0.30590169848861787 
0.6158079039519759 0.30298280436681285 
0.6163081540770384 0.3000793407833183 
0.616808404202101 0.29719140160897867 
0.6173086543271635 0.29431907793441553 
0.617808904452226 0.2914624580829655 
0.6183091545772886 0.2886216276240616 
0.6188094047023511 0.2857966693870683 
0.6193096548274136 0.28298766347554116 
0.6198099049524762 0.28019468728190583 
0.6203101550775387 0.27741781550254674 
0.6208104052026012 0.2746571201532966 
0.6213106553276638 0.27191267058530383 
0.6218109054527263 0.26918453350128385 
0.6223111555777888 0.26647277297212846 
0.6228114057028514 0.26377745045387 
0.6233116558279139 0.261098624804986 
0.6238119059529764 0.2584363523040379 
0.624312156078039 0.2557906866676226 
0.6248124062031015 0.2531616790686415 
0.625312656328164 0.25054937815486056 
0.6258129064532265 0.24795383006776126 
0.6263131565782891 0.24537507846166945 
0.6268134067033516 0.24281316452314783 
0.6273136568284141 0.24026812699065056 
0.6278139069534767 0.2377400021744187 
0.6283141570785392 0.23522882397661563 
0.6288144072036017 0.2327346239116942 
0.6293146573286643 0.23025743112697386 
0.6298149074537268 0.22779727242343237 
0.6303151575787893 0.22535417227670046 
0.6308154077038519 0.22292815285823922 
0.6313156578289144 0.22051923405671012 
0.6318159079539769 0.21812743349951697 
0.6323161580790395 0.21575276657451167 
0.632816408204102 0.21339524645186544 
0.6333166583291645 0.2110548841060902 
0.6338169084542271 0.20873168833820258 
0.6343171585792896 0.20642566579802954 
0.6348174087043521 0.2041368210066474 
0.6353176588294147 0.20186515637893973 
0.6358179089544772 0.19961067224628193 
0.6363181590795397 0.19737336687933701 
0.6368184092046023 0.19515323651095687 
0.6373186593296648 0.19295027535918952 
0.6378189094547273 0.19076447565038435 
0.6383191595797898 0.18859582764238936 
0.6388194097048524 0.18644431964783517 
0.6393196598299149 0.18430993805750576 
0.6398199099549774 0.18219266736378925 
0.64032016008004 0.1800924901842021 
0.6408204102051025 0.17800938728498666 
0.641320660330165 0.17594333760477976 
0.6418209104552276 0.1738943182783428 
0.6423211605802901 0.17186230466035457 
0.6428214107053526 0.1698472703492676 
0.6433216608304152 0.16784918721121167 
0.6438219109554777 0.16586802540395804 
0.6443221610805402 0.1639037534009316 
0.6448224112056028 0.16195633801526757 
0.6453226613306653 0.16002574442391684 
0.6458229114557278 0.1581119361917921 
0.6463231615807904 0.15621487529595401 
0.6468234117058529 0.15433452214983231 
0.6473236618309154 0.15247083562748795 
0.647823911955978 0.1506237730878978 
0.6483241620810405 0.14879329039927708 
0.648824412206103 0.1469793419634278 
0.6493246623311655 0.14518188074010493 
0.6498249124562281 0.143400858271412 
0.6503251625812906 0.14163622470621165 
0.6508254127063531 0.13988792882455342 
0.6513256628314157 0.13815591806211153 
0.6518259129564782 0.13644013853463582 
0.6523261630815407 0.13474053506240782 
0.6528264132066033 0.13305705119469655 
0.6533266633316658 0.1313896292342192 
0.6538269134567283 0.12973821026159205 
0.6543271635817909 0.12810273415977522 
0.6548274137068534 0.12648313963850258 
0.6553276638319159 0.12487936425869908 
0.6558279139569785 0.12329134445686746 
0.656328164082041 0.12171901556945787 
0.6568284142071035 0.12016231185719936 
0.6573286643321661 0.11862116652939533 
0.6578289144572286 0.11709551176817823 
0.6583291645822911 0.11558527875271385 
0.6588294147073537 0.11409039768335319 
0.6593296648324162 0.11261079780572045 
0.6598299149574787 0.11114640743473983 
0.6603301650825413 0.10969715397858279 
0.6608304152076038 0.10826296396253689 
0.6613306653326663 0.10684376305279049 
0.6618309154577288 0.10543947608011824 
0.6623311655827914 0.10405002706346596 
0.6628314157078539 0.10267533923342634 
0.6633316658329164 0.10131533505559878 
0.663831915957979 0.09996993625381932 
0.6643321660830415 0.0986390638332586 
0.664832416208104 0.09732263810338392 
0.6653326663331666 0.09602057870076025 
0.6658329164582291 0.09473280461170214 
0.6663331665832916 0.09345923419475466 
0.6668334167083542 0.09219978520299779 
0.6673336668334167 0.09095437480616898 
0.6678339169584792 0.08972291961259157 
0.6683341670835418 0.08850533569090183 
0.6688344172086043 0.08730153859156499 
0.6693346673336668 0.08611144336817592 
0.6698349174587294 0.08493496459852592 
0.6703351675837919 0.08377201640544321 
0.6708354177088544 0.0826225124773811 
0.671335667833917 0.08148636608875787 
0.6718359179589795 0.08036349012003711 
0.672336168084042 0.07925379707753907 
0.6728364182091046 0.07815719911297503 
0.673336668334167 0.07707360804270157 
0.6738369184592296 0.07600293536668336 
0.674337168584292 0.07494509228715861 
0.6748374187093547 0.0738999897270016 
0.6753376688344171 0.07286753834777498 
0.6758379189594796 0.07184764856746795 
0.6763381690845423 0.07084023057791002 
0.6768384192096047 0.0698451943618617 
0.6773386693346672 0.06886244970977365 
0.6778389194597298 0.06789190623620689 
0.6783391695847923 0.06693347339591812 
0.6788394197098548 0.06598706049960106 
0.6793396698349174 0.06505257672927935 
0.6798399199599799 0.06412993115335383 
0.6803401700850424 0.06321903274130034 
0.680840420210105 0.06231979037801234 
0.6813406703351675 0.061432112877794195 
0.68184092046023 0.06055590899799903 
0.6823411705852926 0.05969108745231484 
0.6828414207103551 0.05883755692369728 
0.6833416708354176 0.05799522607695282 
0.6838419209604802 0.0571640035709683 
0.6843421710855427 0.05634379807059887 
0.6848424212106052 0.055534518258206045 
0.6853426713356677 0.05473607284485801 
0.6858429214607303 0.05394837058119018 
0.6863431715857928 0.053171320267935175 
0.6868434217108553 0.05240483076612238 
0.6873436718359179 0.05164881100695554 
0.6878439219609804 0.05090317000137557 
0.6883441720860429 0.0501678168493083 
0.6888444222111055 0.04944266074861496 
0.689344672336168 0.0487276110037401 
0.6898449224612305 0.04802257703407626 
0.6903451725862931 0.04732746838204577 
0.6908454227113556 0.04664219472090995 
0.6913456728364181 0.04596666586231948 
0.6918459229614807 0.04530079176360626 
0.6923461730865432 0.04464448253483586 
0.6928464232116057 0.043997648445623795 
0.6933466733366683 0.04336019993172801 
0.6938469234617308 0.042732047601429776 
0.6943471735867933 0.04211310224171027 
0.6948474237118559 0.041503274824236706 
0.6953476738369184 0.04090247651116684 
0.6958479239619809 0.04031061866078584 
0.6963481740870435 0.03972761283298158 
0.696848424212106 0.03915337079457762 
0.6973486743371685 0.0385878045245254 
0.697848924462231 0.03803082621897748 
0.6983491745872936 0.03748234829624376 
0.6988494247123561 0.03694228340164851 
0.6993496748374186 0.03641054441229694 
0.6998499249624812 0.03588704444176012 
0.7003501750875437 0.03537169684469536 
0.7008504252126062 0.034864415221405556 
0.7013506753376688 0.034365113422353655 
0.7018509254627313 0.03387370555263849 
0.7023511755877938 0.03339010597644533 
0.7028514257128564 0.032914229321479124 
0.7033516758379189 0.03244599048338777 
0.7038519259629814 0.03198530463019115 
0.704352176088044 0.03153208720671565 
0.7048524262131065 0.031086253939048496 
0.705352676338169 0.03064772083901969 
0.7058529264632316 0.03021640420871676 
0.7063531765882941 0.02979222064503635 
0.7068534267133566 0.029375087044290083 
0.7073536768384192 0.028964920606855918 
0.7078539269634817 0.02856163884189217 
0.7083541770885442 0.0281651595721147 
0.7088544272136067 0.02777540093863941 
0.7093546773386693 0.027392281405900176 
0.7098549274637318 0.02701571976663734 
0.7103551775887943 0.0266456351469695 
0.7108554277138569 0.026281947011540706 
0.7113556778389194 0.02592457516875047 
0.7118559279639819 0.025573439776071214 
0.7123561780890445 0.025228461345440406 
0.712856428214107 0.024889560748747236 
0.7133566783391695 0.024556659223392986 
0.7138569284642321 0.024229678377938234 
0.7143571785892946 0.023908540197830383 
0.7148574287143571 0.02359316705120838 
0.7153576788394197 0.023283481694783687 
0.7158579289644822 0.02297940727979353 
0.7163581790895447 0.022680867358025193 
0.7168584292146073 0.0223877858879027 
0.7173586793396698 0.022100087240636397 
0.7178589294647323 0.021817696206427185 
0.7183591795897949 0.0215405380007212 
0.7188594297148574 0.021268538270509608 
0.7193596798399199 0.021001623100667843 
0.7198599299649825 0.020739719020325002 
0.720360180090045 0.020482753009261005 
0.7208604302151075 0.02023065250432128 
0.72136068034017 0.01998334540584313 
0.7218609304652326 0.019740760084086224 
0.7223611805902951 0.019502825385657317 
0.7228614307153576 0.01926947063992708 
0.7233616808404202 0.01904062566542268 
0.7238619309654827 0.018816220776195988 
0.7243621810905452 0.018596186788152717 
0.7248624312156078 0.018380455025338117 
0.7253626813406703 0.018168957326170763 
0.7258629314657328 0.01796162604961226 
0.7263631815907954 0.017758394081267934 
0.7268634317158579 0.017559194839411492 
0.7273636818409204 0.01736396228091824 
0.727863931965983 0.01717263090710744 
0.7283641820910455 0.016985135769480252 
0.728864432216108 0.01680141247534515 
0.7293646823411706 0.016621397193325362 
0.7298649324662331 0.01644502665873951 
0.7303651825912956 0.01627223817884855 
0.7308654327163582 0.016102969637957928 
0.7313656828414207 0.015937159502376588 
0.7318659329664832 0.015774746825213255 
0.7323661830915458 0.015615671251017673 
0.7328664332166083 0.015459873020248108 
0.7333666833416708 0.01530729297356793 
0.7338669334667333 0.015157872555959703 
0.7343671835917959 0.015011553820654716 
0.7348674337168584 0.014868279432874032 
0.7353676838419209 0.014727992673370395 
0.7358679339669835 0.014590637441773675 
0.736368184092046 0.014456158259733221 
0.7368684342171085 0.014324500273849934 
0.7373686843421711 0.014195609258401697 
0.7378689344672336 0.014069431617852566 
0.7383691845922961 0.013945914389148077 
0.7388694347173587 0.01382500524379157 
0.7393696848424212 0.013706652489701395 
0.7398699349674837 0.013590805072845352 
0.7403701850925463 0.013477412578653923 
0.7408704352176088 0.013366425233211434 
0.7413706853426713 0.013257793904219627 
0.7418709354677339 0.01315147010174297 
0.7423711855927964 0.01304740597872484 
0.7428714357178589 0.01294555433128547 
0.7433716858429215 0.012845868598794408 
0.743871935967984 0.012748302863725995 
0.7443721860930465 0.012652811851289646 
0.744872436218109 0.01255935092884747 
0.7453726863431716 0.012467876105114378 
0.745872936468234 0.012378344029144598 
0.7463731865932965 0.012290711989107425 
0.7468734367183592 0.01220493791085242 
0.7473736868434216 0.012120980356274222 
0.7478739369684841 0.012038798521468962 
0.7483741870935467 0.011958352234696915 
0.7488744372186092 0.011879601954146096 
0.7493746873436717 0.011802508765504769 
0.7498749374687343 0.011727034379345778 
0.7503751875937968 0.011653141128326867 
0.7508754377188593 0.011580791964211152 
0.751375687843922 0.011509950454708902 
0.7518759379689844 0.011440580780148634 
0.7523761880940469 0.011372647729981193 
0.7528764382191095 0.011306116699118286 
0.753376688344172 0.011240953684113411 
0.7538769384692345 0.011177125279185747 
0.7543771885942971 0.011114598672097228 
0.7548774387193596 0.011053341639877583 
0.7553776888444221 0.010993322544416012 
0.7558779389694847 0.010934510327905522 
0.7563781890945472 0.010876874508165367 
0.7568784392196097 0.010820385173825005 
0.7573786893446722 0.01076501297939244 
0.7578789394697348 0.010710729140197058 
0.7583791895947973 0.010657505427220342 
0.7588794397198598 0.01060531416181435 
0.7593796898449224 0.010554128210314522 
0.7598799399699849 0.01050392097854726 
0.7603801900950474 0.010454666406244175 
0.76088044022011 0.010406338961355793 
0.7613806903451725 0.010358913634280438 
0.761880940470235 0.010312365932003919 
0.7623811905952976 0.010266671872157157 
0.7628814407203601 0.010221807976996806 
0.7633816908454226 0.010177751267309507 
0.7638819409704852 0.010134479256248599 
0.7643821910955477 0.01009196994309903 
0.7648824412206102 0.01005020180698349 
0.7653826913456728 0.010009153800506357 
0.7658829414707353 0.009968805343343013 
0.7663831915957978 0.009929136315777437 
0.7668834417208604 0.009890127052188592 
0.7673836918459229 0.009851758334493806 
0.7678839419709854 0.009814011385549971 
0.7683841920960479 0.00977686786251635 
0.7688844422211105 0.009740309850184113 
0.769384692346173 0.009704319854271858 
0.7698849424712355 0.009668880794696156 
0.7703851925962981 0.009633975998817445 
0.7708854427213606 0.009599589194665586 
0.7713856928464231 0.009565704504145636 
0.7718859429714857 0.009532306436234353 
0.7723861930965482 0.009499379880162605 
0.7728864432216107 0.00946691009859534 
0.7733866933466733 0.009434882720803619 
0.7738869434717358 0.009403283735842153 
0.7743871935967983 0.009372099485727464 
0.7748874437218609 0.009341316658626593 
0.7753876938469234 0.009310922282055552 
0.7758879439719859 0.009280903716093783 
0.7763881940970485 0.009251248646618509 
0.776888444222111 0.009221945078557904 
0.7773886943471735 0.009192981329177716 
0.7778889444722361 0.009164346021390888 
0.7783891945972986 0.00913602807710502 
0.7788894447223611 0.00910801671060836 
0.7793896948474237 0.009080301421996496 
0.7798899449724862 0.009052871990641736 
0.7803901950975487 0.009025718468717966 
0.7808904452226112 0.008998831174773262 
0.7813906953476738 0.00897220068736313 
0.7818909454727363 0.008945817838743477 
0.7823911955977988 0.008919673708627306 
0.7828914457228614 0.008893759618012136 
0.7833916958479239 0.008868067123077961 
0.7838919459729864 0.008842588009163195 
0.784392196098049 0.008817314284818556 
0.7848924462231115 0.008792238175943804 
0.785392696348174 0.008767352120014262 
0.7858929464732366 0.008742648760394583 
0.7863931965982991 0.008718120940750118 
0.7868934467233616 0.008693761699549446 
0.7873936968484242 0.008669564264672715 
0.7878939469734867 0.008645522048121341 
0.7883941970985492 0.008621628640833857 
0.7888944472236118 0.008597877807611115 
0.7893946973486743 0.0085742634821528 
0.7898949474737368 0.008550779762209772 
0.7903951975987994 0.008527420904852397 
0.7908954477238619 0.008504181321858446 
0.7913956978489244 0.008481055575221177 
0.791895947973987 0.008458038372783071 
0.7923961980990495 0.008435124563989708 
0.792896448224112 0.00841230913577594 
0.7933966983491745 0.008389587208576634 
0.7938969484742371 0.008366954032463993 
0.7943971985992996 0.008344404983419694 
0.7948974487243621 0.008321935559734536 
0.7953976988494247 0.008299541378538047 
0.7958979489744872 0.008277218172462951 
0.7963981990995497 0.008254961786437722 
0.7968984492246123 0.008232768174610853 
0.7973986993496748 0.008210633397408998 
0.7978989494747373 0.008188553618719525 
0.7983991995997999 0.008166525103207705 
0.7988994497248624 0.00814454421375976 
0.7993996998499249 0.008122607409054159 
0.7998999499749875 0.008100711241255106 
0.80040020010005 0.008078852353835117 
0.8009004502251125 0.008057027479514594 
0.8014007003501751 0.008035233438324333 
0.8019009504752376 0.008013467135784918 
0.8024012006003001 0.007991725561198157 
0.8029014507253627 0.00797000578605572 
0.8034017008504252 0.007948304962552458 
0.8039019509754877 0.00792662032220956 
0.8044022011005502 0.007904949174599038 
0.8049024512256128 0.00788328890616744 
0.8054027013506753 0.007861636979157179 
0.8059029514757378 0.007839990930620155 
0.8064032016008004 0.007818348371521372 
0.8069034517258629 0.007796706985923638 
0.8074037018509254 0.007775064530258835 
0.807903951975988 0.007753418832672704 
0.8084042021010505 0.007731767792443776 
0.808904452226113 0.007710109379472066 
0.8094047023511756 0.007688441633830888 
0.8099049524762381 0.007666762665380054 
0.8104052026013006 0.0076450706534358075 
0.8109054527263632 0.007623363846493316 
0.8114057028514257 0.00760164056199505 
0.8119059529764882 0.007579899186144825 
0.8124062031015508 0.007558138173760701 
0.8129064532266133 0.007536356048163652 
0.8134067033516758 0.0075145514010988524 
0.8139069534767384 0.007492722892680085 
0.8144072036018009 0.007470869251365536 
0.8149074537268634 0.007448989273944932 
0.815407703851926 0.0074270818255498805 
0.8159079539769885 0.007405145839673136 
0.816408204102051 0.0073831803181985305 
0.8169084542271134 0.007361184331435734 
0.817408704352176 0.0073391570181620056 
0.8179089544772385 0.007317097585657203 
0.818409204602301 0.007295005309742709 
0.8189094547273637 0.007272879534813079 
0.8194097048524261 0.007250719673855475 
0.8199099549774886 0.007228525208467544 
0.8204102051025512 0.007206295688856232 
0.8209104552276137 0.007184030733824612 
0.8214107053526762 0.007161730030746489 
0.8219109554777388 0.007139393335520293 
0.8224112056028013 0.007117020472505451 
0.8229114557278638 0.007094611334441779 
0.8234117058529264 0.007072165882346172 
0.8239119559779889 0.007049684145390662 
0.8244122061030514 0.007027166220759233 
0.824912456228114 0.007004612273481117 
0.8254127063531765 0.0069820225362466235 
0.825912956478239 0.006959397309198628 
0.8264132066033016 0.006936736959704531 
0.8269134567283641 0.006914041922109147 
0.8274137068534266 0.00689131269746628 
0.8279139569784892 0.006868549853251602 
0.8284142071035517 0.0068457540230602975 
0.8289144572286142 0.006822925906288479 
0.8294147073536767 0.0068000662677952526 
0.8299149574787393 0.006777175937555706 
0.8304152076038018 0.0067542558103034596 
0.8309154577288643 0.00673130684515803 
0.8314157078539269 0.006708330065248189 
0.8319159579789894 0.006685326557329612 
0.8324162081040519 0.0066622974713954446 
0.8329164582291145 0.00663924402028797 
0.833416708354177 0.0066161674793116165 
0.8339169584792395 0.00659306918584467 
0.8344172086043021 0.006569950538961029 
0.8349174587293646 0.006546812999056186 
0.8354177088544271 0.006523658087487838 
0.8359179589794897 0.006500487386223732 
0.8364182091045522 0.006477302537507676 
0.8369184592296147 0.006454105243544852 
0.8374187093546773 0.006430897266204556 
0.8379189594797398 0.006407680426747193 
0.8384192096048023 0.006384456605576008 
0.8389194597298649 0.006361227742017742 
0.8394197098549274 0.006337995834130554 
0.8399199599799899 0.0063147629385487 
0.8404202101050524 0.006291531170357996 
0.840920460230115 0.006268302703009572 
0.8414207103551775 0.0062450797682732885 
0.84192096048024 0.006221864656233215 
0.8424212106053026 0.006198659715322495 
0.8429214607303651 0.006175467352407296 
0.8434217108554276 0.00615229003291537 
0.8439219609804902 0.0061291302810142665 
0.8444222111055527 0.006105990679838767 
0.8449224612306152 0.006082873871768232 
0.8454227113556778 0.006059782558762006 
0.8459229614807403 0.006036719502742521 
0.8464232116058028 0.006013687526037458 
0.8469234617308654 0.005990689511878262 
0.8474237118559279 0.005967728404952732 
0.8479239619809904 0.005944807212017826 
0.848424212106053 0.005921929002571081 
0.8489244622311155 0.005899096909579118 
0.849424712356178 0.005876314130265835 
0.8499249624812406 0.005853583926960873 
0.8504252126063031 0.005830909628007997 
0.8509254627313656 0.005808294628730124 
0.8514257128564282 0.005785742392456643 
0.8519259629814907 0.005763256451609676 
0.8524262131065532 0.005740840408846303 
0.8529264632316157 0.005718497938262012 
0.8534267133566783 0.0056962327866506655 
0.8539269634817408 0.005674048774819867 
0.8544272136068033 0.005651949798965134 
0.8549274637318659 0.005629939832095918 
0.8554277138569284 0.005608022925517839 
0.8559279639819909 0.005586203210367524 
0.8564282141070535 0.005564484899195525 
0.856928464232116 0.005542872287606088 
0.8574287143571785 0.005521369755937108 
0.8579289644822411 0.005499981770994439 
0.8584292146073036 0.005478712887825899 
0.8589294647323661 0.005457567751543553 
0.8594297148574287 0.005436551099181275 
0.8599299649824912 0.005415667761599832 
0.8604302151075537 0.005394922665421879 
0.8609304652326163 0.005374320835006016 
0.8614307153576788 0.005353867394454796 
0.8619309654827413 0.005333567569649149 
0.8624312156078039 0.005313426690314054 
0.8629314657328664 0.005293450192109303 
0.8634317158579289 0.0052736436187404085 
0.8639319659829914 0.005254012624092638 
0.864432216108054 0.005234562974377917 
0.8649324662331165 0.005215300550300027 
0.865432716358179 0.005196231349225799 
0.8659329664832416 0.005177361487365261 
0.8664332166083041 0.005158697201956484 
0.8669334667333666 0.005140244853448039 
0.8674337168584292 0.005122010927679324 
0.8679339669834917 0.005104002038052015 
0.8684342171085542 0.005086224927690728 
0.8689344672336168 0.005068686471585332 
0.8694347173586793 0.005051393678716226 
0.8699349674837418 0.005034353694151129 
0.8704352176088044 0.005017573801111793 
0.8709354677338669 0.005001061423009407 
0.8714357178589294 0.004984824125435345 
0.871935967983992 0.0049688696181083136 
0.8724362181090545 0.0049532057567697055 
0.872936468234117 0.00493784054502225 
0.8734367183591796 0.0049227821361052405 
0.8739369684842421 0.0049080388345982585 
0.8744372186093046 0.00489361909805212 
0.8749374687343672 0.004879531538533781 
0.8754377188594297 0.004865784924081953 
0.8759379689844922 0.004852388180066707 
0.8764382191095547 0.004839350390441258 
0.8769384692346173 0.004826680798882626 
0.8774387193596798 0.004814388809810741 
0.8779389694847423 0.0048024839892778235 
0.8784392196098049 0.004790976065719935 
0.8789394697348674 0.004779874930559091 
0.8794397198599299 0.004769190638651664 
0.8799399699849925 0.004758933408570796 
0.880440220110055 0.004749113622708075 
0.8809404702351175 0.004739741827195547 
0.8814407203601801 0.004730828731627067 
0.8819409704852426 0.004722385208574113 
0.882441220610305 0.004714422292883651 
0.8829414707353677 0.004706951180747383 
0.8834417208604302 0.004699983228530115 
0.8839419709854927 0.004693529951344837 
0.8844422211105553 0.004687603021368912 
0.8849424712356178 0.004682214265877497 
0.8854427213606803 0.004677375664995681 
0.8859429714857429 0.004673099349146753 
0.8864432216108054 0.004669397596188912 
0.8869434717358678 0.004666282828227528 
0.8874437218609305 0.004663767608086349 
0.887943971985993 0.004661864635433936 
0.8884442221110554 0.004660586742539877 
0.8889444722361179 0.00465994688965927 
0.8894447223611806 0.004659958160026695 
0.889944972486243 0.004660633754446297 
0.8904452226113055 0.004661986985470417 
0.8909454727363681 0.004664031271147709 
0.8914457228614306 0.004666780128332811 
0.8919459729864931 0.0046702471655425196 
0.8924462231115557 0.0046744460753478006 
0.8929464732366182 0.00467939062629059 
0.8934467233616807 0.004685094654308078 
0.8939469734867433 0.004691572053662294 
0.8944472236118058 0.004698836767356079 
0.8949474737368683 0.0047069027770271195 
0.8954477238619309 0.0047157840923137415 
0.8959479739869934 0.004725494739675722 
0.8964482241120559 0.004736048750666667 
0.8969484742371185 0.004747460149648595 
0.897448724362181 0.004759742940935849 
0.8979489744872435 0.004772911095369747 
0.8984492246123061 0.004786978536308221 
0.8989494747373686 0.00480195912503121 
0.8994497248624311 0.004817866645554509 
0.8999499749874936 0.004834714788845226 
0.9004502251125562 0.0048525171364437285 
0.9009504752376187 0.0048712871434775686 
0.9014507253626812 0.004891038121079624 
0.9019509754877438 0.004911783218196678 
0.9024512256128063 0.004933535402803019 
0.9029514757378688 0.0049563074425087745 
0.9034517258629314 0.004980111884573363 
0.9039519759879939 0.00500496103532809 
0.9044522261130564 0.005030866939008818 
0.904952476238119 0.00505784135601088 
0.9054527263631815 0.005085895740572637 
0.905952976488244 0.005115041217895568 
0.9064532266133066 0.0051452885607150564 
0.9069534767383691 0.005176648165329658 
0.9074537268634316 0.005209130027111161 
0.9079539769884942 0.005242743715500748 
0.9084542271135567 0.005277498348514328 
0.9089544772386192 0.005313402566776526 
0.9094547273636818 0.005350464507096457 
0.9099549774887443 0.00538869177561784 
0.9104552276138068 0.005428091420554296 
0.9109554777388694 0.005468669904545184 
0.9114557278639319 0.0055104330766518215 
0.9119559779889944 0.005553386144025232 
0.9124562281140569 0.00559753364327541 
0.9129564782391195 0.005642879411569114 
0.913456728364182 0.005689426557497785 
0.9139569784892445 0.005737177431738648 
0.9144572286143071 0.005786133597555823 
0.9149574787393696 0.005836295801172993 
0.9154577288644321 0.005887663942058634 
0.9159579789894947 0.005940237043164135 
0.9164582291145572 0.005994013221157838 
0.9169584792396197 0.0060489896566993774 
0.9174587293646823 0.006105162564796305 
0.9179589794897448 0.0061625271652946175 
0.9184592296148073 0.006221077653545743 
0.9189594797398699 0.006280807171304815 
0.9194597298649324 0.006341707777904416 
0.9199599799899949 0.006403770421761614 
0.9204602301150575 0.006466984912266555 
0.92096048024012 0.006531339892109909 
0.9214607303651825 0.0065968228101005 
0.9219609804902451 0.00666341989453099 
0.9224612306153076 0.006731116127149472 
0.9229614807403701 0.006799895217790513 
0.9234617308654326 0.0068697395797279555 
0.9239619809904952 0.006940630305803609 
0.9244622311155577 0.0070125471453953096 
0.9249624812406202 0.007085468482280735 
0.9254627313656828 0.0071593713134577705 
0.9259629814907453 0.007234231228982621 
0.9264632316158078 0.0073100223928810925 
0.9269634817408704 0.0073867175252003555 
0.9274637318659329 0.0074642878852537895 
0.9279639819909954 0.007542703256124009 
0.928464232116058 0.007621931930479853 
0.9289644822411205 0.00770194069776602 
0.929464732366183 0.007782694832827719 
0.9299649824912456 0.0078641580860214 
0.9304652326163081 0.007946292674874192 
0.9309654827413706 0.008029059277342066 
0.9314657328664332 0.008112417026725766 
0.9319659829914957 0.008196323508294641 
0.9324662331165582 0.0082807347576721 
0.9329664832416208 0.008365605261032121 
0.9334667333666833 0.008450887957154679 
0.9339669834917458 0.008536534241389417 
0.9344672336168084 0.008622493971570238 
0.9349674837418709 0.008708715475924809 
0.9354677338669334 0.008795145563021417 
0.9359679839919959 0.008881729533788284 
0.9364682341170585 0.008968411195645697 
0.936968484242121 0.0090551328787806 
0.9374687343671835 0.009141835454600365 
0.9379689844922461 0.00922845835638753 
0.9384692346173086 0.009314939602186292 
0.9389694847423711 0.009401215819939978 
0.9394697348674337 0.00948722227490344 
0.9399699849924962 0.00957289289933911 
0.9404702351175587 0.009658160324519618 
0.9409704852426213 0.009742955915038301 
0.9414707353676838 0.009827209805438596 
0.9419709854927463 0.009910850939162505 
0.9424712356178089 0.00999380710981789 
0.9429714857428714 0.010076005004764356 
0.9434717358679339 0.01015737025100041 
0.9439719859929965 0.010237827463346463 
0.944472236118059 0.010317300294906753 
0.9449724862431215 0.010395711489787154 
0.9454727363681841 0.010472982938049866 
0.9459729864932466 0.010549035732868747 
0.9464732366183091 0.010623790229863603 
0.9469734867433717 0.01069716610856656 
0.9474737368684342 0.01076908243598961 
0.9479739869934967 0.010839457732242153 
0.9484742371185592 0.010908210038152231 
0.9489744872436218 0.010975256984840977 
0.9494747373686843 0.01104051586518719 
0.9499749874937468 0.011103903707131312 
0.9504752376188094 0.011165337348742817 
0.9509754877438719 0.011224733514990318 
0.9514757378689344 0.011282008896136685 
0.951975987993997 0.011337080227684608 
0.9524762381190595 0.011389864371795058 
0.952976488244122 0.011440278400084903 
0.9534767383691846 0.011488239677727783 
0.9539769884942471 0.011533665948756482 
0.9544772386193096 0.011576475422478326 
0.9549774887443722 0.011616586860901487 
0.9554777388694347 0.011653919667072327 
0.9559779889944972 0.011688393974218142 
0.9564782391195598 0.011719930735589084 
0.9569784892446223 0.011748451814883293 
0.9574787393696848 0.011773880077149235 
0.9579789894947474 0.011796139480045351 
0.9584792396198099 0.011815155165334995 
0.9589794897448723 0.011830853550504396 
0.9594797398699348 0.011843162420372848 
0.9599799899949975 0.01185201101857469 
0.96048024012006 0.011857330138785673 
0.9609804902451224 0.011859052215567076 
0.961480740370185 0.011857111414694784 
0.9619809904952475 0.01185144372284712 
0.96248124062031 0.011841987036517506 
0.9629814907453726 0.011828681250022179 
0.9634817408704351 0.011811468342469378 
0.9639819909954976 0.011790292463555799 
0.9644822411205602 0.01176510001806109 
0.9649824912456227 0.011735839748906157 
0.9654827413706852 0.011702462818642739 
0.9659829914957478 0.011664922889246723 
0.9664832416208103 0.011623176200075724 
0.9669834917458728 0.01157718164387367 
0.9674837418709354 0.01152690084068614 
0.9679839919959979 0.011472298209563189 
0.9684842421210604 0.011413341037926168 
0.968984492246123 0.011349999548472173 
0.9694847423711855 0.011282246963500895 
0.969984992496248 0.011210059566545229 
0.9704852426213106 0.011133416761190026 
0.9709854927463731 0.011052301126966228 
0.9714857428714356 0.010966698472215675 
0.9719859929964981 0.010876597883818676 
0.9724862431215607 0.010781991773685108 
0.9729864932466232 0.010682875921909507 
0.9734867433716857 0.010579249516500251 
0.9739869934967483 0.010471115189588874 
0.9744872436218108 0.01035847905004215 
0.9749874937468733 0.010241350712390428 
0.9754877438719359 0.010119743322002831 
0.9759879939969984 0.009993673576432018 
0.9764882441220609 0.009863161742878 
0.9769884942471235 0.009728231671692013 
0.977488744372186 0.009588910805886103 
0.9779889944972485 0.009445230186585173 
0.9784892446223111 0.009297224454393153 
0.9789894947473736 0.009144931846620456 
0.9794897448724361 0.008988394190361633 
0.9799899949974987 0.008827656891377123 
0.9804902451225612 0.008662768918784494 
0.9809904952476237 0.008493782785528906 
0.9814907453726863 0.008320754524632821 
0.9819909954977488 0.008143743661235148 
0.9824912456228113 0.007962813180409348 
0.9829914957478738 0.007778029490790968 
0.9834917458729364 0.0075894623840294375 
0.9839919959979989 0.0073971849900858035 
0.9844922461230614 0.007201273728415055 
0.984992496248124 0.007001808255073974 
0.9854927463731865 0.006798871405799252 
0.985992996498249 0.0065925491351053215 
0.9864932466233116 0.006382930451466332 
0.9869934967483741 0.006170107348645517 
0.9874937468734366 0.005954174733239901 
0.9879939969984992 0.005735230348528647 
0.9884942471235617 0.005513374694692493 
0.9889944972486242 0.0052887109455129555 
0.9894947473736868 0.0050613448616265225 
0.9899949974987493 0.0048313847004554 
0.9904952476238118 0.004598941122904494 
0.9909954977488744 0.004364127096945682 
0.9914957478739369 0.004127057798204154 
0.9919959979989994 0.0038878505076688098 
0.992496248124062 0.003646624506651289 
0.9929964982491245 0.0034035009691320084 
0.993496748374187 0.0031586028516188045 
0.9939969984992496 0.00291205478066796 
0.9944972486243121 0.0026639829382016276 
0.9949974987493746 0.002414514944783187 
0.9954977488744371 0.002163779740983495 
0.9959979989994997 0.0019119074670079473 
0.9964982491245622 0.001659029340734125 
0.9969984992496247 0.001405277534319878 
0.9974987493746873 0.0011507850495453904 
0.9979989994997498 0.0008956855920559273 
0.9984992496248123 0.0006401134446651779 
0.9989994997498749 0.00038420333989756594 
0.9994997498749374 0.00012809033192410127 
1.0 0.0 
