xdata ydata 
0.0 0.07467068088563356 
0.0005002501250625312 0.07457555378447028 
0.0010005002501250625 0.07438582382986146 
0.0015007503751875936 0.07410253691370276 
0.002001000500250125 0.0737272553771885 
0.0025012506253126563 0.07326205024894153 
0.003001500750375187 0.07270949095253873 
0.0035017508754377185 0.07207263253170351 
0.00400200100050025 0.07135500045310475 
0.004502251125562781 0.07056057305811184 
0.0050025012506253125 0.06969376174594688 
0.005502751375687844 0.06875938898141325 
0.006003001500750374 0.06776266423070193 
0.006503251625812906 0.06670915793864476 
0.007003501750875437 0.06560477367015805 
0.007503751875937968 0.0644557185474439 
0.0080040020010005 0.0632684721227648 
0.00850425212606303 0.062049753834239746 
0.009004502251125562 0.06080648919907317 
0.009504752376188093 0.059545774904925866 
0.010005002501250625 0.058274842965698063 
0.010505252626313155 0.05700102411282472 
0.011005502751375688 0.05573171059724066 
0.011505752876438218 0.05447431858044233 
0.012006003001500749 0.05323625029553678 
0.01250625312656328 0.0520248561608143 
0.013006503251625811 0.050847397029192096 
0.013506753376688344 0.049711006756853166 
0.014007003501750874 0.048622655273538484 
0.014507253626813406 0.04758911233523958 
0.015007503751875937 0.04661691213749749 
0.015507753876938469 0.04571231896412991 
0.016008004002001 0.044881294042014776 
0.01650825412706353 0.044129463767552335 
0.01700850425212606 0.04346208946463553 
0.017508754377188594 0.04288403882739739 
0.018009004502251125 0.04239975919370609 
0.018509254627313655 0.04201325278735958 
0.019009504752376186 0.04172805405823976 
0.01950975487743872 0.04154720924033742 
0.02001000500250125 0.04147325823761226 
0.02051025512756378 0.041508218937128555 
0.02101050525262631 0.04165357403786386 
0.02151075537768884 0.04191026047207001 
0.022011005502751375 0.04227866148410907 
0.022511255627813906 0.04275860141936823 
0.023011505752876436 0.043349343263200245 
0.023511755877938967 0.04404958895692401 
0.024012006003001497 0.044857482504785856 
0.02451225612806403 0.0457706158725009 
0.02501250625312656 0.046786037664625975 
0.025512756378189092 0.047900264554600315 
0.026013006503251623 0.04910929542792164 
0.026513256628314157 0.050408628185640354 
0.027013506753376687 0.051793279142221434 
0.027513756878439218 0.053257804938914924 
0.028014007003501748 0.054796326881136816 
0.02851425712856428 0.05640255759606822 
0.029014507253626812 0.058069829894784854 
0.029514757378689343 0.05979112771178706 
0.030015007503751873 0.06155911898388392 
0.030515257628814404 0.06336619032002917 
0.031015507753876938 0.06520448330398601 
0.03151575787893947 0.06706593226264715 
0.032016008004002 0.06894230332451554 
0.03251625812906453 0.07082523458529984 
0.03301650825412706 0.07270627719084173 
0.03351675837918959 0.07457693714171067 
0.03401700850425212 0.07642871761880947 
0.03451725862931466 0.07825316162526239 
0.03501750875437719 0.08004189473673833 
0.03551775887943972 0.08178666775021749 
0.03601800900450225 0.08347939902005368 
0.03651825912956478 0.08511221627005042 
0.03701850925462731 0.08667749767113608 
0.03751875937968984 0.08816791197613762 
0.03801900950475237 0.08957645750607497 
0.0385192596298149 0.09089649978635576 
0.03901950975487744 0.09212180763621641 
0.03951975987993997 0.09324658752072426 
0.0400200100050025 0.09426551598160647 
0.04052026013006503 0.09517376997107738 
0.04102051025512756 0.0959670549216796 
0.04152076038019009 0.09664163039487997 
0.04202101050525262 0.09719433316176379 
0.04252126063031515 0.09762259758057362 
0.04302151075537768 0.0979244731480152 
0.04352176088044022 0.09809863911415101 
0.04402201100550275 0.09814441606425307 
0.04452226113056528 0.09806177438514539 
0.04502251125562781 0.09785133954826396 
0.04552276138069034 0.0975143941568275 
0.04602301150575287 0.09705287672008611 
0.0465232616308154 0.09646937713351668 
0.047023511755877934 0.09576712885998893 
0.047523761880940464 0.09494999782326698 
0.048024012006002995 0.09402246804164077 
0.04852426213106553 0.09298962404594414 
0.04902451225612806 0.09185713014260605 
0.04952476238119059 0.09063120659863305 
0.05002501250625312 0.08931860284144578 
0.050525262631315654 0.08792656778221203 
0.051025512756378184 0.08646281738664235 
0.051525762881440715 0.08493549963207613 
0.052026013006503245 0.08335315700399534 
0.052526263131565776 0.08172468669878581 
0.05302651325662831 0.08005929871255048 
0.053526763381690844 0.07836647200798724 
0.054027013506753374 0.07665590896271302 
0.054527263631815905 0.0749374883128724 
0.055027513756878435 0.07322121681535966 
0.055527763881940966 0.07151717986043876 
0.056028014007003496 0.06983549127392838 
0.056528264132066026 0.06818624255436152 
0.05702851425712856 0.06657945179560586 
0.057528764382191094 0.06502501254928957 
0.058029014507253625 0.06353264288399736 
0.058529264632316155 0.062111834899545505 
0.059029514757378686 0.06077180495470297 
0.059529764882441216 0.059521444865476024 
0.06003001500750375 0.05836927432851648 
0.06053026513256628 0.05732339482033751 
0.06103051525762881 0.05639144521784561 
0.06153076538269134 0.05558055937922404 
0.062031015507753876 0.05489732591645493 
0.0625312656328164 0.0543477503817752 
0.06303151575787894 0.05393722008014699 
0.06353176588294146 0.05367047170844477 
0.064032016008004 0.0535515620095359 
0.06453226613306653 0.053583841615850995 
0.06503251625812906 0.05376993224241506 
0.0655327663831916 0.05411170737375676 
0.06603301650825412 0.05461027657265134 
0.06653326663331666 0.05526597352140032 
0.06703351675837918 0.056078347888352476 
0.06753376688344172 0.05704616109374552 
0.06803401700850424 0.05816738602974891 
0.06853426713356678 0.05943921076994465 
0.06903451725862932 0.06085804628345636 
0.06953476738369184 0.06241953814866152 
0.07003501750875438 0.06411858224096632 
0.0705352676338169 0.06594934434861369 
0.07103551775887944 0.06790528365003112 
0.07153576788394196 0.06997917996590709 
0.0720360180090045 0.07216316467912517 
0.07253626813406702 0.07444875519599013 
0.07303651825912956 0.07682689280294804 
0.0735367683841921 0.07928798375435027 
0.07403701850925462 0.08182194340882468 
0.07453726863431716 0.08441824321461024 
0.07503751875937968 0.08706596032787363 
0.07553776888444222 0.08975382963265383 
0.07603801900950474 0.09247029791675182 
0.07653826913456728 0.09520357994471093 
0.0770385192596298 0.09794171615705181 
0.07753876938469234 0.10067263171425986 
0.07803901950975488 0.10338419659469762 
0.0785392696348174 0.1060642864477175 
0.07903951975987994 0.10870084389682505 
0.07953976988494246 0.11128193998283728 
0.080040020010005 0.11379583543364213 
0.08054027013506752 0.11623104144540937 
0.08104052026013006 0.1185763796599767 
0.08154077038519258 0.12082104102463516 
0.08204102051025512 0.12295464322367353 
0.08254127063531766 0.1249672863758289 
0.08304152076038018 0.12684960669819342 
0.08354177088544272 0.12859282784514967 
0.08404202101050524 0.130188809640507 
0.08454227113556778 0.131630093932162 
0.0850425212606303 0.1329099473112569 
0.08554277138569284 0.1340224004519129 
0.08604302151075537 0.13496228384310355 
0.0865432716358179 0.13572525970104773 
0.08704352176088044 0.13630784986855526 
0.08754377188594296 0.13670745952696978 
0.0880440220110055 0.13692239656664545 
0.08854427213606803 0.1369518864831428 
0.08904452226113056 0.13679608268845886 
0.08954477238619309 0.13645607214949415 
0.09004502251125562 0.1359338762894889 
0.09054527263631815 0.13523244711222362 
0.09104552276138068 0.1343556585332509 
0.09154577288644322 0.13330829292716748 
0.09204602301150575 0.13209602292484818 
0.09254627313656828 0.13072538851947832 
0.0930465232616308 0.12920376956505253 
0.09354677338669334 0.1275393537755759 
0.09404702351175587 0.12574110035742228 
0.0945472736368184 0.12381869943100354 
0.09504752376188093 0.1217825274209859 
0.09554777388694347 0.11964359861660684 
0.09604802401200599 0.11741351312508193 
0.09654827413706853 0.11510440146152733 
0.09704852426213106 0.11272886603814125 
0.09754877438719359 0.11029991983347476 
0.09804902451225612 0.10783092253937573 
0.09854927463731865 0.10533551449850877 
0.09904952476238119 0.10282754875914879 
0.09954977488744371 0.10032102158612378 
0.10005002501250625 0.09783000177728146 
0.10055027513756877 0.09536855914358412 
0.10105052526263131 0.0929506925178584 
0.10155077538769385 0.09059025766227945 
0.10205102551275637 0.08830089544780491 
0.1025512756378189 0.08609596067998115 
0.10305152576288143 0.08398845194478251 
0.10355177588794397 0.08199094284541067 
0.10405202601300649 0.08011551499627574 
0.10455227613806903 0.07837369313371645 
0.10505252626313155 0.07677638269440232 
0.10555277638819409 0.07533381020184332 
0.10605302651325663 0.0740554667890401 
0.10655327663831915 0.07295005517110612 
0.10705352676338169 0.07202544036572626 
0.10755377688844421 0.07128860444167741 
0.10805402701350675 0.07074560555638894 
0.10855427713856927 0.07040154152276713 
0.10905452726363181 0.07026051812334166 
0.10955477738869433 0.07032562236632357 
0.11005502751375687 0.07059890085350895 
0.11055527763881941 0.07108134340423898 
0.11105552776388193 0.07177287205298089 
0.11155577788894447 0.0726723355106277 
0.11205602801400699 0.07377750915151167 
0.11255627813906953 0.07508510055949655 
0.11305652826413205 0.07659076063751856 
0.11355677838919459 0.07828910025575034 
0.11405702851425711 0.08017371238429308 
0.11455727863931965 0.08223719962714231 
0.11505752876438219 0.08447120704525966 
0.11555777888944471 0.08686646012808395 
0.11605802901450725 0.0894128077448765 
0.11655827913956977 0.09209926988007687 
0.11705852926463231 0.09491408993049358 
0.11755877938969483 0.0978447913168133 
0.11805902951475737 0.10087823813773199 
0.1185592796398199 0.10400069957211863 
0.11905952976488243 0.10719791771315088 
0.11955977988994497 0.11045517849844701 
0.1200600300150075 0.11375738538194881 
0.12056028014007003 0.11708913537683124 
0.12106053026513255 0.12043479708408879 
0.12156078039019509 0.12377859030879257 
0.12206103051525762 0.1271046668553912 
0.12256128064032015 0.13039719208491804 
0.12306153076538268 0.1336404268106246 
0.12356178089044521 0.13681880910442953 
0.12406203101550775 0.13991703558469404 
0.12456228114057027 0.1429201417562271 
0.1250625312656328 0.1458135809761064 
0.12556278139069535 0.14858330162385366 
0.12606303151575787 0.15121582206175135 
0.1265632816408204 0.15369830298054826 
0.12706353176588292 0.15601861673750134 
0.12756378189094547 0.15816541330753517 
0.128064032016008 0.16012818248424093 
0.12856428214107052 0.1618973119853989 
0.12906453226613307 0.1634641411376014 
0.1295647823911956 0.1648210098362937 
0.13006503251625812 0.16596130250102376 
0.13056528264132064 0.16687948677077813 
0.1310655327663832 0.16757114671087112 
0.13156578289144572 0.16803301033078796 
0.13206603301650824 0.16826297124154607 
0.13256628314157076 0.16826010431135466 
0.1330665332666333 0.16802467520948489 
0.13356678339169584 0.1675581437601377 
0.13406703351675836 0.1668631610605521 
0.1345672836418209 0.1659435603504569 
0.13506753376688344 0.1648043416530603 
0.13556778389194596 0.1634516502409286 
0.13606803401700848 0.16189274901312498 
0.13656828414207103 0.16013598490271103 
0.13706853426713356 0.1581907494659623 
0.13756878439219608 0.1560674338362401 
0.13806903451725863 0.15377737825623733 
0.13856928464232116 0.15133281643207488 
0.13906953476738368 0.14874681498134423 
0.1395697848924462 0.14603320827447047 
0.14007003501750875 0.1432065289945815 
0.14057028514257128 0.14028193476526077 
0.1410705352676338 0.1372751312179828 
0.14157078539269632 0.1342022918915769 
0.14207103551775888 0.1310799753745921 
0.1425712856428214 0.12792504011784722 
0.14307153576788392 0.12475455735864988 
0.14357178589294647 0.12158572261005623 
0.144072036018009 0.1184357661780628 
0.14457228614307152 0.11532186317669538 
0.14507253626813404 0.11226104351553923 
0.1455727863931966 0.1092701023363243 
0.14607303651825912 0.10636551137468497 
0.14657328664332164 0.10356333172017027 
0.1470735367683842 0.10087912844198745 
0.14757378689344672 0.09832788753983383 
0.14807403701850924 0.0959239356685433 
0.14857428714357176 0.09368086307219778 
0.14907453726863432 0.0916114501478828 
0.14957478739369684 0.08972759804147334 
0.15007503751875936 0.08804026365781963 
0.1505752876438219 0.0865593994455423 
0.15107553776888444 0.08529389829246882 
0.15157578789394696 0.08425154384167499 
0.15207603801900949 0.08343896651023215 
0.15257628814407204 0.08286160546331475 
0.15307653826913456 0.082523676765371 
0.15357678839419708 0.08242814789781885 
0.1540770385192596 0.08257671879934289 
0.15457728864432216 0.08296980955052322 
0.15507753876938468 0.0836065547893913 
0.1555777888944472 0.08448480490879248 
0.15607803901950976 0.0856011340503064 
0.15657828914457228 0.08695085487314408 
0.1570785392696348 0.08852804004009639 
0.15757878939469733 0.09032555032644651 
0.15807903951975988 0.09233506922198227 
0.1585792896448224 0.09454714386104102 
0.15907953976988493 0.09695123208108414 
0.15957978989494745 0.09953575537683232 
0.16008004002001 0.10228815748465431 
0.16058029014507252 0.1051949683009016 
0.16108054027013505 0.10824187280836708 
0.1615807903951976 0.11141378465720496 
0.16208104052026012 0.11469492402060802 
0.16258129064532265 0.11806889932148107 
0.16308154077038517 0.12151879240438986 
0.16358179089544772 0.1250272467073242 
0.16408204102051024 0.1285765579704332 
0.16458229114557277 0.1321487670039447 
0.16508254127063532 0.13572575402507747 
0.16558279139569784 0.13928933406394972 
0.16608304152076037 0.14282135293137335 
0.1665832916458229 0.14630378323701135 
0.16708354177088544 0.1497188199447266 
0.16758379189594796 0.1530489749530629 
0.1680840420210105 0.15627717019269047 
0.168584292146073 0.1593868287392977 
0.16908454227113556 0.16236196344978074 
0.1695847923961981 0.1651872626416618 
0.1700850425212606 0.16784817235035693 
0.17058529264632316 0.17033097471617575 
0.17108554277138568 0.17262286207266084 
0.1715857928964482 0.17471200632997955 
0.17208604302151073 0.17658762327143707 
0.17258629314657328 0.17824003140767522 
0.1730865432716358 0.1796607050616015 
0.17358679339669833 0.1808423213874259 
0.17408704352176088 0.18177880105919766 
0.1745872936468234 0.18246534239775675 
0.17508754377188593 0.18289844873988398 
0.17558779389694845 0.18307594888944034 
0.176088044022011 0.1829970105272605 
0.17658829414707353 0.1826621464942833 
0.17708854427213605 0.18207321390068376 
0.17758879439719857 0.1812334060523966 
0.17808904452226113 0.18014723722517453 
0.17858929464732365 0.17882052035501514 
0.17908954477238617 0.177260337752182 
0.17958979489744872 0.17547500498395294 
0.18009004502251125 0.17347402810841805 
0.18059029514757377 0.17126805447794297 
0.1810905452726363 0.168868817366085 
0.18159079539769885 0.16628907470562596 
0.18209104552276137 0.1635425422577653 
0.1825912956478239 0.16064382156322343 
0.18309154577288644 0.15760832305487213 
0.18359179589794897 0.15445218473836259 
0.1840920460230115 0.1511921868719282 
0.18459229614807401 0.1478456630989398 
0.18509254627313657 0.14443040850676647 
0.1855927963981991 0.14096458510295365 
0.1860930465232616 0.13746662521450884 
0.18659329664832414 0.1339551333281831 
0.1870935467733867 0.13044878689890352 
0.1875937968984492 0.12696623665994683 
0.18809404702351173 0.1235260069719679 
0.18859429714857429 0.12014639674861555 
0.1890945472736368 0.1168453814941512 
0.18959479739869933 0.11364051698324676 
0.19009504752376186 0.11054884510500632 
0.1905952976488244 0.10758680238225446 
0.19109554777388693 0.10477013166335042 
0.19159579789894945 0.10211379746723886 
0.19209604802401198 0.09963190544327621 
0.19259629814907453 0.0973376263856536 
0.19309654827413705 0.09524312521805733 
0.19359679839919958 0.09335949533776534 
0.19409704852426213 0.09169669867973267 
0.19459729864932465 0.09026351183059991 
0.19509754877438718 0.08906747849005728 
0.1955977988994497 0.08811486854286214 
0.19609804902451225 0.08741064396915395 
0.19659829914957477 0.08695843178380083 
0.1970985492746373 0.08676050415746653 
0.19759879939969985 0.08681776583320361 
0.19809904952476237 0.08712974891278756 
0.1985992996498249 0.08769461504697525 
0.19909954977488742 0.08850916502360728 
0.19959979989994997 0.08956885570717737 
0.2001000500250125 0.09086782424342006 
0.20060030015007502 0.09239891940280802 
0.20110055027513754 0.09415373989784193 
0.2016008004002001 0.09612267947086162 
0.20210105052526262 0.09829497851203207 
0.20260130065032514 0.10065878193134496 
0.2031015507753877 0.10320120297415238 
0.2036018009004502 0.10590839263707824 
0.20410205102551274 0.10876561431033162 
0.20460230115057526 0.11175732324365156 
0.2051025512756378 0.1148672504064773 
0.20560280140070034 0.11807849028865448 
0.20610305152576286 0.12137359216614585 
0.2066033016508254 0.12473465433698228 
0.20710355177588793 0.12814342081612692 
0.20760380190095046 0.13158137996418037 
0.20810405202601298 0.1350298645139562 
0.20860430215107553 0.1384701524510019 
0.20910455227613806 0.14188356819915096 
0.20960480240120058 0.14525158356023474 
0.2101050525262631 0.14855591785811623 
0.21060530265132565 0.15177863674128836 
0.21110555277638818 0.1549022491053415 
0.2116058029014507 0.15790980160664067 
0.21210605302651325 0.16078497025149308 
0.21260630315157578 0.16351214856087337 
0.2131065532766383 0.16607653182930654 
0.21360680340170082 0.16846419701772028 
0.21410705352676337 0.17066217784380266 
0.2146073036518259 0.1726585346595663 
0.21510755377688842 0.17444241873423097 
0.21560780390195097 0.17600413059108883 
0.2161080540270135 0.17733517207948551 
0.21660830415207602 0.17842829189732118 
0.21710855427713854 0.17927752431530253 
0.2176088044022011 0.17987822089140681 
0.21810905452726362 0.18022707500241586 
0.21860930465232614 0.18032213905875397 
0.21910955477738867 0.1801628343089834 
0.21960980490245122 0.17974995318097012 
0.22011005502751374 0.17908565414768635 
0.22061030515257626 0.17817344914665703 
0.22111055527763882 0.17701818362295446 
0.22161080540270134 0.17562600930615965 
0.22211105552776386 0.17400434987162774 
0.22261130565282639 0.17216185967550612 
0.22311155577788894 0.1701083757910089 
0.22361180590295146 0.1678548636102827 
0.22411205602801398 0.16541335631156046 
0.22461230615307654 0.16279688852502655 
0.22511255627813906 0.16001942456269846 
0.22561280640320158 0.15709578160751844 
0.2261130565282641 0.15404154828453187 
0.22661330665332666 0.1508729990624062 
0.22711355677838918 0.14760700495643678 
0.2276138069034517 0.14426094102447576 
0.22811405702851423 0.14085259116480475 
0.22861430715357678 0.13740005073973457 
0.2291145572786393 0.1339216275606005 
0.22961480740370183 0.13043574177872383 
0.23011505752876438 0.12696082523282057 
0.2306153076538269 0.1235152208062038 
0.23111555777888942 0.12011708234691885 
0.23161580790395195 0.11678427570069601 
0.2321160580290145 0.11353428140030902 
0.23261630815407702 0.11038409954562296 
0.23311655827913955 0.1073501573963492 
0.2336168084042021 0.10444822018438579 
0.23411705852926462 0.10169330563466575 
0.23461730865432714 0.09909960266278724 
0.23511755877938967 0.09668039469445484 
0.23561780890445222 0.09444798802605925 
0.23611805902951474 0.09241364561770746 
0.23661830915457727 0.09058752667983694 
0.2371185592796398 0.0889786323823689 
0.23761880940470234 0.08759475798138214 
0.23811905952976486 0.08644245162266447 
0.2386193096548274 0.08552698004447304 
0.23911955977988994 0.08485230136356939 
0.23961980990495246 0.08442104508933018 
0.240120060030015 0.0842344994706851 
0.2406203101550775 0.08429260624000116 
0.24112056028014006 0.08459396277708252 
0.24162081040520259 0.0851358316753723 
0.2421210605302651 0.08591415765149006 
0.24262131065532766 0.08692359169862074 
0.24312156078039018 0.08815752234423302 
0.2436218109054527 0.08960811383334805 
0.24412206103051523 0.09126635102034507 
0.24462231115557778 0.09312209071527033 
0.2451225612806403 0.0951641191950316 
0.24562281140570283 0.0973802155559037 
0.24612306153076535 0.0997572205516162 
0.2466233116558279 0.10228111053116015 
0.24712356178089043 0.10493707606244856 
0.24762381190595295 0.10770960480229762 
0.2481240620310155 0.11058256814998749 
0.24862431215607803 0.11353931120102222 
0.24912456228114055 0.11656274549979348 
0.24962481240620307 0.1196354440747142 
0.2501250625312656 0.12273973822715531 
0.25062531265632815 0.12585781553620573 
0.2511255627813907 0.12897181853499626 
0.2516258129064532 0.1320639435110471 
0.25212606303151575 0.1351165388828986 
0.2526263131565783 0.13811220260810472 
0.2531265632816408 0.1410338780835442 
0.25362681340670334 0.1438649480078657 
0.25412706353176584 0.146589325687677 
0.2546273136568284 0.14919154328380235 
0.25512756378189094 0.15165683651137787 
0.25562781390695344 0.1539712253277543 
0.256128064032016 0.15612159016492277 
0.25662831415707854 0.15809574328838327 
0.25712856428214104 0.15988249489189008 
0.2576288144072036 0.16147171356718887 
0.25812906453226614 0.16285438081949724 
0.25862931465732864 0.16402263933295924 
0.2591295647823912 0.1649698347253847 
0.2596298149074537 0.16569055056808205 
0.26013006503251623 0.166180636484331 
0.2606303151575788 0.16643722917875914 
0.2611305652826413 0.16645876628940967 
0.26163081540770383 0.16624499299437398 
0.2621310655327664 0.16579696134528565 
0.2626313156578289 0.16511702234052036 
0.26313156578289143 0.16420881079137256 
0.263631815907954 0.1630772230745852 
0.2641320660330165 0.16172838790413255 
0.26463231615807903 0.16016963029391756 
0.2651325662831415 0.15840942892079873 
0.2656328164082041 0.1564573671339106 
0.2661330665332666 0.15432407789137478 
0.2666333166583291 0.15202118293903838 
0.2671335667833917 0.14956122657760393 
0.2676338169084542 0.1469576043942916 
0.2681340670335167 0.14422448736281065 
0.26863431715857927 0.14137674174076628 
0.2691345672836418 0.13842984521654678 
0.2696348174087043 0.13539979977813113 
0.27013506753376687 0.13230304179394048 
0.2706353176588294 0.1291563498108303 
0.2711355677838919 0.12597675058642863 
0.27163581790895447 0.12278142388222404 
0.27213606803401696 0.11958760655007622 
0.2726363181590795 0.11641249644807955 
0.27313656828414207 0.11327315672198741 
0.27363681840920456 0.11018642098567556 
0.2741370685342671 0.10716879992841373 
0.27463731865932967 0.10423638986805717 
0.27513756878439216 0.10140478375774874 
0.2756378189094547 0.09868898513931569 
0.27613806903451726 0.09610332551947513 
0.27663831915957976 0.09366138562519165 
0.2771385692846423 0.09137592097225332 
0.2776388194097048 0.08925879215646382 
0.27813906953476736 0.08732090024991297 
0.2786393196598299 0.085572127655739 
0.2791395697848924 0.08402128474383119 
0.27963981990995496 0.08267606255716733 
0.2801400700350175 0.08154299184417357 
0.28064032016008 0.08062740863678312 
0.28114057028514255 0.07993342655699238 
0.2816408204102051 0.07946391599686105 
0.2821410705352676 0.07922049027828149 
0.28264132066033015 0.07920349885969129 
0.28314157078539265 0.07941202761742866 
0.2836418209104552 0.07984390618984549 
0.28414207103551775 0.08049572233284845 
0.28464232116058025 0.08136284319641629 
0.2851425712856428 0.08243944339310512 
0.28564282141070535 0.08371853969177412 
0.28614307153576785 0.08519203213297663 
0.2866433216608304 0.08685075132688996 
0.28714357178589295 0.08868451166043403 
0.28764382191095544 0.09068217010762772 
0.288144072036018 0.0928316903063688 
0.28864432216108055 0.09512021153589156 
0.28914457228614304 0.0975341222023284 
0.2896448224112056 0.10005913741519874 
0.2901450725362681 0.10268038021542553 
0.29064532266133064 0.10538246599574239 
0.2911455727863932 0.10814958963723113 
0.2916458229114557 0.11096561487127715 
0.29214607303651824 0.11381416536457041 
0.2926463231615808 0.11667871701592619 
0.2931465732866433 0.11954269094773814 
0.29364682341170584 0.12238954667181168 
0.2941470735367684 0.1252028749091741 
0.2946473236618309 0.12796648954621673 
0.29514757378689344 0.13066451821518918 
0.29564782391195593 0.1332814909955569 
0.2961480740370185 0.13580242674406115 
0.29664832416208103 0.1382129165753477 
0.29714857428714353 0.14049920403173316 
0.2976488244122061 0.14264826149992274 
0.29814907453726863 0.1446478624541725 
0.29864932466233113 0.1464866491293915 
0.2991495747873937 0.14815419525385376 
0.29964982491245623 0.1496410634993816 
0.3001500750375187 0.15093885733692258 
0.3006503251625813 0.15204026701720041 
0.3011505752876438 0.15293910942936673 
0.3016508254127063 0.15363036162516597 
0.3021510755377689 0.154110187831835 
0.30265132566283137 0.15437595981357088 
0.3031515757878939 0.15442627047875165 
0.3036518259129565 0.154260940667934 
0.30415207603801897 0.1538810190957846 
0.3046523261630815 0.15328877545831815 
0.3051525762881441 0.15248768675488733 
0.30565282641320657 0.15148241691209793 
0.3061530765382691 0.15027878983397863 
0.30665332666333167 0.14888375603913973 
0.30715357678839417 0.14730535308108353 
0.3076538269134567 0.14555265998207323 
0.3081540770385192 0.1436357459438968 
0.30865432716358177 0.14156561363021194 
0.3091545772886443 0.13935413734482568 
0.3096548274137068 0.13701399645805462 
0.31015507753876936 0.13455860445907028 
0.3106553276638319 0.1320020340357448 
0.3111555777888944 0.12935893860483005 
0.31165582791395696 0.12664447073420382 
0.3121560780390195 0.12387419791534149 
0.312656328164082 0.1210640161579809 
0.31315657828914456 0.11823006189010529 
0.31365682841420706 0.11538862265482576 
0.3141570785392696 0.11255604710141101 
0.31465732866433216 0.10974865477062697 
0.31515757878939465 0.1069826461746606 
0.3156578289144572 0.1042740136692215 
0.31615807903951976 0.10163845360997142 
0.31665832916458225 0.09909128027729272 
0.3171585792896448 0.0966473420425317 
0.31765882941470736 0.0943209402354364 
0.31815907953976985 0.0921257511565337 
0.3186593296648324 0.09007475165978061 
0.3191595797898949 0.0881801487101224 
0.31965982991495745 0.08645331329767161 
0.32016008004002 0.08490471906523597 
0.3206603301650825 0.08354388597904346 
0.32116058029014505 0.0823793293438349 
0.3216608304152076 0.08141851443324678 
0.3221610805402701 0.08066781697473072 
0.32266133066533265 0.08013248969531231 
0.3231615807903952 0.07981663510052434 
0.3236618309154577 0.07972318462399935 
0.32416208104052024 0.07985388424968418 
0.32466233116558274 0.080209286672671 
0.3251625812906453 0.08078875002838272 
0.32566283141570784 0.08159044318354773 
0.32616308154077034 0.08261135754623233 
0.3266633316658329 0.0838473253163685 
0.32716358179089544 0.08529304406293604 
0.32766383191595794 0.08694210747939816 
0.3281640820410205 0.08878704213538009 
0.32866433216608304 0.09081935001004462 
0.32916458229114554 0.09302955656141107 
0.3296648324162081 0.0954072640560744 
0.33016508254127064 0.09794120985564786 
0.33066533266633313 0.10061932932984298 
0.3311655827913957 0.1034288230416556 
0.3316658329164582 0.10635622782766287 
0.33216608304152073 0.10938749137617775 
0.3326663331665833 0.11250804988799135 
0.3331665832916458 0.11570290838875229 
0.33366683341670833 0.11895672324883698 
0.3341670835417709 0.12225388645580579 
0.3346673336668334 0.1255786111763724 
0.33516758379189593 0.12891501813921807 
0.3356678339169585 0.1322472223669858 
0.336168084042021 0.13555941978540395 
0.3366683341670835 0.1388359732397296 
0.337168584292146 0.14206149745349772 
0.3376688344172086 0.1452209424719043 
0.3381690845422711 0.14829967514202266 
0.3386693346673336 0.15128355819429354 
0.3391695847923962 0.1541590265043787 
0.3396698349174587 0.1569131601313418 
0.3401700850425212 0.15953375374714995 
0.34067033516758377 0.16200938209359367 
0.3411705852926463 0.16432946112570224 
0.3416708354177088 0.166484304525507 
0.34217108554277137 0.1684651752964315 
0.34267133566783387 0.1702643321764618 
0.3431715857928964 0.1718750706374665 
0.34367183591795897 0.17329175826840046 
0.34417208604302146 0.17450986437145272 
0.344672336168084 0.17552598363234362 
0.34517258629314657 0.17633785375872638 
0.34567283641820906 0.176944367013816 
0.3461730865432716 0.1773455756058304 
0.34667333666833416 0.17754269092727126 
0.34717358679339666 0.1775380766714662 
0.3476738369184592 0.1773352358868271 
0.34817408704352176 0.17693879206182636 
0.34867433716858426 0.17635446436558755 
0.3491745872936468 0.17558903720001337 
0.3496748374187093 0.1746503242494002 
0.35017508754377186 0.17354712724233462 
0.3506753376688344 0.17228918966819365 
0.3511755877938969 0.1708871457166106 
0.35167583791895946 0.16935246473271182 
0.352176088044022 0.16769739150362592 
0.3526763381690845 0.16593488271262083 
0.35317658829414705 0.16407853991610727 
0.3536768384192096 0.16214253941559328 
0.3541770885442721 0.16014155941137828 
0.35467733866933465 0.15809070483727253 
0.35517758879439715 0.15600543028589012 
0.3556778389194597 0.15390146144198735 
0.35617808904452225 0.15179471544694656 
0.35667833916958475 0.14970122062076624 
0.3571785892946473 0.14763703596882208 
0.35767883941970985 0.14561817089924453 
0.35817908954477234 0.14366050557300503 
0.3586793396698349 0.1417797123027627 
0.35917958979489745 0.13999117840826808 
0.35967983991995994 0.13830993092566282 
0.3601800900450225 0.13675056355547807 
0.360680340170085 0.13532716621956503 
0.36118059029514754 0.13405325758070505 
0.3616808404202101 0.13294172086033446 
0.3621810905452726 0.1320047432698132 
0.36268134067033514 0.1312537593490704 
0.3631815907953977 0.13069939848340636 
0.3636818409204602 0.1303514368448943 
0.36418209104552274 0.13021875397927718 
0.3646823411705853 0.13030929423273768 
0.3651825912956478 0.13063003318550365 
0.36568284142071034 0.13118694923115234 
0.3661830915457729 0.13198500041184058 
0.3666833416708354 0.13302810659064743 
0.36718359179589793 0.13431913701301143 
0.36768384192096043 0.13585990327992864 
0.368184092046023 0.1376511577264433 
0.36868434217108553 0.13969259717004684 
0.36918459229614803 0.1419828719651689 
0.3696848424212106 0.14451960027205565 
0.37018509254627313 0.1472993874212409 
0.3706853426713356 0.1503178502285422 
0.3711855927963982 0.1535696460903314 
0.37168584292146073 0.1570485066647644 
0.3721860930465232 0.16074727592187332 
0.3726863431715858 0.16465795232407032 
0.3731865932966483 0.168771734878711 
0.3736868434217108 0.17307907278612286 
0.3741870935467734 0.1775697183899117 
0.37468734367183587 0.18223278312153884 
0.3751875937968984 0.18705679611819784 
0.375687843921961 0.1920297651819216 
0.37618809404702347 0.19713923973867967 
0.376688344172086 0.20237237544906414 
0.37718859429714857 0.20771600011693325 
0.37768884442221107 0.21315668053917475 
0.3781890945472736 0.21868078993856574 
0.3786893446723361 0.22427457562245 
0.37918959479739867 0.22992422651268501 
0.3796898449224612 0.23561594019699714 
0.3801900950475237 0.24133598915835208 
0.38069034517258626 0.24707078584736303 
0.3811905952976488 0.25280694627281375 
0.3816908454227113 0.2585313517971734 
0.38219109554777386 0.2642312088373674 
0.3826913456728364 0.26989410618592397 
0.3831915957978989 0.27550806968390545 
0.38369184592296146 0.28106161399460844 
0.38419209604802396 0.2865437912457538 
0.3846923461730865 0.2919442363276992 
0.38519259629814906 0.2972532086559625 
0.38569284642321155 0.30246163022786604 
0.3861930965482741 0.3075611198253649 
0.38669334667333666 0.3125440232388602 
0.38719359679839915 0.31740343940997245 
0.3876938469234617 0.3221332424146867 
0.38819409704852426 0.3267280992318392 
0.38869434717358675 0.3311834832654526 
0.3891945972986493 0.33549568361288046 
0.38969484742371185 0.33966181009381435 
0.39019509754877435 0.3436797940779695 
0.3906953476738369 0.34754838517147935 
0.3911955977988994 0.3512671438435516 
0.39169584792396195 0.35483643009578164 
0.3921960980490245 0.3582573882963951 
0.392696348174087 0.3615319283206534 
0.39319659829914955 0.36466270315652216 
0.3936968484242121 0.36765308315140066 
0.3941970985492746 0.37050712709116396 
0.39469734867433715 0.37322955031693816 
0.3951975987993997 0.3758256900977564 
0.3956978489244622 0.3783014684885962 
0.39619809904952474 0.38066335291314163 
0.39669834917458724 0.3829183147189352 
0.3971985992996498 0.3850737859593796 
0.39769884942471234 0.3871376146622685 
0.39819909954977484 0.3891180188481941 
0.3986993496748374 0.39102353956425007 
0.39919959979989994 0.3928629931990073 
0.39969984992496244 0.39464542334372466 
0.400200100050025 0.39638005246225444 
0.40070035017508754 0.39807623362814243 
0.40120060030015003 0.39974340258201324 
0.4017008504252126 0.4013910303555873 
0.4022011005502751 0.4030285767006074 
0.40270135067533763 0.4046654445516567 
0.4032016008004002 0.40631093574139415 
0.4037018509254627 0.4079742081751988 
0.40420210105052523 0.40966423465969176 
0.4047023511755878 0.41138976356618245 
0.4052026013006503 0.4131592814958517 
0.40570285142571283 0.4149809780985767 
0.4062031015507754 0.4168627131817552 
0.4067033516758379 0.4188119862294718 
0.4072036018009004 0.4208359084359484 
0.407703851925963 0.4229411773405141 
0.4082041020510255 0.42513405413446986 
0.408704352176088 0.4274203436933023 
0.4092046023011505 0.4298053773707844 
0.4097048524262131 0.43229399857477757 
0.4102051025512756 0.4348905511280204 
0.4107053526763381 0.4375988704010411 
0.41120560280140067 0.44042227718859617 
0.4117058529264632 0.4433635742858484 
0.4122061030515257 0.44642504570589525 
0.41270635317658827 0.44960845846639413 
0.4132066033016508 0.45291506685988164 
0.4137068534267133 0.4563456191101164 
0.41420710355177587 0.4599003663053819 
0.41470735367683836 0.4635790734892637 
0.4152076038019009 0.4673810327799683 
0.41570785392696347 0.4713050783808934 
0.41620810405202596 0.4753496033378311 
0.4167083541770885 0.479512577891993 
0.41720860430215106 0.48379156927296946 
0.41770885442721356 0.48818376277176845 
0.4182091045522761 0.49268598393128643 
0.41870935467733866 0.4972947216898774 
0.41920960480240116 0.5020061523130939 
0.4197098549274637 0.5068161639492517 
0.4202101050525262 0.5117203816460391 
0.42071035517758876 0.5167141926680479 
0.4212106053026513 0.5217927719587551 
0.4217108554277138 0.5269511075950639 
0.42221110555277636 0.5321840260880212 
0.4227113556778389 0.5374862173896676 
0.4232116058029014 0.542852259473091 
0.42371185592796395 0.5482766423605995 
0.4242121060530265 0.5537537914834214 
0.424712356178089 0.5592780902653627 
0.42521260630315155 0.564843901832441 
0.4257128564282141 0.5704455897604565 
0.4262131065532766 0.5760775377827538 
0.42671335667833915 0.581734168391011 
0.42721360680340165 0.5874099602725825 
0.4277138569284642 0.5930994645387639 
0.42821410705352675 0.5987973197091606 
0.42871435717858924 0.6044982654280716 
0.4292146073036518 0.6101971548994414 
0.42971485742871435 0.6158889660372557 
0.43021510755377684 0.6215688113383511 
0.4307153576788394 0.6272319464943064 
0.43121560780390195 0.6328737777683296 
0.43171585792896444 0.6384898681718137 
0.432216108054027 0.6440759424834448 
0.4327163581790895 0.6496278911613099 
0.43321660830415204 0.6551417732054069 
0.4337168584292146 0.6606138180341564 
0.4342171085542771 0.6660404264440173 
0.43471735867933964 0.6714181707260299 
0.4352176088044022 0.6767437940170251 
0.4357178589294647 0.6820142089663658 
0.43621810905452724 0.687226495801378 
0.4367183591795898 0.6923778998760987 
0.4372186093046523 0.6974658287886204 
0.43771885942971483 0.7024878491521304 
0.43821910955477733 0.7074416831037831 
0.4387193596798399 0.7123252046337777 
0.43921960980490243 0.7171364358145159 
0.43971985992996493 0.7218735430064693 
0.4402201100550275 0.7265348331134764 
0.44072036018009003 0.731118749955628 
0.4412206103051525 0.735623870822725 
0.4417208604302151 0.7400489032656112 
0.44222111055527763 0.7443926821764794 
0.4427213606803401 0.7486541672026253 
0.4432216108054027 0.7528324405311424 
0.44372186093046523 0.7569267050747597 
0.4442221110555277 0.7609362830814852 
0.4447223611805903 0.7648606151830494 
0.44522261130565277 0.7686992598893249 
0.4457228614307153 0.7724518935281072 
0.4462231115557779 0.77611831062186 
0.44672336168084037 0.7796984246853647 
0.4472236118059029 0.7831922694207561 
0.44772386193096547 0.7866000002791858 
0.44822411205602797 0.7899218963514546 
0.4487243621810905 0.7931583625434312 
0.44922461230615307 0.796309931985965 
0.44972486243121557 0.7993772686234218 
0.4502251125562781 0.8023611699199146 
0.4507253626813406 0.8052625696178375 
0.45122561280640316 0.8080825404795093 
0.4517258629314657 0.8108222969395811 
0.4522261130565282 0.8134831975934337 
0.45272636318159076 0.8160667474451033 
0.4532266133066533 0.8185745998373356 
0.4537268634317158 0.8210085579862085 
0.45422711355677836 0.8233705760433907 
0.4547273636818409 0.8256627596105274 
0.4552276138069034 0.8278873656324209 
0.45572786393196596 0.8300468015986774 
0.45622811405702846 0.8321436239872089 
0.456728364182091 0.8341805358874612 
0.45722861430715356 0.8361603837464372 
0.45772886443221605 0.8380861531864291 
0.4582291145572786 0.8399609638499116 
0.45872936468234116 0.8417880632341318 
0.45922961480740365 0.8435708194855711 
0.4597298649324662 0.8453127131326331 
0.46023011505752875 0.8470173277434436 
0.46073036518259125 0.8486883395046153 
0.4612306153076538 0.8503295057260867 
0.4617308654327163 0.8519446522866087 
0.46223111555777885 0.853537660044113 
0.4627313656828414 0.855112450244937 
0.4632316158079039 0.8566729689756155 
0.46373186593296645 0.858223170710654 
0.464232116058029 0.8597670010192313 
0.4647323661830915 0.8613083785031155 
0.46523261630815405 0.8628511760471044 
0.4657328664332166 0.8643992014719766 
0.4662331165582791 0.8659561776881466 
0.46673336668334164 0.8675257224559245 
0.4672336168084042 0.8691113278654147 
0.4677338669334667 0.8707163396555304 
0.46823411705852924 0.8723439364973915 
0.46873436718359174 0.8739971093723287 
0.4692346173086543 0.8756786411789116 
0.46973486743371684 0.8773910867067085 
0.47023511755877934 0.8791367531168494 
0.4707353676838419 0.8809176810709388 
0.47123561780890444 0.8827356266502987 
0.47173586793396693 0.8845920442069837 
0.4722361180590295 0.886488070286463 
0.47273636818409204 0.8884245087592679 
0.47323661830915453 0.8904018172952809 
0.4737368684342171 0.8924200953097154 
0.4742371185592796 0.8944790735041561 
0.47473736868434213 0.8965781051193942 
0.4752376188094047 0.8987161590091539 
0.4757378689344672 0.9008918146352523 
0.47623811905952973 0.9031032590752802 
0.4767383691845923 0.9053482861235822 
0.4772386193096548 0.9076242975552088 
0.47773886943471733 0.9099283066106729 
0.4782391195597799 0.9122569437468551 
0.4787393696848424 0.91460646468625 
0.4792396198099049 0.9169727607831528 
0.4797398699349674 0.919351371711292 
0.48024012006003 0.9217375004629703 
0.4807403701850925 0.9241260306350997 
0.481240620310155 0.9265115459626053 
0.48174087043521757 0.92888835204475 
0.4822411205602801 0.9312505001949426 
0.4827413706853426 0.9335918133297961 
0.48324162081040517 0.935905913798562 
0.4837418709354677 0.9381862530397563 
0.4842421210605302 0.9404261429378845 
0.48474237118559277 0.9426187887398023 
0.4852426213106553 0.9447573233774089 
0.4857428714357178 0.9468348430313053 
0.48624312156078037 0.9488444437587116 
0.48674337168584286 0.9507792589984941 
0.4872436218109054 0.9526324977566519 
0.48774387193596797 0.9543974832671531 
0.48824412206103046 0.9560676919156272 
0.488744372186093 0.9576367922072285 
0.48924462231115556 0.9590986835549974 
0.48974487243621806 0.9604475346613498 
0.4902451225612806 0.9616778212629353 
0.49074537268634316 0.962784363008084 
0.49124562281140566 0.9637623592364235 
0.4917458729364682 0.9646074234320152 
0.4922461230615307 0.9653156161245601 
0.49274637318659326 0.9658834760178089 
0.4932466233116558 0.9663080491303797 
0.4937468734367183 0.9665869157415953 
0.49424712356178085 0.9667182149437672 
0.4947473736868434 0.9667006666125288 
0.4952476238119059 0.9665335906182824 
0.49574787393696845 0.9662169231145468 
0.496248124062031 0.9657512297529303 
0.4967483741870935 0.9651377156895043 
0.49724862431215605 0.9643782322634776 
0.49774887443721855 0.9634752802461666 
0.4982491245622811 0.9624320095762446 
0.49874937468734365 0.961252215516038 
0.49924962481240615 0.9599403311830995 
0.4997498749374687 0.9585014164313669 
0.5002501250625312 0.9569411430767383 
0.5007503751875938 0.9552657764827887 
0.5012506253126563 0.9534821535434947 
0.5017508754377188 0.951597657121083 
0.5022511255627814 0.9496201870183343 
0.5027513756878439 0.9475581275858318 
0.5032516258129064 0.9454203120854372 
0.503751875937969 0.9432159839517609 
0.5042521260630315 0.9409547551133268 
0.504752376188094 0.9386465615544494 
0.5052526263131566 0.9363016163173392 
0.5057528764382191 0.9339303601616702 
0.5062531265632816 0.9315434101154566 
0.5067533766883441 0.9291515061666579 
0.5072536268134067 0.9267654563592855 
0.5077538769384692 0.9243960805707868 
0.5082541270635317 0.9220541532591359 
0.5087543771885943 0.9197503454781581 
0.5092546273136568 0.9174951664682177 
0.5097548774387193 0.9152989051362909 
0.5102551275637819 0.9131715717446823 
0.5107553776888444 0.9111228401311317 
0.5112556278139069 0.9091619907847197 
0.5117558779389695 0.9072978551018585 
0.512256128064032 0.9055387611446588 
0.5127563781890945 0.9038924812201412 
0.5132566283141571 0.9023661815930442 
0.5137568784392196 0.9009663746374761 
0.5142571285642821 0.8996988737232667 
0.5147573786893447 0.8985687511217578 
0.5152576288144072 0.8975802992028676 
0.5157578789394697 0.8967369951806814 
0.5162581290645323 0.8960414696486215 
0.5167583791895948 0.8954954791274826 
0.5172586293146573 0.8950998828304038 
0.5177588794397199 0.8948546238282332 
0.5182591295647824 0.8947587147768853 
0.5187593796898449 0.8948102283452657 
0.5192596298149074 0.895006292458239 
0.51975987993997 0.8953430904441697 
0.5202601300650325 0.8958158661507678 
0.520760380190095 0.8964189340665661 
0.5212606303151576 0.8971456944584477 
0.5217608804402201 0.8979886535083678 
0.5222611305652826 0.8989394484049356 
0.5227613806903452 0.8999888773180129 
0.5232616308154077 0.9011269341570528 
0.5237618809404702 0.9023428479867517 
0.5242621310655328 0.9036251269468529 
0.5247623811905953 0.9049616064967353 
0.5252626313156578 0.906339501780026 
0.5257628814407204 0.9077454638798379 
0.5262631315657829 0.909165639711731 
0.5267633816908454 0.910585735279053 
0.527263631815908 0.9119910819942548 
0.5277638819409705 0.9133667057500747 
0.528264132066033 0.9146973984063667 
0.5287643821910956 0.9159677913419129 
0.5292646323161581 0.9171624307058315 
0.5297648824412206 0.9182658539904098 
0.530265132566283 0.9192626675363113 
0.5307653826913457 0.9201376245722755 
0.5312656328164082 0.9208757033847041 
0.5317658829414706 0.9214621852079602 
0.5322661330665333 0.9218827314238054 
0.5327663831915957 0.9221234596582859 
0.5332666333166582 0.9221710183664397 
0.5337668834417209 0.9220126594995929 
0.5342671335667833 0.9216363088565662 
0.5347673836918458 0.9210306337289889 
0.5352676338169085 0.9201851074619072 
0.535767883941971 0.9190900705640696 
0.5362681340670334 0.917736788017544 
0.536768384192096 0.9161175024536118 
0.5372686343171585 0.9142254828811504 
0.537768884442221 0.9120550686747769 
0.5382691345672836 0.9096017085529263 
0.5387693846923461 0.9068619943004756 
0.5392696348174086 0.9038336890165654 
0.5397698849424712 0.9005157496956018 
0.5402701350675337 0.8969083439781045 
0.5407703851925962 0.8930128609377129 
0.5412706353176588 0.888831915801335 
0.5417708854427213 0.8843693485308393 
0.5422711355677838 0.8796302162266936 
0.5427713856928463 0.8746207793463938 
0.5432716358179089 0.869348481763263 
0.5437718859429714 0.8638219247239376 
0.5442721360680339 0.8580508347955739 
0.5447723861930965 0.8520460259261767 
0.545272636318159 0.8458193557734139 
0.5457728864432215 0.8393836764885768 
0.5462731365682841 0.8327527801727928 
0.5467733866933466 0.8259413392521724 
0.5472736368184091 0.8189648420468618 
0.5477738869434717 0.8118395238360094 
0.5482741370685342 0.8045822937462745 
0.5487743871935967 0.7972106578154178 
0.5492746373186593 0.7897426386046866 
0.5497748874437218 0.782196691754107 
0.5502751375687843 0.7745916198930113 
0.5507753876938469 0.7669464843343519 
0.5512756378189094 0.7592805149953595 
0.5517758879439719 0.7516130189987379 
0.5522761380690345 0.7439632884178753 
0.552776388194097 0.736350507636475 
0.5532766383191595 0.7287936607973183 
0.5537768884442221 0.7213114398167252 
0.5542771385692846 0.7139221534406538 
0.5547773886943471 0.7066436378150401 
0.5552776388194096 0.6994931690372796 
0.5557778889444722 0.6924873781473647 
0.5562781390695347 0.6856421690064677 
0.5567783891945972 0.6789726394974739 
0.5572786393196598 0.6724930064663385 
0.5577788894447223 0.6662165348052976 
0.5582791395697848 0.6601554710587472 
0.5587793896948474 0.6543209819104081 
0.5592796398199099 0.6487230978861502 
0.5597798899449724 0.6433706625807307 
0.560280140070035 0.6382712876888057 
0.5607803901950975 0.6334313140912076 
0.56128064032016 0.6288557792165025 
0.5617808904452226 0.6245483908657254 
0.5622811405702851 0.6205115076549153 
0.5627813906953476 0.6167461261958437 
0.5632816408204102 0.6132518751004054 
0.5637818909454727 0.6100270158586272 
0.5642821410705352 0.6070684506043618 
0.5647823911955978 0.6043717367466854 
0.5652826413206603 0.6019311084089971 
0.5657828914457228 0.599739504581991 
0.5662831415707853 0.5977886038612448 
0.5667833916958479 0.596068865605407 
0.5672836418209104 0.5945695773169071 
0.5677838919459729 0.5932789080141017 
0.5682841420710355 0.592183967331885 
0.568784392196098 0.5912708700572579 
0.5692846423211605 0.5905248057772963 
0.5697848924462231 0.5899301132896022 
0.5702851425712856 0.5894703593997412 
0.5707853926963481 0.5891284217065729 
0.5712856428214107 0.5888865749548635 
0.5717858929464732 0.5887265805152421 
0.5722861430715357 0.588629778534588 
0.5727863931965983 0.5885771822853291 
0.5732866433216608 0.588549574230048 
0.5737868934467233 0.5885276033082532 
0.5742871435717859 0.5884918829452671 
0.5747873936968484 0.5884230892789133 
0.5752876438219109 0.5883020590981223 
0.5757878939469735 0.5881098869886743 
0.576288144072036 0.5878280211851437 
0.5767883941970985 0.5874383576345543 
0.5772886443221611 0.586923331786412 
0.5777888944472236 0.5862660076354727 
0.5782891445722861 0.5854501635578772 
0.5787893946973486 0.5844603744979664 
0.5792896448224112 0.5832820900821829 
0.5797898949474737 0.5819017082577688 
0.5802901450725362 0.5803066440774988 
0.5807903951975988 0.5784853932771516 
0.5812906453226613 0.5764275903198429 
0.5817908954477238 0.5741240606104667 
0.5822911455727864 0.5715668666142009 
0.5827913956978489 0.5687493476451482 
0.5832916458229114 0.5656661531245784 
0.583791895947974 0.5623132691426058 
0.5842921460730365 0.5586880381924881 
0.584792396198099 0.55478917198265 
0.5852926463231616 0.5506167572680413 
0.5857928964482241 0.5461722546791399 
0.5862931465732866 0.5414584905637806 
0.5867933966983492 0.5364796418936695 
0.5872936468234117 0.531241214323891 
0.5877938969484742 0.5257500135295909 
0.5882941470735368 0.5200141099792003 
0.5887943971985993 0.5140427973379116 
0.5892946473236618 0.5078465447283054 
0.5897948974487243 0.5014369431069787 
0.5902951475737869 0.49482664604662113 
0.5907953976988494 0.4880293052418556 
0.5912956478239119 0.4810595010844017 
0.5917958979489745 0.47393266867836975 
0.592296148074037 0.4666650196898145 
0.5927963981990995 0.4592734604457444 
0.5932966483241621 0.4517755067166302 
0.5937968984492246 0.44418919563297593 
0.5942971485742871 0.43653299520052036 
0.5947973986993497 0.42882571189013147 
0.5952976488244122 0.42108639678744714 
0.5957978989494747 0.41333425079356845 
0.5962981490745373 0.40558852937177775 
0.5967983991995998 0.39786844733628657 
0.5972986493246623 0.3901930841772898 
0.5977988994497249 0.38258129041228617 
0.5982991495747874 0.3750515954467043 
0.5987993996998499 0.3676221174173201 
0.5992996498249125 0.36031047547988637 
0.599799899949975 0.3531337049879512 
0.6003001500750375 0.3461081759929501 
0.6008004002001001 0.33924951547651633 
0.6013006503251626 0.3325725337047382 
0.601800900450225 0.32609115507074915 
0.6023011505752875 0.31981835376680984 
0.6028014007003502 0.31376609460016275 
0.6033016508254126 0.30794527923829895 
0.6038019009504751 0.3023656981393496 
0.6043021510755378 0.29703598839196765 
0.6048024012006002 0.29196359765681057 
0.6053026513256627 0.28715475436834625 
0.6058029014507254 0.28261444432177 
0.6063031515757878 0.27834639373525194 
0.6068034017008503 0.2743530588428389 
0.607303651825913 0.270635622038282 
0.6078039019509754 0.26719399455507065 
0.6083041520760379 0.26402682563315194 
0.6088044022011005 0.26113151808845575 
0.609304652326163 0.25850425016762263 
0.6098049024512255 0.25614000353733524 
0.6103051525762881 0.254032597225691 
0.6108054027013506 0.2521747273022075 
0.6113056528264131 0.2505580120535017 
0.6118059029514757 0.24917304238362278 
0.6123061530765382 0.2480094371415612 
0.6128064032016007 0.24705590305375988 
0.6133066533266633 0.24630029891660787 
0.6138069034517258 0.24572970368311173 
0.6143071535767883 0.2453304880592046 
0.6148074037018508 0.24508838920863343 
0.6153076538269134 0.24498858815115887 
0.6158079039519759 0.2450157894268877 
0.6163081540770384 0.24515430259010695 
0.616808404202101 0.24538812508892816 
0.6173086543271635 0.24570102608251407 
0.617808904452226 0.24607663074556063 
0.6183091545772886 0.24649850461011621 
0.6188094047023511 0.24695023749770917 
0.6193096548274136 0.24741552660004038 
0.6198099049524762 0.24787825827422394 
0.6203101550775387 0.24832258812860888 
0.6208104052026012 0.24873301898752104 
0.6213106553276638 0.24909447633778467 
0.6218109054527263 0.24939238087649096 
0.6223111555777888 0.24961271779807165 
0.6228114057028514 0.24974210247921788 
0.6233116558279139 0.24976784224240348 
0.6238119059529764 0.24967799390261647 
0.624312156078039 0.24946141682720932 
0.6248124062031015 0.24910782126541858 
0.625312656328164 0.24860781173188878 
0.6258129064532265 0.24795292525734827 
0.6263131565782891 0.2471356643491887 
0.6268134067033516 0.24614952453499983 
0.6273136568284141 0.24498901639287823 
0.6278139069534767 0.24364968200339182 
0.6283141570785392 0.24212810578929317 
0.6288144072036017 0.24042191974024008 
0.6293146573286643 0.2385298030506795 
0.6298149074537268 0.23645147622961749 
0.6303151575787893 0.2341876897709464 
0.6308154077038519 0.23174020750220575 
0.6313156578289144 0.2291117847580244 
0.6318159079539769 0.22630614155173454 
0.6323161580790395 0.22332793094473363 
0.632816408204102 0.2201827028379244 
0.6333166583291645 0.21687686343280332 
0.6338169084542271 0.2134176306314565 
0.6343171585792896 0.20981298566468193 
0.6348174087043521 0.20607162125561232 
0.6353176588294147 0.20220288664245586 
0.6358179089544772 0.1982167297982792 
0.6363181590795397 0.19412363719795978 
0.6368184092046023 0.18993457149256232 
0.6373186593296648 0.1856609074594157 
0.6378189094547273 0.1813143666019387 
0.6383191595797898 0.1769069507769066 
0.6388194097048524 0.17245087522827218 
0.6393196598299149 0.16795850140591467 
0.6398199099549774 0.1634422699447448 
0.64032016008004 0.15891463417455937 
0.6408204102051025 0.15438799452391613 
0.641320660330165 0.1498746341721226 
0.6418209104552276 0.14538665629232847 
0.6423211605802901 0.14093592321573067 
0.6428214107053526 0.13653399783213357 
0.6433216608304152 0.13219208752561842 
0.6438219109554777 0.12792099092611678 
0.6443221610805402 0.12373104773814621 
0.6448224112056028 0.11963209188718779 
0.6453226613306653 0.11563340820219607 
0.6458229114557278 0.11174369282967254 
0.6463231615807904 0.10797101755076499 
0.6468234117058529 0.10432279814816113 
0.6473236618309154 0.10080576694421932 
0.647823911955978 0.09742594960596221 
0.6483241620810405 0.0941886462865631 
0.648824412206103 0.091098417146695 
0.6493246623311655 0.08815907227292849 
0.6498249124562281 0.08537366598440174 
0.6503251625812906 0.08274449549325595 
0.6508254127063531 0.0802731038591634 
0.6513256628314157 0.07796028715369269 
0.6518259129564782 0.0758061057264692 
0.6523261630815407 0.07380989944217221 
0.6528264132066033 0.07197030673557615 
0.6533266633316658 0.0702852873111247 
0.6538269134567283 0.06875214829409937 
0.6543271635817909 0.0673675736224062 
0.6548274137068534 0.066127656451409 
0.6553276638319159 0.06502793432924955 
0.6558279139569785 0.0640634268866943 
0.656328164082041 0.0632286757739143 
0.6568284142071035 0.06251778656666335 
0.6573286643321661 0.06192447235626525 
0.6578289144572286 0.06144209873151966 
0.6583291645822911 0.061063729856274895 
0.6588294147073537 0.060782175343876144 
0.6593296648324162 0.060590037629040625 
0.6598299149574787 0.060479759538924455 
0.6603301650825413 0.060443671768173356 
0.6608304152076038 0.06047403996758076 
0.6613306653326663 0.06056311116257236 
0.6618309154577288 0.060703159225998435 
0.6623311655827914 0.06088652913962826 
0.6628314157078539 0.06110567979019768 
0.6633316658329164 0.06135322505877777 
0.663831915957979 0.061621972976526156 
0.6643321660830415 0.061904962735440286 
0.664832416208104 0.06219549935946367 
0.6653326663331666 0.06248718585903966 
0.6658329164582291 0.06277395271092172 
0.6663331665832916 0.06305008452450804 
0.6668334167083542 0.06331024377613872 
0.6673336668334167 0.06354949151346838 
0.6678339169584792 0.06376330495309744 
0.6683341670835418 0.06394759191600502 
0.6688344172086043 0.06409870206676208 
0.6693346673336668 0.06421343494395453 
0.6698349174587294 0.06428904479052931 
0.6703351675837919 0.064323242213772 
0.6708354177088544 0.0643141927251832 
0.671335667833917 0.06426051223055954 
0.6718359179589795 0.06416125955990892 
0.672336168084042 0.0640159261453824 
0.6728364182091046 0.06382442297303864 
0.673336668334167 0.06358706495087628 
0.6738369184592296 0.06330455285106887 
0.674337168584292 0.06297795299861916 
0.6748374187093547 0.06260867489166852 
0.6753376688344171 0.06219844695029263 
0.6758379189594796 0.06174929060085199 
0.6763381690845423 0.061263492911620525 
0.6768384192096047 0.06074357800262668 
0.6773386693346672 0.060192277458210874 
0.6778389194597298 0.05961249997479856 
0.6783391695847923 0.05900730047878801 
0.6788394197098548 0.05837984895019788 
0.6793396698349174 0.05773339918687935 
0.6798399199599799 0.057071257741654245 
0.6803401700850424 0.056396753260726476 
0.680840420210105 0.055713206446166647 
0.6813406703351675 0.05502390085824387 
0.68184092046023 0.054332054764909404 
0.6823411705852926 0.05364079423592591 
0.6828414207103551 0.05295312766800647 
0.6833416708354176 0.05227192191501629 
0.6838419209604802 0.05159988018383439 
0.6843421710855427 0.05093952184203114 
0.6848424212106052 0.050293164268102375 
0.6853426713356677 0.04966290685883837 
0.6858429214607303 0.049050617291491294 
0.6863431715857928 0.04845792012095046 
0.6868434217108553 0.04788618777419122 
0.6873436718359179 0.047336533986010614 
0.6878439219609804 0.04680980970158759 
0.6883441720860429 0.0463066014528401 
0.6888444222111055 0.04582723219706057 
0.689344672336168 0.04537176458793656 
0.6898449224612305 0.044940006631057856 
0.6903451725862931 0.04453151965833604 
0.6908454227113556 0.04414562853870432 
0.6913456728364181 0.043781434026000245 
0.6918459229614807 0.043437827129251996 
0.6923461730865432 0.043113505375791714 
0.6928464232116057 0.04280699082374995 
0.6933466733366683 0.042516649667706755 
0.6938469234617308 0.042240713269636646 
0.6943471735867933 0.041977300436857386 
0.6948474237118559 0.0417244407595617 
0.6953476738369184 0.041480098812756105 
0.6958479239619809 0.041242199021037006 
0.6963481740870435 0.041008650979741997 
0.696848424212106 0.04077737502254896 
0.6973486743371685 0.04054632782368196 
0.697848924462231 0.0403135278224534 
0.6983491745872936 0.04007708025896821 
0.6988494247123561 0.039835201612436866 
0.6993496748374186 0.039586243237645355 
0.6998499249624812 0.039328714000695125 
0.7003501750875437 0.039061301722138175 
0.7008504252126062 0.038782893244010935 
0.7013506753376688 0.03849259294697571 
0.7018509254627313 0.03818973955474957 
0.7023511755877938 0.03787392107517151 
0.7028514257128564 0.03754498774050133 
0.7033516758379189 0.037203062823841206 
0.7038519259629814 0.03684855122377041 
0.704352176088044 0.0364821457253043 
0.7048524262131065 0.03610483086202077 
0.705352676338169 0.03571788432154076 
0.7058529264632316 0.03532287585435734 
0.7063531765882941 0.03492166366418212 
0.7068534267133566 0.03451638827641905 
0.7073536768384192 0.03410946389987836 
0.7078539269634817 0.03370356731538388 
0.7083541770885442 0.033301624343322705 
0.7088544272136067 0.03290679396027224 
0.7093546773386693 0.03252245015262917 
0.7098549274637318 0.03215216161234534 
0.7103551775887943 0.0317996693965149 
0.7108554277138569 0.031468862688396194 
0.7113556778389194 0.031163752812474965 
0.7118559279639819 0.03088844567022158 
0.7123561780890445 0.030647112776190318 
0.712856428214107 0.030443961085965372 
0.7133566783391695 0.030283201818058398 
0.7138569284642321 0.030169018481175862 
0.7143571785892946 0.030105534326187174 
0.7148574287143571 0.03009677944861108 
0.7153576788394197 0.030146657772415292 
0.7158579289644822 0.030258914149388322 
0.7163581790895447 0.03043710181022029 
0.7168584292146073 0.03068455040373025 
0.7173586793396698 0.031004334859383836 
0.7178589294647323 0.031399245305337165 
0.7183591795897949 0.03187175826975408 
0.7188594297148574 0.03242400938708628 
0.7193596798399199 0.03305776782340507 
0.7198599299649825 0.0337744126257555 
0.720360180090045 0.03457491118997387 
0.7208604302151075 0.0354598000294505 
0.72136068034017 0.03642916801405579 
0.7218609304652326 0.037482642233947344 
0.7223611805902951 0.03861937662730266 
0.7228614307153576 0.03983804349430202 
0.7233616808404202 0.041136828001985676 
0.7238619309654827 0.0425134257660883 
0.7243621810905452 0.04396504357664714 
0.7248624312156078 0.04548840331431338 
0.7253626813406703 0.0470797490838822 
0.7258629314657328 0.04873485757080241 
0.7263631815907954 0.050449051605455375 
0.7268634317158579 0.052217216898875554 
0.7273636818409204 0.0540338218925343 
0.727863931965983 0.055892940643942624 
0.7283641820910455 0.057788278649207034 
0.728864432216108 0.059713201483554065 
0.7293646823411706 0.06166076612126452 
0.7298649324662331 0.06362375477757495 
0.7303651825912956 0.06559471109704876 
0.7308654327163582 0.0675659784958476 
0.7313656828414207 0.0695297404492508 
0.7318659329664832 0.07147806250093522 
0.7323661830915458 0.07340293575691877 
0.7328664332166083 0.07529632161484824 
0.7333666833416708 0.07715019746854276 
0.7338669334667333 0.07895660311848379 
0.7343671835917959 0.08070768761130676 
0.7348674337168584 0.08239575622540285 
0.7353676838419209 0.08401331731547688 
0.7358679339669835 0.08555312872646079 
0.736368184092046 0.08700824348643191 
0.7368684342171085 0.08837205448932692 
0.7373686843421711 0.0896383378811344 
0.7378689344672336 0.09080129486796538 
0.7383691845922961 0.09185559167091134 
0.7388694347173587 0.09279639736086816 
0.7393696848424212 0.09361941931649313 
0.7398699349674837 0.09432093606012319 
0.7403701850925463 0.0948978272397897 
0.7408704352176088 0.09534760054027332 
0.7413706853426713 0.09566841532244394 
0.7418709354677339 0.09585910280782481 
0.7423711855927964 0.0959191826442435 
0.7428714357178589 0.0958488757085861 
0.7433716858429215 0.09564911302383837 
0.743871935967984 0.0953215406897248 
0.7443721860930465 0.09486852074917444 
0.744872436218109 0.09429312793646077 
0.7453726863431716 0.09359914227697652 
0.745872936468234 0.09279103753314627 
0.7463731865932965 0.09187396551574337 
0.7468734367183592 0.09085373630474772 
0.7473736868434216 0.08973679444870368 
0.7478739369684841 0.08853019123613215 
0.7483741870935467 0.08724155315682115 
0.7488744372186092 0.08587904669456316 
0.7493746873436717 0.08445133961601783 
0.7498749374687343 0.08296755894267005 
0.7503751875937968 0.08143724581425106 
0.7508754377188593 0.07987030747227258 
0.751375687843922 0.07827696661143695 
0.7518759379689844 0.07666770836447487 
0.7523761880940469 0.07505322520230916 
0.7528764382191095 0.07344436004623195 
0.753376688344172 0.07185204790197054 
0.7538769384692345 0.07028725633690111 
0.7543771885942971 0.068760925131335 
0.7548774387193596 0.06728390544247834 
0.7553776888444221 0.06586689882551139 
0.7558779389694847 0.06452039645997604 
0.7563781890945472 0.06325461893151459 
0.7568784392196097 0.0620794569186535 
0.7573786893446722 0.06100441313207803 
0.7578789394697348 0.060038545849405045 
0.7583791895947973 0.059190414382068526 
0.7588794397198598 0.05846802680247312 
0.7593796898449224 0.05787879024915155 
0.7598799399699849 0.05742946411529267 
0.7603801900950474 0.05712611641180071 
0.76088044022011 0.056974083579978865 
0.7613806903451725 0.05697793401123914 
0.761880940470235 0.057141435511828285 
0.7623811905952976 0.05746752692971484 
0.7628814407203601 0.057958294138485876 
0.7633816908454226 0.058614950549537984 
0.7638819409704852 0.05943782229915348 
0.7643821910955477 0.06042633823130725 
0.7648824412206102 0.061579024770485456 
0.7653826913456728 0.06289350575148817 
0.7658829414707353 0.06436650724532199 
0.7663831915957978 0.06599386739203117 
0.7668834417208604 0.06777055122283036 
0.7673836918459229 0.0696906704253118 
0.7678839419709854 0.07174750797704468 
0.7683841920960479 0.07393354754466389 
0.7688844422211105 0.07624050751775373 
0.769384692346173 0.07865937951964072 
0.7698849424712355 0.08118047121075982 
0.7703851925962981 0.08379345317473887 
0.7708854427213606 0.08648740965283375 
0.7713856928464231 0.08925089286911744 
0.7718859429714857 0.09207198066690234 
0.7723861930965482 0.09493833715641305 
0.7728864432216107 0.09783727605494771 
0.7733866933466733 0.10075582638363019 
0.7738869434717358 0.10368080016960646 
0.7743871935967983 0.10659886178919496 
0.7748874437218609 0.10949659857618657 
0.7753876938469234 0.11236059231023282 
0.7758879439719859 0.11517749119321755 
0.7763881940970485 0.1179340819165903 
0.776888444222111 0.12061736142002699 
0.7773886943471735 0.12321460794139491 
0.7778889444722361 0.12571345095991848 
0.7783891945972986 0.12810193963859587 
0.7788894447223611 0.1303686093783866 
0.7793896948474237 0.13250254610533804 
0.7798899449724862 0.13449344792269458 
0.7803901950975487 0.13633168377303972 
0.7808904452226112 0.13800834877059265 
0.7813906953476738 0.13951531588084842 
0.7818909454727363 0.14084528364373203 
0.7823911955977988 0.14199181965720306 
0.7828914457228614 0.1429493995607253 
0.7833916958479239 0.1437134412820354 
0.7838919459729864 0.1442803343361193 
0.784392196098049 0.14464746399206851 
0.7848924462231115 0.1448132301513867 
0.785392696348174 0.144777060810235 
0.7858929464732366 0.1445394200078094 
0.7863931965982991 0.14410181019345064 
0.7868934467233616 0.1434667689759459 
0.7873936968484242 0.14263786024970299 
0.7878939469734867 0.14161965972378243 
0.7883941970985492 0.1404177349110826 
0.7888944472236118 0.1390386196660387 
0.7893946973486743 0.1374897833898772 
0.7898949474737368 0.13577959505257642 
0.7903951975987994 0.13391728221002944 
0.7908954477238619 0.1319128852233677 
0.7913956978489244 0.1297772069147596 
0.791895947973987 0.12752175792012546 
0.7923961980990495 0.1251586980239498 
0.792896448224112 0.12270077378458287 
0.7933966983491745 0.12016125277994319 
0.7938969484742371 0.11755385482327331 
0.7943971985992996 0.11489268051644246 
0.7948974487243621 0.11219213752407016 
0.7953976988494247 0.10946686496544594 
0.7958979489744872 0.10673165633272669 
0.7963981990995497 0.10400138135311018 
0.7968984492246123 0.10129090721958453 
0.7973986993496748 0.09861501961942389 
0.7978989494747373 0.09598834399169888 
0.7983991995997999 0.09342526744483197 
0.7988994497248624 0.09093986176252211 
0.7993996998499249 0.08854580792126837 
0.7998999499749875 0.08625632253523062 
0.80040020010005 0.08408408663437408 
0.8009004502251125 0.08204117716967722 
0.8014007003501751 0.08013900162488548 
0.8019009504752376 0.07838823609776586 
0.8024012006003001 0.07679876719527835 
0.8029014507253627 0.07537963806656088 
0.8034017008504252 0.07413899887526706 
0.8039019509754877 0.07308406198873212 
0.8044022011005502 0.07222106213574582 
0.8049024512256128 0.07155522175764122 
0.8054027013506753 0.07109072174898785 
0.8059029514757378 0.0708306777546443 
0.8064032016008004 0.07077712215944225 
0.8069034517258629 0.0709309918754645 
0.8074037018509254 0.07129212199998136 
0.807903951975988 0.0718592453847556 
0.8084042021010505 0.07262999812480306 
0.808904452226113 0.07360093094204863 
0.8094047023511756 0.0747675264067155 
0.8099049524762381 0.07612422190704567 
0.8104052026013006 0.07766443824612863 
0.8109054527263632 0.07938061371351646 
0.8114057028514257 0.08126424344897147 
0.8119059529764882 0.08330592388643043 
0.8124062031015508 0.08549540203814285 
0.8129064532266133 0.0878216293521497 
0.8134067033516758 0.09027281985097636 
0.8139069534767384 0.0928365122357406 
0.8144072036018009 0.0954996356179588 
0.8149074537268634 0.09824857852130431 
0.815407703851926 0.10106926077756241 
0.8159079539769885 0.10394720792506701 
0.816408204102051 0.10686762770419563 
0.8169084542271134 0.10981548823300287 
0.817408704352176 0.11277559743697832 
0.8179089544772385 0.11573268330008461 
0.818409204602301 0.11867147449998529 
0.8189094547273637 0.12157678098841557 
0.8194097048524261 0.12443357407824042 
0.8199099549774886 0.12722706560176184 
0.8204102051025512 0.12994278571026555 
0.8209104552276137 0.13256665889265865 
0.8214107053526762 0.13508507780123621 
0.8219109554777388 0.13748497448511127 
0.8224112056028013 0.13975388864655647 
0.8229114557278638 0.14188003255235224 
0.8234117058529264 0.14385235225113102 
0.8239119559779889 0.14566058476852747 
0.8244122061030514 0.14729531097457157 
0.824912456228114 0.14874800384208095 
0.8254127063531765 0.1500110718406671 
0.825912956478239 0.15107789723820292 
0.8264132066033016 0.15194286911011398 
0.8269134567283641 0.15260141088639168 
0.8274137068534266 0.15305000229671548 
0.8279139569784892 0.15328619560526005 
0.8284142071035517 0.1533086260585273 
0.8289144572286142 0.1531170165016831 
0.8294147073536767 0.15271217615116617 
0.8299149574787393 0.15209599354372083 
0.8304152076038018 0.15127142371411886 
0.8309154577288643 0.1502424696856455 
0.8314157078539269 0.14901415838870005 
0.8319159579789894 0.1475925111533944 
0.8324162081040519 0.1459845089517083 
0.8329164582291145 0.144198052593363 
0.833416708354177 0.1422419181069875 
0.8339169584792395 0.1401257075641825 
0.8344172086043021 0.13785979562860298 
0.8349174587293646 0.1354552721350902 
0.8354177088544271 0.1329238810249616 
0.8359179589794897 0.13027795598280414 
0.8364182091045522 0.12753035313733954 
0.8369184592296147 0.12469438120410012 
0.8374187093546773 0.12178372946055839 
0.8379189594797398 0.11881239395519237 
0.8384192096048023 0.1157946023603397 
0.8389194597298649 0.11274473788484865 
0.8394197098549274 0.10967726266628305 
0.8399199599799899 0.10660664106383211 
0.8404202101050524 0.10354726327204843 
0.840920460230115 0.1005133696722211 
0.8414207103551775 0.09751897633245482 
0.84192096048024 0.09457780205956581 
0.8424212106053026 0.09170319739561095 
0.8429214607303651 0.08890807593951289 
0.8434217108554276 0.08620484835965647 
0.8439219609804902 0.08360535944682544 
0.8444222111055527 0.08112082853839499 
0.8449224612306152 0.07876179362444335 
0.8454227113556778 0.07653805942451732 
0.8459229614807403 0.07445864970032173 
0.8464232116058028 0.07253176404471472 
0.8469234617308654 0.07076473936126809 
0.8474237118559279 0.06916401622139196 
0.8479239619809904 0.06773511025786036 
0.848424212106053 0.06648258872459756 
0.8489244622311155 0.06541005232301755 
0.849424712356178 0.06452012236520976 
0.8499249624812406 0.0638144333139796 
0.8504252126063031 0.06329363070941753 
0.8509254627313656 0.06295737446138036 
0.8514257128564282 0.0628043474572786 
0.8519259629814907 0.0628322694049928 
0.8524262131065532 0.06303791580176049 
0.8529264632316157 0.06341714189168662 
0.8534267133566783 0.06396491144725883 
0.8539269634817408 0.06467533018404492 
0.8544272136068033 0.06554168359279457 
0.8549274637318659 0.06655647894956415 
0.8554277138569284 0.0677114912423859 
0.8559279639819909 0.068997812732509 
0.8564282141070535 0.07040590584949408 
0.856928464232116 0.07192565910252549 
0.8574287143571785 0.07354644567526708 
0.8579289644822411 0.07525718435863044 
0.8584292146073036 0.0770464024648265 
0.8589294647323661 0.07890230035728335 
0.8594297148574287 0.08081281722432254 
0.8599299649824912 0.08276569772001052 
0.8604302151075537 0.08474855909330403 
0.8609304652326163 0.08674895842655254 
0.8614307153576788 0.08875445960649864 
0.8619309654827413 0.09075269965522093 
0.8624312156078039 0.09273145405486315 
0.8629314657328664 0.09467870070848272 
0.8634317158579289 0.096582682189858 
0.8639319659829914 0.09843196594757704 
0.864432216108054 0.10021550214301896 
0.8649324662331165 0.10192267881797104 
0.865432716358179 0.1035433741053441 
0.8659329664832416 0.10506800521579178 
0.8664332166083041 0.10648757395375401 
0.8669334667333666 0.10779370853847849 
0.8674337168584292 0.10897870152878368 
0.8679339669834917 0.11003554367451004 
0.8684342171085542 0.1109579535426938 
0.8689344672336168 0.11174040279227815 
0.8694347173586793 0.11237813699751142 
0.8699349674837418 0.11286719194691444 
0.8704352176088044 0.11320440537166099 
0.8709354677338669 0.11338742408425995 
0.8714357178589294 0.11341470653535417 
0.871935967983992 0.11328552082314847 
0.8724362181090545 0.11299993821627224 
0.872936468234117 0.1125588222765717 
0.8734367183591796 0.11196381369335191 
0.8739369684842421 0.11121731096470633 
0.8744372186093046 0.11032244708473826 
0.8749374687343672 0.10928306241743144 
0.8754377188594297 0.10810367395874598 
0.8759379689844922 0.10678944120780848 
0.8764382191095547 0.1053461288860033 
0.8769384692346173 0.10378006675904755 
0.8774387193596798 0.10209810683178017 
0.8779389694847423 0.10030757819825839 
0.8784392196098049 0.09841623984084409 
0.8789394697348674 0.09643223168112433 
0.8794397198599299 0.09436402419284899 
0.8799399699849925 0.09222036689233255 
0.880440220110055 0.09001023602519274 
0.8809404702351175 0.0877427817696836 
0.8814407203601801 0.08542727527628208 
0.8819409704852426 0.08307305586070596 
0.882441220610305 0.08068947866307975 
0.8829414707353677 0.07828586307962412 
0.8834417208604302 0.07587144226512482 
0.8839419709854927 0.07345531399448074 
0.8844422211105553 0.0710463931600485 
0.8849424712356178 0.06865336616823746 
0.8854427213606803 0.06628464748412553 
0.8859429714857429 0.06394833855664062 
0.8864432216108054 0.06165218933946923 
0.8869434717358678 0.05940356260415494 
0.8874437218609305 0.05720940122216967 
0.887943971985993 0.05507619857211615 
0.8884442221110554 0.05300997220677223 
0.8889444722361179 0.051016240892625235 
0.8894447223611806 0.049100005111944164 
0.889944972486243 0.04726573109449177 
0.8904452226113055 0.04551733842280863 
0.8909454727363681 0.04385819123176135 
0.8914457228614306 0.04229109299989105 
0.8919459729864931 0.0408182849071849 
0.8924462231115557 0.0394414477113094 
0.8929464732366182 0.0381617070723434 
0.8934467233616807 0.0369796422346092 
0.8939469734867433 0.03589529795365082 
0.8944472236118058 0.03490819953666632 
0.8949474737368683 0.034017370846076284 
0.8954477238619309 0.03322135509837969 
0.8959479739869934 0.03251823827420614 
0.8964482241120559 0.03190567494053508 
0.8969484742371185 0.03138091627263411 
0.897448724362181 0.030940840051255143 
0.8979489744872435 0.030581982400322907 
0.8984492246123061 0.03030057102158604 
0.8989494747373686 0.030092559675702322 
0.8994497248624311 0.029953663653925388 
0.8999499749874936 0.029879395981003934 
0.9004502251125562 0.029865104088154584 
0.9009504752376187 0.029906006694943008 
0.9014507253626812 0.0299972306406664 
0.9019509754877438 0.030133847409339005 
0.9024512256128063 0.030310909097559142 
0.9029514757378688 0.030523483581431657 
0.9034517258629314 0.030766688647163178 
0.9039519759879939 0.031035724860009294 
0.9044522261130564 0.03132590695770595 
0.904952476238119 0.031632693567443554 
0.9054527263631815 0.03195171505958463 
0.905952976488244 0.03227879936672625 
0.9064532266133066 0.03260999561317177 
0.9069534767383691 0.03294159541728474 
0.9074537268634316 0.03327015174752749 
0.9079539769884942 0.03359249523195093 
0.9084542271135567 0.033905747840535246 
0.9089544772386192 0.034207333879835336 
0.9094547273636818 0.034494988259742544 
0.9099549774887443 0.03476676201277358 
0.9104552276138068 0.035021025066849315 
0.9109554777388694 0.03525646629306639 
0.9114557278639319 0.03547209087018034 
0.9119559779889944 0.03566721502743338 
0.9124562281140569 0.035841458246674944 
0.9129564782391195 0.03599473302347603 
0.913456728364182 0.03612723230484596 
0.9139569784892445 0.03623941473820234 
0.9144572286143071 0.03633198788227267 
0.9149574787393696 0.03640588954549527 
0.9154577288644321 0.036462267431158914 
0.9159579789894947 0.03650245728085204 
0.9164582291145572 0.036527959718759676 
0.9169584792396197 0.03654041600876723 
0.9174587293646823 0.036541582944246205 
0.9179589794897448 0.03653330709670509 
0.9184592296148073 0.03651749865411164 
0.9189594797398699 0.03649610508266227 
0.9194597298649324 0.03647108484701369 
0.9199599799899949 0.03644438142352861 
0.9204602301150575 0.0364178978388761 
0.92096048024012 0.03639347196242007 
0.9214607303651825 0.03637285277524324 
0.9219609804902451 0.03635767783138076 
0.9224612306153076 0.036349452117984224 
0.9229614807403701 0.036349528510728805 
0.9234617308654326 0.03635909000884004 
0.9239619809904952 0.03637913392083282 
0.9244622311155577 0.036410458157392876 
0.9249624812406202 0.03645364977195906 
0.9254627313656828 0.03650907587257594 
0.9259629814907453 0.03657687701057234 
0.9264632316158078 0.03665696313270433 
0.9269634817408704 0.03674901216374944 
0.9274637318659329 0.03685247126619369 
0.9279639819909954 0.036966560802882895 
0.928464232116058 0.03709028100729184 
0.9289644822411205 0.037222421344694986 
0.929464732366183 0.03736157252606617 
0.9299649824912456 0.03750614111511942 
0.9304652326163081 0.03765436664775233 
0.9309654827413706 0.03780434116235275 
0.9314657328664332 0.03795403101913522 
0.9319659829914957 0.038101300867040964 
0.9324662331165582 0.03824393959791125 
0.9329664832416208 0.03837968810972077 
0.9334667333666833 0.03850626868381531 
0.9339669834917458 0.038621415765436054 
0.9344672336168084 0.03872290792243255 
0.9349674837418709 0.038808600744125815 
0.9354677338669334 0.0388764604308081 
0.9359679839919959 0.03892459781453213 
0.9364682341170585 0.038951302543664384 
0.936968484242121 0.038955077157254415 
0.9374687343671835 0.03893467077068305 
0.9379689844922461 0.03888911209127867 
0.9384692346173086 0.03881774148179084 
0.9389694847423711 0.038720241790654225 
0.9394697348674337 0.03859666767102695 
0.9399699849924962 0.03844747311552166 
0.9404702351175587 0.038273536940483605 
0.9409704852426213 0.03807618596241772 
0.9414707353676838 0.03785721561987793 
0.9419709854927463 0.03761890780659061 
0.9424712356178089 0.037364045695854095 
0.9429714857428714 0.03709592535219019 
0.9434717358679339 0.03681836394377098 
0.9439719859929965 0.036535704388190565 
0.944472236118059 0.03625281628464498 
0.9449724862431215 0.03597509300731186 
0.9454727363681841 0.03570844485767026 
0.9459729864932466 0.03545928819745534 
0.9464732366183091 0.0352345305088292 
0.9469734867433717 0.035041551353922944 
0.9474737368684342 0.03488817923218489 
0.9479739869934967 0.03478266436056384 
0.9484742371185592 0.03473364742854329 
0.9489744872436218 0.03475012440707091 
0.9494747373686843 0.03484140751744326 
0.9499749874937468 0.035017082492978434 
0.9504752376188094 0.03528696229271361 
0.9509754877438719 0.035661037452188515 
0.9514757378689344 0.036149423281502044 
0.951975987993997 0.03676230414504489 
0.9524762381190595 0.03750987508051479 
0.952976488244122 0.03840228103677429 
0.9534767383691846 0.03944955403077305 
0.9539769884942471 0.0406615485428958 
0.9544772386193096 0.04204787548760789 
0.9549774887443722 0.043617835112064754 
0.9554777388694347 0.045380349189239305 
0.9559779889944972 0.047343892884072536 
0.9564782391195598 0.049516426681010306 
0.9569784892446223 0.05190532876903158 
0.9574787393696848 0.05451732828572756 
0.9579789894947474 0.05735843982527812 
0.9584792396198099 0.060433899615978434 
0.9589794897448723 0.06374810377156948 
0.9594797398699348 0.06730454901673903 
0.9599799899949975 0.07110577628094054 
0.96048024012006 0.07515331754606017 
0.9609804902451224 0.07944764632252553 
0.961480740370185 0.08398813211513306 
0.9619809904952475 0.0887729992243855 
0.96248124062031 0.093799290211329 
0.9629814907453726 0.09906283433408762 
0.9634817408704351 0.10455822124231988 
0.9639819909954976 0.11027878019207032 
0.9644822411205602 0.1162165650178168 
0.9649824912456227 0.12236234507119417 
0.9654827413706852 0.12870560230701542 
0.9659829914957478 0.13523453466696075 
0.9664832416208103 0.14193606587973573 
0.9669834917458728 0.14879586176397824 
0.9674837418709354 0.1557983530866653 
0.9679839919959979 0.16292676499554065 
0.9684842421210604 0.17016315300934606 
0.968984492246123 0.17748844551453796 
0.9694847423711855 0.18488249268186258 
0.969984992496248 0.1923241216809755 
0.9704852426213106 0.19979119803629325 
0.9709854927463731 0.207260692932662 
0.9714857428714356 0.21470875624555708 
0.9719859929964981 0.2221107950373466 
0.9724862431215607 0.22944155722913046 
0.9729864932466232 0.23667522012667386 
0.9734867433716857 0.2437854834494922 
0.9739869934967483 0.25074566648417695 
0.9744872436218108 0.2575288089567402 
0.9749874937468733 0.2641077751944551 
0.9754877438719359 0.27045536112528384 
0.9759879939969984 0.2765444036427914 
0.9764882441220609 0.28234789184660564 
0.9769884942471235 0.287839079652948 
0.977488744372186 0.2929915992568348 
0.9779889944972485 0.2977795749171242 
0.9784892446223111 0.3021777365279848 
0.9789894947473736 0.3061615324352736 
0.9794897448724361 0.3097072409542568 
0.9799899949974987 0.31279208004567016 
0.9804902451225612 0.3153943146106247 
0.9809904952476237 0.3174933608711302 
0.9814907453726863 0.3190698873121594 
0.9819909954977488 0.3201059116730528 
0.9824912456228113 0.3205848934906983 
0.9829914957478738 0.3204918217142541 
0.9834917458729364 0.3198132969310973 
0.9839919959979989 0.3185376077660718 
0.9844922461230614 0.3166548010409962 
0.984992496248124 0.31415674530846716 
0.9854927463731865 0.3110371874032834 
0.985992996498249 0.30729180168609155 
0.9864932466233116 0.30291823168699866 
0.9869934967483741 0.297916123891725 
0.9874937468734366 0.2922871534492062 
0.9879939969984992 0.2860350416172192 
0.9884942471235617 0.27916556480142724 
0.9889944972486242 0.27168655508297984 
0.9894947473736868 0.26360789217022723 
0.9899949974987493 0.25494148675120043 
0.9904952476238118 0.2457012552647104 
0.9909954977488744 0.23590308614935873 
0.9914957478739369 0.22556479767103038 
0.9919959979989994 0.2147060874703571 
0.992496248124062 0.20334847401196182 
0.9929964982491245 0.19151523015699895 
0.993496748374187 0.17923130911903976 
0.9939969984992496 0.16652326310078575 
0.9944972486243121 0.15341915494524094 
0.9949974987493746 0.139948463169358 
0.9954977488744371 0.1261419807809517 
0.9959979989994997 0.11203170831042704 
0.9964982491245622 0.09765074151764344 
0.9969984992496247 0.08303315426061049 
0.9974987493746873 0.06821387703677957 
0.9979989994997498 0.05322857172930385 
0.9984992496248123 0.03811350310950333 
0.9989994997498749 0.022905407662890533 
0.9994997498749374 0.007641360319596848 
1.0 0.0 
