xdata ydata 
0.0 3.923887829852375e-11 
0.0005002501250625312 4.125069809330476e-11 
0.0010005002501250625 4.336349566931214e-11 
0.0015007503751875936 4.558222605194588e-11 
0.002001000500250125 4.7912081612733456e-11 
0.0025012506253126563 5.0358503147294956e-11 
0.003001500750375187 5.292719145607727e-11 
0.0035017508754377185 5.5624119449983995e-11 
0.00400200100050025 5.845554480398606e-11 
0.004502251125562781 6.142802318275477e-11 
0.0050025012506253125 6.454842206340318e-11 
0.005502751375687844 6.782393518146786e-11 
0.006003001500750374 7.126209762737723e-11 
0.006503251625812906 7.487080162179998e-11 
0.007003501750875437 7.865831299946833e-11 
0.007503751875937968 8.26332884323137e-11 
0.0080040020010005 8.680479342404931e-11 
0.00850425212606303 9.118232110969244e-11 
0.009004502251125562 9.57758118949016e-11 
0.009504752376188093 1.005956739714955e-10 
0.010005002501250625 1.0565280474701232e-10 
0.010505252626313155 1.1095861322775922e-10 
0.011005502751375688 1.1652504339645407e-10 
0.011505752876438218 1.2236459862725037e-10 
0.012006003001500749 1.2849036718273984e-10 
0.01250625312656328 1.349160488393569e-10 
0.013006503251625811 1.416559826895339e-10 
0.013506753376688344 1.48725176170972e-10 
0.014007003501750874 1.5613933537545167e-10 
0.014507253626813406 1.639148966917736e-10 
0.015007503751875937 1.7206905983967537e-10 
0.015507753876938469 1.8061982235390135e-10 
0.016008004002001 1.8958601558001687e-10 
0.01650825412706353 1.9898734224611144e-10 
0.01700850425212606 2.0884441567711875e-10 
0.017508754377188594 2.1917880072124635e-10 
0.018009004502251125 2.3001305646082082e-10 
0.018509254627313655 2.4137078078277645e-10 
0.019009504752376186 2.532766568871258e-10 
0.01950975487743872 2.65756501814886e-10 
0.02001000500250125 2.788373170802252e-10 
0.02051025512756378 2.925473414950839e-10 
0.02101050525262631 3.0691610627802856e-10 
0.02151075537768884 3.219744925427898e-10 
0.022011005502751375 3.377547912658681e-10 
0.022511255627813906 3.542907658364376e-10 
0.023011505752876436 3.716177172960875e-10 
0.023511755877938967 3.897725523800844e-10 
0.024012006003001497 4.087938544764425e-10 
0.02451225612806403 4.287219576236223e-10 
0.02501250625312656 4.495990236726103e-10 
0.025512756378189092 4.714691227439692e-10 
0.026013006503251623 4.943783171158396e-10 
0.026513256628314157 5.183747486841042e-10 
0.027013506753376687 5.435087301415762e-10 
0.027513756878439218 5.698328400289105e-10 
0.028014007003501748 5.974020218159015e-10 
0.02851425712856428 6.262736871781219e-10 
0.029014507253626812 6.565078236403668e-10 
0.029514757378689343 6.881671067649876e-10 
0.030015007503751873 7.213170170703605e-10 
0.030515257628814404 7.56025961871836e-10 
0.031015507753876938 7.923654022450557e-10 
0.03151575787893947 8.304099853194152e-10 
0.032016008004002 8.702376821174284e-10 
0.03251625812906453 9.119299311641654e-10 
0.03301650825412706 9.55571788099685e-10 
0.03351675837918959 1.0012520815363788e-09 
0.03401700850425212 1.0490635754124285e-09 
0.03451725862931466 1.099103138102445e-09 
0.03501750875437719 1.151471918556169e-09 
0.03551775887943972 1.2062755297468716e-09 
0.03601800900450225 1.2636242397215626e-09 
0.03651825912956478 1.323633170556529e-09 
0.03701850925462731 1.3864225055333077e-09 
0.03751875937968984 1.45211770486222e-09 
0.03801900950475237 1.5208497302930087e-09 
0.0385192596298149 1.5927552789652515e-09 
0.03901950975487744 1.6679770268642758e-09 
0.03951975987993997 1.7466638822625902e-09 
0.0400200100050025 1.8289712495410137e-09 
0.04052026013006503 1.915061303798445e-09 
0.04102051025512756 2.0051032766750356e-09 
0.04152076038019009 2.099273753829288e-09 
0.04202101050525262 2.19775698452603e-09 
0.04252126063031515 2.3007452038097355e-09 
0.04302151075537768 2.408438967755247e-09 
0.04352176088044022 2.521047502306166e-09 
0.04402201100550275 2.6387890662307166e-09 
0.04452226113056528 2.7618913287441936e-09 
0.04502251125562781 2.8905917623676585e-09 
0.04552276138069034 3.025138051613873e-09 
0.04602301150575287 3.165788518113254e-09 
0.0465232616308154 3.31281256281505e-09 
0.047023511755877934 3.4664911259231315e-09 
0.047523761880940464 3.6271171652490226e-09 
0.048024012006002995 3.794996153691076e-09 
0.04852426213106553 3.970446596573923e-09 
0.04902451225612806 4.153800569609392e-09 
0.04952476238119059 4.3454042782684185e-09 
0.05002501250625312 4.545618639381756e-09 
0.050525262631315654 4.7548198858172165e-09 
0.051025512756378184 4.97340019511247e-09 
0.051525762881440715 5.201768342973719e-09 
0.052026013006503245 5.440350382584053e-09 
0.052526263131565776 5.689590350699491e-09 
0.05302651325662831 5.949951001545196e-09 
0.053526763381690844 6.221914569562337e-09 
0.054027013506753374 6.505983562092594e-09 
0.054527263631815905 6.802681583126617e-09 
0.055027513756878435 7.1125541892839015e-09 
0.055527763881940966 7.436169779232393e-09 
0.056028014007003496 7.774120517799364e-09 
0.056528264132066026 8.127023296070667e-09 
0.05702851425712856 8.495520728820527e-09 
0.057528764382191094 8.880282190661971e-09 
0.058029014507253625 9.282004892357744e-09 
0.058529264632316155 9.701414998782245e-09 
0.059029514757378686 1.0139268790076875e-08 
0.059529764882441216 1.0596353867597327e-08 
0.06003001500750375 1.1073490406304848e-08 
0.06053026513256628 1.1571532455315287e-08 
0.06103051525762881 1.209136928837519e-08 
0.06153076538269134 1.2633926806100251e-08 
0.062031015507753876 1.3200168991872795e-08 
0.0625312656328164 1.3791099423361952e-08 
0.06303151575787894 1.4407762841698419e-08 
0.06353176588294146 1.5051246780406718e-08 
0.064032016008004 1.5722683256268342e-08 
0.06453226613306653 1.64232505243677e-08 
0.06503251625812906 1.7154174899648402e-08 
0.0655327663831916 1.7916732647386003e-08 
0.06603301650825412 1.871225194506984e-08 
0.06653326663331666 1.954211491826931e-08 
0.06703351675837918 2.040775975314702e-08 
0.06753376688344172 2.1310682888375443e-08 
0.06803401700850424 2.2252441289305008e-08 
0.06853426713356678 2.3234654807328964e-08 
0.06903451725862932 2.4259008627490052e-08 
0.06953476738369184 2.5327255807478713e-08 
0.07003501750875438 2.6441219911275455e-08 
0.0705352676338169 2.7602797740803432e-08 
0.07103551775887944 2.881396216906882e-08 
0.07153576788394196 3.0076765078381524e-08 
0.0720360180090045 3.1393340407372996e-08 
0.07253626813406702 3.276590731064856e-08 
0.07303651825912956 3.41967734350416e-08 
0.0735367683841921 3.568833831656787e-08 
0.07403701850925462 3.7243096902315276e-08 
0.07453726863431716 3.8863643201645205e-08 
0.07503751875937968 4.055267407122253e-08 
0.07553776888444222 4.231299313854663e-08 
0.07603801900950474 4.414751486880399e-08 
0.07653826913456728 4.605926878002379e-08 
0.0770385192596298 4.8051403811681105e-08 
0.07753876938469234 5.012719285206227e-08 
0.07803901950975488 5.229003742987389e-08 
0.0785392696348174 5.4543472575763425e-08 
0.07903951975987994 5.689117185960264e-08 
0.07953976988494246 5.933695260956398e-08 
0.080040020010005 6.18847813192324e-08 
0.08054027013506752 6.453877924918416e-08 
0.08104052026013006 6.730322822966933e-08 
0.08154077038519258 7.018257667126366e-08 
0.08204102051025512 7.318144579055778e-08 
0.08254127063531766 7.630463605818579e-08 
0.08304152076038018 7.955713387672984e-08 
0.08354177088544272 8.29441184962762e-08 
0.08404202101050524 8.647096917563857e-08 
0.08454227113556778 9.014327259753244e-08 
0.0850425212606303 9.39668305462277e-08 
0.08554277138569284 9.79476678564981e-08 
0.08604302151075537 1.0209204064293938e-07 
0.0865432716358179 1.064064448190327e-07 
0.08704352176088044 1.1089762491561585e-07 
0.08754377188594296 1.1557258320872012e-07 
0.0880440220110055 1.2043858916705623e-07 
0.08854427213606803 1.255031892297392e-07 
0.08904452226113056 1.3077421692517544e-07 
0.08954477238619309 1.3625980334237726e-07 
0.09004502251125562 1.419683879663143e-07 
0.09054527263631815 1.4790872988925738e-07 
0.09104552276138068 1.5408991941047542e-07 
0.09154577288644322 1.6052139003696785e-07 
0.09204602301150575 1.6721293089835924e-07 
0.09254627313656828 1.741746995894421e-07 
0.0930465232616308 1.8141723545429495e-07 
0.09354677338669334 1.8895147332629097e-07 
0.09404702351175587 1.9678875773879203e-07 
0.0945472736368184 2.0494085762172151e-07 
0.09504752376188093 2.1341998149969989e-07 
0.09554777388694347 2.2223879320789172e-07 
0.09604802401200599 2.3141042814218281e-07 
0.09654827413706853 2.40948510060831e-07 
0.09704852426213106 2.5086716845520304e-07 
0.09754877438719359 2.6118105650779305e-07 
0.09804902451225612 2.719053696561962e-07 
0.09854927463731865 2.830558647823008e-07 
0.09904952476238119 2.9464888004653903e-07 
0.09954977488744371 3.0670135538758603e-07 
0.10005002501250625 3.1923085370850606e-07 
0.10055027513756877 3.322555827710089e-07 
0.10105052526263131 3.457944178200312e-07 
0.10155077538769385 3.5986692496155394e-07 
0.10205102551275637 3.7449338531725445e-07 
0.1025512756378189 3.8969481998020485e-07 
0.10305152576288143 4.0549301579660007e-07 
0.10355177588794397 4.219105519991762e-07 
0.10405202601300649 4.389708277187425e-07 
0.10455227613806903 4.566980904009763e-07 
0.10505252626313155 4.751174651564542e-07 
0.10555277638819409 4.942549850726446e-07 
0.10605302651325663 5.141376225174308e-07 
0.10655327663831915 5.347933214645551e-07 
0.10705352676338169 5.562510308722842e-07 
0.10755377688844421 5.785407391473597e-07 
0.10805402701350675 6.016935097273846e-07 
0.10855427713856927 6.257415178155138e-07 
0.10905452726363181 6.507180883024686e-07 
0.10955477738869433 6.766577349116914e-07 
0.11005502751375687 7.035962006046056e-07 
0.11055527763881941 7.315704992838821e-07 
0.11105552776388193 7.606189588336197e-07 
0.11155577788894447 7.90781265536603e-07 
0.11205602801400699 8.220985099096957e-07 
0.11255627813906953 8.546132339996456e-07 
0.11305652826413205 8.883694801827805e-07 
0.11355677838919459 9.234128415131896e-07 
0.11405702851425711 9.597905136651687e-07 
0.11455727863931965 9.97551348517069e-07 
0.11505752876438219 1.0367459094248725e-06 
0.11555777888944471 1.0774265282350664e-06 
0.11605802901450725 1.1196473640878908e-06 
0.11655827913956977 1.1634644640632545e-06 
0.11705852926463231 1.2089358257230055e-06 
0.11755877938969483 1.2561214616048429e-06 
0.11805902951475737 1.3050834657243665e-06 
0.1185592796398199 1.3558860821434666e-06 
0.11905952976488243 1.4085957756647336e-06 
0.11955977988994497 1.4632813047130238e-06 
0.1200600300150075 1.5200137964670888e-06 
0.12056028014007003 1.5788668243057403e-06 
0.12106053026513255 1.6399164876346315e-06 
0.12156078039019509 1.7032414941616092e-06 
0.12206103051525762 1.7689232446901687e-06 
0.12256128064032015 1.837045920502479e-06 
0.12306153076538268 1.9076965734052868e-06 
0.12356178089044521 1.9809652185136213e-06 
0.12406203101550775 2.0569449298495986e-06 
0.12456228114057027 2.1357319388351857e-06 
0.1250625312656328 2.2174257357598606e-06 
0.12556278139069535 2.302129174306435e-06 
0.12606303151575787 2.389948579220023e-06 
0.1265632816408204 2.4809938572073927e-06 
0.12706353176588292 2.5753786111563445e-06 
0.12756378189094547 2.673220257766733e-06 
0.128064032016008 2.774640148686935e-06 
0.12856428214107052 2.8797636952523587e-06 
0.12906453226613307 2.988720496924501e-06 
0.1295647823911956 3.101644473531528e-06 
0.13006503251625812 3.218674001414279e-06 
0.13056528264132064 3.339952053583476e-06 
0.1310655327663832 3.465626343997071e-06 
0.13156578289144572 3.595849476068672e-06 
0.13206603301650824 3.7307790955216774e-06 
0.13256628314157076 3.870578047705195e-06 
0.1330665332666333 4.015414539491633e-06 
0.13356678339169584 4.16546230587838e-06 
0.13406703351675836 4.320900781418739e-06 
0.1345672836418209 4.481915276610435e-06 
0.13506753376688344 4.648697159373e-06 
0.13556778389194596 4.8214440417485485e-06 
0.13606803401700848 5.0003599719631105e-06 
0.13656828414207103 5.185655631989716e-06 
0.13706853426713356 5.377548540757067e-06 
0.13756878439219608 5.576263263150911e-06 
0.13806903451725863 5.782031624959182e-06 
0.13856928464232116 5.995092933915118e-06 
0.13906953476738368 6.2156942069956694e-06 
0.1395697848924462 6.444090404137141e-06 
0.14007003501750875 6.680544668532476e-06 
0.14057028514257128 6.9253285736793244e-06 
0.1410705352676338 7.1787223773510415e-06 
0.14157078539269632 7.4410152826673745e-06 
0.14207103551775888 7.712505706444844e-06 
0.1425712856428214 7.993501555010948e-06 
0.14307153576788392 8.284320507671529e-06 
0.14357178589294647 8.585290308022477e-06 
0.144072036018009 8.896749063303307e-06 
0.14457228614307152 9.219045551994101e-06 
0.14507253626813404 9.552539539860112e-06 
0.1455727863931966 9.89760210465456e-06 
0.14607303651825912 1.0254615969694244e-05 
0.14657328664332164 1.0623975846526313e-05 
0.1470735367683842 1.1006088786910276e-05 
0.14757378689344672 1.1401374544343533e-05 
0.14807403701850924 1.1810265945363823e-05 
0.14857428714357176 1.2233209270866191e-05 
0.14907453726863432 1.2670664647678502e-05 
0.14957478739369684 1.3123106450642874e-05 
0.15007503751875936 1.3591023715456762e-05 
0.1505752876438219 1.4074920562532118e-05 
0.15107553776888444 1.4575316632137039e-05 
0.15157578789394696 1.5092747531087993e-05 
0.15207603801900949 1.5627765291268932e-05 
0.15257628814407204 1.618093884025621e-05 
0.15307653826913456 1.6752854484336273e-05 
0.15357678839419708 1.734411640420694e-05 
0.1540770385192596 1.7955347163660903e-05 
0.15457728864432216 1.8587188231553584e-05 
0.15507753876938468 1.9240300517364993e-05 
0.1555777888944472 1.9915364920672657e-05 
0.15607803901950976 2.061308289485445e-05 
0.15657828914457228 2.133417702535077e-05 
0.1570785392696348 2.2079391622821147e-05 
0.15757878939469733 2.2849493331533076e-05 
0.15807903951975988 2.364527175333252e-05 
0.1585792896448224 2.4467540087548877e-05 
0.15907953976988493 2.5317135787194668e-05 
0.15957978989494745 2.619492123182636e-05 
0.16008004002001 2.7101784417441548e-05 
0.16058029014507252 2.8038639663792564e-05 
0.16108054027013505 2.9006428339503244e-05 
0.1615807903951976 3.0006119605385668e-05 
0.16208104052026012 3.1038711176358184e-05 
0.16258129064532265 3.210523010237262e-05 
0.16308154077038517 3.320673356876942e-05 
0.16358179089544772 3.434430971648459e-05 
0.16408204102051024 3.5519078482537136e-05 
0.16458229114557277 3.673219246124048e-05 
0.16508254127063532 3.798483778658227e-05 
0.16558279139569784 3.9278235036225765e-05 
0.16608304152076037 4.061364015759942e-05 
0.1665832916458229 4.199234541654085e-05 
0.16708354177088544 4.341568036897657e-05 
0.16758379189594796 4.488501285611983e-05 
0.1680840420210105 4.6401750023688195e-05 
0.168584292146073 4.7967339365635796e-05 
0.16908454227113556 4.9583269792915496e-05 
0.1695847923961981 5.1251072727790507e-05 
0.1700850425212606 5.297232322422289e-05 
0.17058529264632316 5.4748641114872906e-05 
0.17108554277138568 5.658169218525836e-05 
0.1715857928964482 5.8473189375624944e-05 
0.17208604302151073 6.042489401108883e-05 
0.17258629314657328 6.243861706062603e-05 
0.1730865432716358 6.451622042548635e-05 
0.17358679339669833 6.665961825761887e-05 
0.17408704352176088 6.88707783087106e-05 
0.1745872936468234 7.11517233104437e-05 
0.17508754377188593 7.350453238658374e-05 
0.17558779389694845 7.593134249752948e-05 
0.176088044022011 7.843434991795491e-05 
0.17658829414707353 8.101581174818508e-05 
0.17708854427213605 8.367804745996401e-05 
0.17758879439719857 8.642344047727039e-05 
0.17808904452226113 8.925443979285634e-05 
0.17858929464732365 9.217356162118444e-05 
0.17908954477238617 9.518339108846322e-05 
0.17958979489744872 9.828658396046829e-05 
0.18009004502251125 0.00010148586840886105 
0.18059029514757377 0.00010478404681673402 
0.1810905452726363 0.0001081839976240927 
0.18159079539769885 0.00011168867721402328 
0.18209104552276137 0.00011530112184028986 
0.1825912956478239 0.0001190244495971169 
0.18309154577288644 0.0001228618624319189 
0.18359179589794897 0.00012681664820175987 
0.1840920460230115 0.00013089218277432196 
0.18459229614807401 0.00013509193217417444 
0.18509254627313657 0.00013941945477515593 
0.1855927963981991 0.00014387840353967475 
0.1860930465232616 0.00014847252830574767 
0.18659329664832414 0.0001532056781226208 
0.1870935467733867 0.0001580818036358019 
0.1875937968984492 0.00016310495952235395 
0.18809404702351173 0.00016827930697732327 
0.18859429714857429 0.00017360911625215447 
0.1890945472736368 0.00017909876924597653 
0.18959479739869933 0.00018475276215065142 
0.19009504752376186 0.00019057570815047656 
0.1905952976488244 0.00019657234017744362 
0.19109554777388693 0.00020274751372296594 
0.19159579789894945 0.00020910620970701513 
0.19209604802401198 0.00021565353740556797 
0.19259629814907453 0.00022239473743732526 
0.19309654827413705 0.00022933518481064254 
0.19359679839919958 0.00023648039203163433 
0.19409704852426213 0.00024383601227440102 
0.19459729864932465 0.0002514078426143722 
0.19509754877438718 0.00025920182732573003 
0.1955977988994497 0.0002672240612439065 
0.19609804902451225 0.00027548079319414956 
0.19659829914957477 0.00028397842948716436 
0.1970985492746373 0.00029272353748282864 
0.19759879939969985 0.0003017228492230125 
0.19809904952476237 0.0003109832651345217 
0.1985992996498249 0.00032051185780318525 
0.19909954977488742 0.0003303158758201419 
0.19959979989994997 0.00034040274770135397 
0.2001000500250125 0.00035078008588140244 
0.20060030015007502 0.0003614556907826183 
0.20110055027513754 0.00037243755496061266 
0.2016008004002001 0.00038373386732726733 
0.20210105052526262 0.0003953530174522425 
0.20260130065032514 0.00040730359994411866 
0.2031015507753877 0.00041959441891220123 
0.2036018009004502 0.0004322344925100891 
0.20410205102551274 0.0004452330575621244 
0.20460230115057526 0.0004585995742737595 
0.2051025512756378 0.00047234373102697313 
0.20560280140070034 0.0004864754492618186 
0.20610305152576286 0.0005010048884452127 
0.2066033016508254 0.0005159424511280333 
0.20710355177588793 0.0005312987880916732 
0.20760380190095046 0.0005470848035851223 
0.20810405202601298 0.000563311660653675 
0.20860430215107553 0.0005799907865604015 
0.20910455227613806 0.0005971338783014552 
0.20960480240120058 0.0006147529082163226 
0.2101050525262631 0.00063286012969413 
0.21060530265132565 0.0006514680829771126 
0.21110555277638818 0.0006705896010623036 
0.2116058029014507 0.0006902378157025957 
0.21210605302651325 0.0007104261635082347 
0.21260630315157578 0.0007311683921498127 
0.2131065532766383 0.0007524785666639165 
0.21360680340170082 0.0007743710758624341 
0.21410705352676337 0.0007968606388466386 
0.2146073036518259 0.000819962311627092 
0.21510755377688842 0.0008436914938504872 
0.21560780390195097 0.0008680639356343935 
0.2161080540270135 0.0008930957445110171 
0.21660830415207602 0.0009188033924810345 
0.21710855427713854 0.0009452037231784479 
0.2176088044022011 0.0009723139591475495 
0.21810905452726362 0.001000151709232996 
0.21860930465232614 0.00102873497608397 
0.21910955477738867 0.0010580821637734248 
0.21960980490245122 0.0010882120855333914 
0.22011005502751374 0.0011191439716073278 
0.22061030515257626 0.001150897477220386 
0.22111055527763882 0.0011834926906686284 
0.22161080540270134 0.0012169501415280435 
0.22211105552776386 0.0012512908089842623 
0.22261130565282639 0.00128653613028388 
0.22311155577788894 0.0013227080093082696 
0.22361180590295146 0.0013598288252706396 
0.22411205602801398 0.001397921441537276 
0.22461230615307654 0.0014370092145737146 
0.22511255627813906 0.0014771160030165903 
0.22561280640320158 0.00151826617687201 
0.2261130565282641 0.0015604846268411135 
0.22661330665332666 0.0016037967737735804 
0.22711355677838918 0.0016482285782496858 
0.2276138069034517 0.0016938065502917208 
0.22811405702851423 0.0017405577592052432 
0.22861430715357678 0.0017885098435508286 
0.2291145572786393 0.0018376910212469424 
0.22961480740370183 0.0018881300998044052 
0.23011505752876438 0.0019398564866929676 
0.2306153076538269 0.001992900199840521 
0.23111555777888942 0.0020472918782653672 
0.23161580790395195 0.0021030627928418874 
0.2321160580290145 0.0021602448572001186 
0.23261630815407702 0.0022188706387594494 
0.23311655827913955 0.002278973369896783 
0.2336168084042021 0.0023405869592494307 
0.23411705852926462 0.002403746003152956 
0.23461730865432714 0.002468485797214072 
0.23511755877938967 0.0025348423480188514 
0.23561780890445222 0.0026028523849762355 
0.23611805902951474 0.002672553372296868 
0.23661830915457727 0.002743983521107347 
0.2371185592796398 0.0028171818016997966 
0.23761880940470234 0.0028921879559165734 
0.23811905952976486 0.002969042509670021 
0.2386193096548274 0.0030477867855971913 
0.23911955977988994 0.0031284629158490032 
0.23961980990495246 0.0032111138550136725 
0.240120060030015 0.00329578339317417 
0.2406203101550775 0.003382516169099017 
0.24112056028014006 0.0034713576835660757 
0.24162081040520259 0.0035623543128188166 
0.2421210605302651 0.0036555533221544058 
0.24262131065532766 0.00375100287964288 
0.24312156078039018 0.0038487520699767943 
0.2436218109054527 0.003948850908450522 
0.24412206103051523 0.004051350355068164 
0.24462231115557778 0.004156302328779405 
0.2451225612806403 0.0042637597218421405 
0.24562281140570283 0.004373776414310752 
0.24612306153076535 0.004486407288649065 
0.2466233116558279 0.004601708244466626 
0.24712356178089043 0.004719736213376987 
0.24762381190595295 0.004840549173976687 
0.2481240620310155 0.004964206166943562 
0.24862431215607803 0.0050907673102525705 
0.24912456228114055 0.005220293814507784 
0.24962481240620307 0.005352847998388824 
0.2501250625312656 0.00548849330420978 
0.25062531265632815 0.0056272943135888655 
0.2511255627813907 0.005769316763226934 
0.2516258129064532 0.005914627560792679 
0.25212606303151575 0.006063294800912456 
0.2526263131565783 0.006215387781262421 
0.2531265632816408 0.0063709770187608495 
0.25362681340670334 0.006530134265858051 
0.25412706353176584 0.006692932526921392 
0.2546273136568284 0.006859446074713045 
0.25512756378189094 0.00702975046695736 
0.25562781390695344 0.007203922562995481 
0.256128064032016 0.0073820405405241665 
0.25662831415707854 0.007564183912415516 
0.25712856428214104 0.007750433543615046 
0.2576288144072036 0.007940871668114554 
0.25812906453226614 0.008135581905996368 
0.25862931465732864 0.008334649280545925 
0.2591295647823912 0.008538160235428912 
0.2596298149074537 0.008746202651929194 
0.26013006503251623 0.008958865866244304 
0.2606303151575788 0.009176240686833868 
0.2611305652826413 0.00939841941181774 
0.26163081540770383 0.009625495846419372 
0.2621310655327664 0.009857565320450111 
0.2626313156578289 0.010094724705830407 
0.26313156578289143 0.010337072434143509 
0.263631815907954 0.010584708514216529 
0.2641320660330165 0.010837734549725038 
0.26463231615807903 0.011096253756815829 
0.2651325662831415 0.011360370981742902 
0.2656328164082041 0.011630192718512181 
0.2661330665332666 0.011905827126529038 
0.2666333166583291 0.012187384048243984 
0.2671335667833917 0.012474975026790878 
0.2676338169084542 0.012768713323611878 
0.2681340670335167 0.01306871393606386 
0.26863431715857927 0.013375093615000505 
0.2691345672836418 0.013687970882323526 
0.2696348174087043 0.014007466048497858 
0.27013506753376687 0.014333701230024204 
0.2706353176588294 0.01466680036686227 
0.2711355677838919 0.015006889239799055 
0.27163581790895447 0.015354095487755083 
0.27213606803401696 0.01570854862502179 
0.2726363181590795 0.01607038005842389 
0.27313656828414207 0.01643972310439879 
0.27363681840920456 0.016816713005986944 
0.2741370685342671 0.017201486949725415 
0.27463731865932967 0.017594184082437004 
0.27513756878439216 0.017994945527908264 
0.2756378189094547 0.018403914403448164 
0.27613806903451726 0.018821235836319568 
0.27663831915957976 0.01924705698003634 
0.2771385692846423 0.019681527030517395 
0.2776388194097048 0.02012479724208962 
0.27813906953476736 0.020577020943331973 
0.2786393196598299 0.02103835355275141 
0.2791395697848924 0.021508952594282933 
0.27963981990995496 0.021988977712605093 
0.2801400700350175 0.022478590688260924 
0.28064032016008 0.02297795545257723 
0.28114057028514255 0.023487238102371938 
0.2816408204102051 0.024006606914440298 
0.2821410705352676 0.024536232359811543 
0.28264132066033015 0.02507628711776573 
0.28314157078539265 0.025626946089601334 
0.2836418209104552 0.02618838641214465 
0.28414207103551775 0.026760787470989842 
0.28464232116058025 0.027344330913461203 
0.2851425712856428 0.027939200661286724 
0.28564282141070535 0.028545582922972726 
0.28614307153576785 0.029163666205869774 
0.2866433216608304 0.029793641327919663 
0.28714357178589295 0.0304357014290717 
0.28764382191095544 0.03109004198235932 
0.288144072036018 0.03175686080462563 
0.28864432216108055 0.03243635806688618 
0.28914457228614304 0.033128736304319735 
0.2896448224112056 0.033834200425874934 
0.2901450725362681 0.0345529577234813 
0.29064532266133064 0.035285217880855084 
0.2911455727863932 0.03603119298188651 
0.2916458229114557 0.03679109751859835 
0.29214607303651824 0.037565148398664636 
0.2926463231615808 0.03835356495247604 
0.2931465732866433 0.03915656893974241 
0.29364682341170584 0.03997438455561987 
0.2941470735367684 0.040807238436349355 
0.2946473236618309 0.0416553596643973 
0.29514757378689344 0.042518979773084414 
0.29564782391195593 0.04339833275069043 
0.2961480740370185 0.044293655044025125 
0.29664832416208103 0.045205185561449646 
0.29714857428714353 0.04613316567533944 
0.2976488244122061 0.04707783922397464 
0.29814907453726863 0.048039452512845325 
0.29864932466233113 0.04901825431536056 
0.2991495747873937 0.05001449587294806 
0.29964982491245623 0.051028430894531206 
0.3001500750375187 0.05206031555537249 
0.3006503251625813 0.05311040849527035 
0.3011505752876438 0.05417897081609511 
0.3016508254127063 0.055266266078654584 
0.3021510755377689 0.05637256029887378 
0.30265132566283137 0.05749812194327769 
0.3031515757878939 0.05864322192376495 
0.3036518259129565 0.05980813359165743 
0.30415207603801897 0.060993132731016086 
0.3046523261630815 0.062198497551208556 
0.3051525762881441 0.06342450867871605 
0.30565282641320657 0.06467144914816769 
0.3061530765382691 0.06593960439258986 
0.30665332666333167 0.0672292622328561 
0.30715357678839417 0.0685407128663278 
0.3076538269134567 0.069874248854672 
0.3081540770385192 0.07123016511084225 
0.30865432716358177 0.07260875888521412 
0.3091545772886443 0.07401032975085821 
0.3096548274137068 0.07543517958794307 
0.31015507753876936 0.076883612567253 
0.3106553276638319 0.07835593513280842 
0.3111555777888944 0.07985245598357919 
0.31165582791395696 0.08137348605427762 
0.3121560780390195 0.08291933849521788 
0.312656328164082 0.08449032865123285 
0.31315657828914456 0.08608677403963591 
0.31365682841420706 0.08770899432721388 
0.3141570785392696 0.0893573113062446 
0.31465732866433216 0.091032048869522 
0.31515757878939465 0.0927335329843829 
0.3156578289144572 0.09446209166572225 
0.31615807903951976 0.09621805494798409 
0.31665832916458225 0.09800175485612202 
0.3171585792896448 0.0998135253755156 
0.31765882941470736 0.1016537024208327 
0.31815907953976985 0.10352262380382825 
0.3186593296648324 0.10542062920007067 
0.3191595797898949 0.107348060114583 
0.31965982991495745 0.10930525984639347 
0.32016008004002 0.11129257345198165 
0.3206603301650825 0.11331034770761529 
0.32116058029014505 0.1153589310705673 
0.3216608304152076 0.11743867363920195 
0.3221610805402701 0.11954992711192634 
0.32266133066533265 0.12169304474499645 
0.3231615807903952 0.1238683813091688 
0.3236618309154577 0.12607629304519294 
0.32416208104052024 0.1283171376181367 
0.32466233116558274 0.1305912740705336 
0.3251625812906453 0.13289906277435282 
0.32566283141570784 0.135240865381777 
0.32616308154077034 0.13761704477478845 
0.3266633316658329 0.1400279650135552 
0.32716358179089544 0.1424739912836092 
0.32766383191595794 0.14495548984181636 
0.3281640820410205 0.1474728279611304 
0.32866433216608304 0.1500263738741248 
0.32916458229114554 0.15261649671530272 
0.3296648324162081 0.15524356646217854 
0.33016508254127064 0.15790795387512613 
0.33066533266633313 0.1606100304359945 
0.3311655827913957 0.1633501682854868 
0.3316658329164582 0.16612874015929643 
0.33216608304152073 0.16894611932300704 
0.3326663331665833 0.17180267950574457 
0.3331665832916458 0.17469879483258902 
0.33366683341670833 0.17763483975574132 
0.3341670835417709 0.18061118898444362 
0.3346673336668334 0.18362821741365667 
0.33516758379189593 0.186686300051495 
0.3356678339169585 0.18978581194541583 
0.336168084042021 0.19292712810716964 
0.3366683341670835 0.19611062343651273 
0.337168584292146 0.19933667264367938 
0.3376688344172086 0.2026056501706257 
0.3381690845422711 0.20591793011103937 
0.3386693346673336 0.2092738861291252 
0.3391695847923962 0.21267389137717133 
0.3396698349174587 0.21611831841189383 
0.3401700850425212 0.21960753910957564 
0.34067033516758377 0.22314192457999857 
0.3411705852926463 0.22672184507917534 
0.3416708354177088 0.23034766992089203 
0.34217108554277137 0.23401976738706878 
0.34267133566783387 0.23773850463693932 
0.3431715857928964 0.24150424761507056 
0.34367183591795897 0.24531736095821752 
0.34417208604302146 0.2491782079010363 
0.344672336168084 0.2530871501806576 
0.34517258629314657 0.2570445479401314 
0.34567283641820906 0.26105075963075874 
0.3461730865432716 0.2651061419133232 
0.34667333666833416 0.2692110495582251 
0.34717358679339666 0.273365835344544 
0.3476738369184592 0.2775708499580384 
0.34817408704352176 0.2818264418880919 
0.34867433716858426 0.2861329573236287 
0.3491745872936468 0.2904907400480121 
0.3496748374187093 0.29490013133293597 
0.35017508754377186 0.29936146983133693 
0.3506753376688344 0.30387509146933267 
0.3511755877938969 0.30844132933721474 
0.35167583791895946 0.3130605135795094 
0.352176088044022 0.31773297128412303 
0.3526763381690845 0.3224590263705987 
0.35317658829414705 0.3272389994775012 
0.3536768384192096 0.3320732078489478 
0.3541770885442721 0.33696196522031185 
0.35467733866933465 0.3419055817031232 
0.35517758879439715 0.3469043636691761 
0.3556778389194597 0.3519586136338868 
0.35617808904452225 0.3570686301389055 
0.35667833916958475 0.36223470763402327 
0.3571785892946473 0.3674571363583918 
0.35767883941970985 0.37273620222107884 
0.35817908954477234 0.37807218668099396 
0.3586793396698349 0.3834653666262094 
0.35917958979489745 0.3889160142526946 
0.35967983991995994 0.39442439694250875 
0.3601800900450225 0.3999907771414696 
0.360680340170085 0.40561541223632547 
0.36118059029514754 0.4112985544314747 
0.3616808404202101 0.41704045062524564 
0.3621810905452726 0.4228413422857821 
0.36268134067033514 0.4287014653265629 
0.3631815907953977 0.43462104998157963 
0.3636818409204602 0.4406003206802182 
0.36418209104552274 0.44663949592187363 
0.3646823411705853 0.45273878815032254 
0.3651825912956478 0.45889840362790435 
0.36568284142071034 0.46511854230953775 
0.3661830915457729 0.4713993977166023 
0.3666833416708354 0.4777411568107358 
0.36718359179589793 0.48414399986757545 
0.36768384192096043 0.49060810035047603 
0.368184092046023 0.4971336247842577 
0.36868434217108553 0.5037207326290032 
0.36918459229614803 0.5103695761539594 
0.3696848424212106 0.5170803003115775 
0.37018509254627313 0.5238530426117215 
0.3706853426713356 0.5306879329961036 
0.3711855927963982 0.5375850937129756 
0.37168584292146073 0.5445446391921159 
0.3721860930465232 0.5515666759201611 
0.3726863431715858 0.5586513023163246 
0.3731865932966483 0.5657986086085312 
0.3736868434217108 0.5730086767100329 
0.3741870935467734 0.5802815800965259 
0.37468734367183587 0.5876173836838305 
0.3751875937968984 0.5950161437061708 
0.375687843921961 0.6024779075950926 
0.37618809404702347 0.610002713859077 
0.376688344172086 0.617590591963888 
0.37718859429714857 0.6252415622136921 
0.37768884442221107 0.6329556356330118 
0.3781890945472736 0.6407328138495488 
0.3786893446723361 0.6485730889779154 
0.37918959479739867 0.656476443504346 
0.3796898449224612 0.6644428501724013 
0.3801900950475237 0.6724722718697417 
0.38069034517258626 0.6805646615160045 
0.3811905952976488 0.6887199619518242 
0.3816908454227113 0.6969381058290602 
0.38219109554777386 0.7052190155022713 
0.3826913456728364 0.7135626029214767 
0.3831915957978989 0.721968769526267 
0.38369184592296146 0.7304374061413059 
0.38419209604802396 0.7389683928732597 
0.3846923461730865 0.7475615990092295 
0.38519259629814906 0.7562168829166995 
0.38569284642321155 0.7649340919450841 
0.3861930965482741 0.773713062328897 
0.38669334667333666 0.7825536190925981 
0.38719359679839915 0.7914555759571715 
0.3876938469234617 0.8004187352484803 
0.38819409704852426 0.8094428878074343 
0.38869434717358675 0.818527812902039 
0.3891945972986493 0.8276732781413608 
0.38969484742371185 0.8368790393914515 
0.39019509754877435 0.8461448406932939 
0.3906953476738369 0.8554704141828096 
0.3911955977988994 0.8648554800129618 
0.39169584792396195 0.8742997462780322 
0.3921960980490245 0.8838029089400806 
0.392696348174087 0.8933646517576641 
0.39319659829914955 0.9029846462168488 
0.3936968484242121 0.9126625514645539 
0.3941970985492746 0.9223980142442874 
0.39469734867433715 0.9321906688343142 
0.3951975987993997 0.9420401369882884 
0.3956978489244622 0.9519460278784141 
0.39619809904952474 0.9619079380411696 
0.39669834917458724 0.9719254513256271 
0.3971985992996498 0.9819981388444389 
0.39769884942471234 0.9921255589274974 
0.39819909954977484 1.0023072570783418 
0.3986993496748374 1.0125427659333395 
0.39919959979989994 1.0228316052236754 
0.39969984992496244 1.033173281740204 
0.400200100050025 1.0435672893012038 
0.40070035017508754 1.0540131087230533 
0.40120060030015003 1.064510207793892 
0.4017008504252126 1.075058041250295 
0.4022011005502751 1.0856560507569846 
0.40270135067533763 1.0963036648896451 
0.4032016008004002 1.107000299120841 
0.4037018509254627 1.1177453558091062 
0.40420210105052523 1.1285382241912203 
0.4047023511755878 1.1393782803777017 
0.4052026013006503 1.1502648873515662 
0.40570285142571283 1.1611973949703767 
0.4062031015507754 1.1721751399715996 
0.4067033516758379 1.1831974459813235 
0.4072036018009004 1.1942636235263566 
0.407703851925963 1.20537297004972 
0.4082041020510255 1.216524769929587 
0.408704352176088 1.2277182945016845 
0.4092046023011505 1.2389528020851674 
0.4097048524262131 1.2502275380120245 
0.4102051025512756 1.2615417346599958 
0.4107053526763381 1.2728946114890656 
0.41120560280140067 1.284285375081529 
0.4117058529264632 1.2957132191856484 
0.4122061030515257 1.3071773247629366 
0.41270635317658827 1.3186768600390768 
0.4132066033016508 1.3302109805584865 
0.4137068534267133 1.3417788292425588 
0.41420710355177587 1.3533795364515864 
0.41470735367683836 1.3650122200503738 
0.4152076038019009 1.3766759854775725 
0.41570785392696347 1.3883699258187243 
0.41620810405202596 1.4000931218830404 
0.4167083541770885 1.4118446422839266 
0.41720860430215106 1.423623543523238 
0.41770885442721356 1.4354288700793034 
0.4182091045522761 1.4472596544987013 
0.41870935467733866 1.4591149174917921 
0.41920960480240116 1.4709936680320221 
0.4197098549274637 1.4828949034589936 
0.4202101050525262 1.4948176095852863 
0.42071035517758876 1.5067607608070617 
0.4212106053026513 1.5187233202184096 
0.4217108554277138 1.5307042397294601 
0.42221110555277636 1.542702460188251 
0.4227113556778389 1.554716911506322 
0.4232116058029014 1.5667465127880589 
0.42371185592796395 1.5787901724637634 
0.4242121060530265 1.590846788426424 
0.424712356178089 1.6029152481721993 
0.42521260630315155 1.6149944289445948 
0.4257128564282141 1.6270831978822928 
0.4262131065532766 1.639180412170657 
0.42671335667833915 1.6512849191968704 
0.42721360680340165 1.6633955567086807 
0.4277138569284642 1.6755111529767621 
0.42821410705352675 1.6876305269606326 
0.42871435717858924 1.6997524884781343 
0.4292146073036518 1.7118758383784425 
0.42971485742871435 1.72399936871856 
0.43021510755377684 1.7361218629432953 
0.4307153576788394 1.7482420960686824 
0.43121560780390195 1.7603588348688004 
0.43171585792896444 1.772470838065983 
0.432216108054027 1.7845768565243727 
0.4327163581790895 1.796675633446772 
0.43321660830415204 1.8087659045747877 
0.4337168584292146 1.8208463983921914 
0.4342171085542771 1.8329158363314855 
0.43471735867933964 1.8449729329836304 
0.4352176088044022 1.8570163963108675 
0.4357178589294647 1.8690449278626262 
0.43621810905452724 1.8810572229944553 
0.4367183591795898 1.8930519710899216 
0.4372186093046523 1.9050278557854499 
0.43771885942971483 1.9169835551980474 
0.43821910955477733 1.9289177421558426 
0.4387193596798399 1.9408290844314293 
0.43921960980490243 1.9527162449779163 
0.43971985992996493 1.9645778821676614 
0.4402201100550275 1.9764126500336263 
0.44072036018009003 1.9882191985132813 
0.4412206103051525 1.999996173695022 
0.4417208604302151 2.011742218067033 
0.44222111055527763 2.0234559707685227 
0.4427213606803401 2.035136067843293 
0.4432216108054027 2.0467811424955675 
0.44372186093046523 2.0583898253480046 
0.4442221110555277 2.069960744701853 
0.4447223611805903 2.08149252679917 
0.44522261130565277 2.092983796087027 
0.4457228614307153 2.1044331754836634 
0.4462231115557779 2.115839286646476 
0.44672336168084037 2.1272007502418164 
0.4472236118059029 2.1385161862165023 
0.44772386193096547 2.1497842140709644 
0.44822411205602797 2.161003453133976 
0.4487243621810905 2.17217252283888 
0.44922461230615307 2.183290043001225 
0.44972486243121557 2.194354634097765 
0.4502251125562781 2.2053649175467185 
0.4507253626813406 2.2163195159892157 
0.45122561280640316 2.2272170535718705 
0.4517258629314657 2.2380561562303707 
0.4522261130565282 2.2488354519740286 
0.45272636318159076 2.2595535711712094 
0.4532266133066533 2.2702091468355343 
0.4537268634317158 2.280800814912805 
0.45422711355677836 2.2913272145685477 
0.4547273636818409 2.301786988476097 
0.4552276138069034 2.312178783105138 
0.45572786393196596 2.3225012490106245 
0.45622811405702846 2.3327530411219737 
0.456728364182091 2.34293281903248 
0.45722861430715356 2.3530392472888195 
0.45772886443221605 2.3630709956806055 
0.4582291145572786 2.3730267395298763 
0.45872936468234116 2.3829051599804307 
0.45922961480740365 2.3927049442869395 
0.4597298649324662 2.402424786103736 
0.46023011505752875 2.4120633857731866 
0.46073036518259125 2.421619450613568 
0.4612306153076538 2.431091695206366 
0.4617308654327163 2.440478841682885 
0.46223111555777885 2.4497796200101005 
0.4627313656828414 2.4589927682756545 
0.4632316158079039 2.4681170329719126 
0.46373186593296645 2.4771511692789847 
0.464232116058029 2.4860939413466285 
0.4647323661830915 2.4949441225749385 
0.46523261630815405 2.5037004958937428 
0.4657328664332166 2.5123618540406074 
0.4662331165582791 2.5209269998373633 
0.46673336668334164 2.5293947464650803 
0.4672336168084042 2.537763917737372 
0.4677338669334667 2.5460333483719713 
0.46823411705852924 2.5542018842604794 
0.46873436718359174 2.5622683827361903 
0.4692346173086543 2.5702317128399237 
0.46973486743371684 2.5780907555837618 
0.47023511755877934 2.585844404212617 
0.4707353676838419 2.5934915644635423 
0.47123561780890444 2.6010311548226857 
0.47173586793396693 2.608462106779829 
0.4722361180590295 2.615783365080411 
0.47273636818409204 2.6229938879749484 
0.47323661830915453 2.630092647465782 
0.4737368684342171 2.6370786295510737 
0.4742371185592796 2.643950834465943 
0.47473736868434213 2.650708276920702 
0.4752376188094047 2.6573499863360763 
0.4757378689344672 2.663875007075353 
0.47623811905952973 2.670282398673377 
0.4767383691845923 2.6765712360622995 
0.4772386193096548 2.682740609794035 
0.47773886943471733 2.688789626259324 
0.4782391195597799 2.694717407903337 
0.4787393696848424 2.7005230934377553 
0.4792396198099049 2.706205838049244 
0.4797398699349674 2.7117648136042516 
0.48024012006003 2.717199208850076 
0.4807403701850925 2.7225082296121035 
0.481240620310155 2.7276910989871905 
0.48174087043521757 2.732747057533084 
0.4822411205602801 2.737675363453842 
0.4827413706853426 2.742475292781185 
0.48324162081040517 2.747146139551705 
0.4837418709354677 2.751687215979891 
0.4842421210605302 2.756097852626886 
0.48474237118559277 2.760377398564953 
0.4852426213106553 2.764525221537552 
0.4857428714357178 2.768540708115005 
0.48624312156078037 2.772423263845684 
0.48674337168584286 2.776172313402664 
0.4872436218109054 2.779787300725804 
0.48774387193596797 2.783267689159189 
0.48824412206103046 2.7866129615839075 
0.488744372186093 2.7898226205460945 
0.48924462231115556 2.7928961883802184 
0.48974487243621806 2.7958332073275485 
0.4902451225612806 2.7986332396497815 
0.49074537268634316 2.8012958677377697 
0.49124562281140566 2.8038206942153234 
0.4917458729364682 2.8062073420380518 
0.4922461230615307 2.808455454587203 
0.49274637318659326 2.8105646957584742 
0.4932466233116558 2.8125347500457556 
0.4937468734367183 2.8143653226197864 
0.49424712356178085 2.8160561394016956 
0.4947473736868434 2.8176069471313876 
0.4952476238119059 2.8190175134307696 
0.49574787393696845 2.8202876268617834 
0.496248124062031 2.8214170969792267 
0.4967483741870935 2.8224057543783467 
0.49724862431215605 2.8232534507371843 
0.49774887443721855 2.823960058853664 
0.4982491245622811 2.824525472677401 
0.49874937468734365 2.8249496073362312 
0.49924962481240615 2.825232399157443 
0.4997498749374687 2.825373805683709 
0.5002501250625312 2.825373805683709 
0.5007503751875938 2.825232399157443 
0.5012506253126563 2.8249496073362312 
0.5017508754377188 2.824525472677401 
0.5022511255627814 2.823960058853664 
0.5027513756878439 2.8232534507371843 
0.5032516258129064 2.822405754378347 
0.503751875937969 2.8214170969792267 
0.5042521260630315 2.8202876268617834 
0.504752376188094 2.81901751343077 
0.5052526263131566 2.8176069471313876 
0.5057528764382191 2.8160561394016956 
0.5062531265632816 2.814365322619787 
0.5067533766883441 2.8125347500457556 
0.5072536268134067 2.8105646957584747 
0.5077538769384692 2.808455454587204 
0.5082541270635317 2.806207342038052 
0.5087543771885943 2.8038206942153234 
0.5092546273136568 2.80129586773777 
0.5097548774387193 2.7986332396497824 
0.5102551275637819 2.795833207327549 
0.5107553776888444 2.7928961883802184 
0.5112556278139069 2.7898226205460954 
0.5117558779389695 2.786612961583908 
0.512256128064032 2.78326768915919 
0.5127563781890945 2.779787300725805 
0.5132566283141571 2.7761723134026646 
0.5137568784392196 2.7724232638456843 
0.5142571285642821 2.768540708115006 
0.5147573786893447 2.764525221537552 
0.5152576288144072 2.760377398564954 
0.5157578789394697 2.756097852626887 
0.5162581290645323 2.751687215979891 
0.5167583791895948 2.7471461395517056 
0.5172586293146573 2.7424752927811857 
0.5177588794397199 2.737675363453842 
0.5182591295647824 2.7327470575330843 
0.5187593796898449 2.727691098987192 
0.5192596298149074 2.722508229612105 
0.51975987993997 2.7171992088500763 
0.5202601300650325 2.711764813604253 
0.520760380190095 2.7062058380492453 
0.5212606303151576 2.7005230934377558 
0.5217608804402201 2.694717407903338 
0.5222611305652826 2.6887896262593256 
0.5227613806903452 2.682740609794036 
0.5232616308154077 2.6765712360623004 
0.5237618809404702 2.670282398673378 
0.5242621310655328 2.663875007075354 
0.5247623811905953 2.657349986336077 
0.5252626313156578 2.650708276920704 
0.5257628814407204 2.643950834465944 
0.5262631315657829 2.637078629551074 
0.5267633816908454 2.6300926474657835 
0.527263631815908 2.6229938879749484 
0.5277638819409705 2.6157833650804125 
0.528264132066033 2.608462106779831 
0.5287643821910956 2.6010311548226857 
0.5292646323161581 2.593491564463543 
0.5297648824412206 2.5858444042126187 
0.530265132566283 2.578090755583763 
0.5307653826913457 2.5702317128399246 
0.5312656328164082 2.562268382736192 
0.5317658829414706 2.5542018842604817 
0.5322661330665333 2.546033348371972 
0.5327663831915957 2.537763917737373 
0.5332666333166582 2.5293947464650826 
0.5337668834417209 2.5209269998373642 
0.5342671335667833 2.5123618540406083 
0.5347673836918458 2.5037004958937454 
0.5352676338169085 2.4949441225749394 
0.535767883941971 2.4860939413466294 
0.5362681340670334 2.477151169278987 
0.536768384192096 2.4681170329719135 
0.5372686343171585 2.458992768275656 
0.537768884442221 2.4497796200101027 
0.5382691345672836 2.4404788416828858 
0.5387693846923461 2.431091695206367 
0.5392696348174086 2.4216194506135698 
0.5397698849424712 2.4120633857731866 
0.5402701350675337 2.4024247861037376 
0.5407703851925962 2.3927049442869417 
0.5412706353176588 2.3829051599804307 
0.5417708854427213 2.3730267395298776 
0.5422711355677838 2.3630709956806077 
0.5427713856928463 2.3530392472888217 
0.5432716358179089 2.342932819032481 
0.5437718859429714 2.3327530411219763 
0.5442721360680339 2.3225012490106267 
0.5447723861930965 2.3121787831051392 
0.545272636318159 2.301786988476098 
0.5457728864432215 2.29132721456855 
0.5462731365682841 2.2808008149128063 
0.5467733866933466 2.270209146835535 
0.5472736368184091 2.2595535711712116 
0.5477738869434717 2.2488354519740295 
0.5482741370685342 2.2380561562303716 
0.5487743871935967 2.227217053571873 
0.5492746373186593 2.2163195159892166 
0.5497748874437218 2.20536491754672 
0.5502751375687843 2.1943546340977673 
0.5507753876938469 2.183290043001225 
0.5512756378189094 2.1721725228388813 
0.5517758879439719 2.161003453133979 
0.5522761380690345 2.1497842140709644 
0.552776388194097 2.1385161862165036 
0.5532766383191595 2.127200750241819 
0.5537768884442221 2.115839286646476 
0.5542771385692846 2.1044331754836643 
0.5547773886943471 2.0929837960870294 
0.5552776388194096 2.081492526799172 
0.5557778889444722 2.0699607447018544 
0.5562781390695347 2.058389825348006 
0.5567783891945972 2.0467811424955706 
0.5572786393196598 2.035136067843294 
0.5577788894447223 2.023455970768524 
0.5582791395697848 2.0117422180670355 
0.5587793896948474 1.9999961736950234 
0.5592796398199099 1.9882191985132829 
0.5597798899449724 1.976412650033629 
0.560280140070035 1.9645778821676625 
0.5607803901950975 1.9527162449779176 
0.56128064032016 1.940829084431432 
0.5617808904452226 1.928917742155844 
0.5622811405702851 1.9169835551980487 
0.5627813906953476 1.9050278557854528 
0.5632816408204102 1.8930519710899216 
0.5637818909454727 1.8810572229944564 
0.5642821410705352 1.8690449278626287 
0.5647823911955978 1.8570163963108675 
0.5652826413206603 1.844972932983632 
0.5657828914457228 1.8329158363314881 
0.5662831415707853 1.820846398392194 
0.5667833916958479 1.8087659045747893 
0.5672836418209104 1.7966756334467744 
0.5677838919459729 1.7845768565243751 
0.5682841420710355 1.7724708380659842 
0.568784392196098 1.7603588348688017 
0.5692846423211605 1.748242096068685 
0.5697848924462231 1.7361218629432964 
0.5702851425712856 1.7239993687185613 
0.5707853926963481 1.711875838378445 
0.5712856428214107 1.6997524884781354 
0.5717858929464732 1.6876305269606338 
0.5722861430715357 1.6755111529767648 
0.5727863931965983 1.663395556708682 
0.5732866433216608 1.6512849191968717 
0.5737868934467233 1.6391804121706597 
0.5742871435717859 1.6270831978822928 
0.5747873936968484 1.614994428944596 
0.5752876438219109 1.602915248172202 
0.5757878939469735 1.590846788426424 
0.576288144072036 1.5787901724637647 
0.5767883941970985 1.5667465127880613 
0.5772886443221611 1.554716911506322 
0.5777888944472236 1.5427024601882524 
0.5782891445722861 1.5307042397294628 
0.5787893946973486 1.5187233202184123 
0.5792896448224112 1.5067607608070632 
0.5797898949474737 1.494817609585289 
0.5802901450725362 1.4828949034589962 
0.5807903951975988 1.4709936680320235 
0.5812906453226613 1.4591149174917935 
0.5817908954477238 1.4472596544987038 
0.5822911455727864 1.4354288700793048 
0.5827913956978489 1.4236235435232394 
0.5832916458229114 1.411844642283929 
0.583791895947974 1.4000931218830417 
0.5842921460730365 1.3883699258187256 
0.584792396198099 1.3766759854775754 
0.5852926463231616 1.365012220050375 
0.5857928964482241 1.3533795364515881 
0.5862931465732866 1.3417788292425612 
0.5867933966983492 1.3302109805584865 
0.5872936468234117 1.318676860039078 
0.5877938969484742 1.3071773247629392 
0.5882941470735368 1.2957132191856484 
0.5887943971985993 1.2842853750815304 
0.5892946473236618 1.2728946114890678 
0.5897948974487243 1.2615417346599984 
0.5902951475737869 1.2502275380120256 
0.5907953976988494 1.2389528020851703 
0.5912956478239119 1.227718294501687 
0.5917958979489745 1.2165247699295882 
0.592296148074037 1.205372970049721 
0.5927963981990995 1.194263623526359 
0.5932966483241621 1.1831974459813248 
0.5937968984492246 1.1721751399716007 
0.5942971485742871 1.161197394970379 
0.5947973986993497 1.1502648873515673 
0.5952976488244122 1.139378280377703 
0.5957978989494747 1.1285382241912227 
0.5962981490745373 1.1177453558091075 
0.5967983991995998 1.107000299120842 
0.5972986493246623 1.0963036648896474 
0.5977988994497249 1.0856560507569857 
0.5982991495747874 1.0750580412502961 
0.5987993996998499 1.0645102077938944 
0.5992996498249125 1.0540131087230533 
0.599799899949975 1.0435672893012051 
0.6003001500750375 1.0331732817402062 
0.6008004002001001 1.0228316052236754 
0.6013006503251626 1.012542765933341 
0.601800900450225 1.002307257078344 
0.6023011505752875 0.9921255589274995 
0.6028014007003502 0.98199813884444 
0.6033016508254126 0.9719254513256294 
0.6038019009504751 0.9619079380411719 
0.6043021510755378 0.9519460278784152 
0.6048024012006002 0.9420401369882897 
0.6053026513256627 0.9321906688343166 
0.6058029014507254 0.9223980142442885 
0.6063031515757878 0.9126625514645552 
0.6068034017008503 0.902984646216851 
0.607303651825913 0.8933646517576651 
0.6078039019509754 0.883802908940082 
0.6083041520760379 0.8742997462780343 
0.6088044022011005 0.8648554800129626 
0.609304652326163 0.8554704141828104 
0.6098049024512255 0.846144840693296 
0.6103051525762881 0.8368790393914515 
0.6108054027013506 0.8276732781413619 
0.6113056528264131 0.818527812902041 
0.6118059029514757 0.8094428878074343 
0.6123061530765382 0.8004187352484812 
0.6128064032016007 0.7914555759571736 
0.6133066533266633 0.7825536190925981 
0.6138069034517258 0.7737130623288979 
0.6143071535767883 0.764934091945086 
0.6148074037018508 0.7562168829167014 
0.6153076538269134 0.7475615990092302 
0.6158079039519759 0.7389683928732619 
0.6163081540770384 0.7304374061413078 
0.616808404202101 0.7219687695262682 
0.6173086543271635 0.7135626029214774 
0.617808904452226 0.705219015502273 
0.6183091545772886 0.696938105829061 
0.6188094047023511 0.688719961951825 
0.6193096548274136 0.6805646615160065 
0.6198099049524762 0.6724722718697427 
0.6203101550775387 0.6644428501724022 
0.6208104052026012 0.656476443504348 
0.6213106553276638 0.6485730889779164 
0.6218109054527263 0.6407328138495495 
0.6223111555777888 0.6329556356330137 
0.6228114057028514 0.6252415622136921 
0.6233116558279139 0.6175905919638888 
0.6238119059529764 0.6100027138590788 
0.624312156078039 0.6024779075950926 
0.6248124062031015 0.5950161437061717 
0.625312656328164 0.5876173836838321 
0.6258129064532265 0.5802815800965273 
0.6263131565782891 0.5730086767100336 
0.6268134067033516 0.5657986086085326 
0.6273136568284141 0.5586513023163261 
0.6278139069534767 0.5515666759201618 
0.6283141570785392 0.5445446391921167 
0.6288144072036017 0.5375850937129771 
0.6293146573286643 0.5306879329961043 
0.6298149074537268 0.5238530426117222 
0.6303151575787893 0.517080300311579 
0.6308154077038519 0.5103695761539603 
0.6313156578289144 0.503720732629004 
0.6318159079539769 0.4971336247842593 
0.6323161580790395 0.4906081003504769 
0.632816408204102 0.4841439998675763 
0.6333166583291645 0.47774115681073714 
0.6338169084542271 0.4713993977166023 
0.6343171585792896 0.4651185423095385 
0.6348174087043521 0.45889840362790585 
0.6353176588294147 0.45273878815032254 
0.6358179089544772 0.4466394959218744 
0.6363181590795397 0.4406003206802196 
0.6368184092046023 0.43462104998157963 
0.6373186593296648 0.4287014653265636 
0.6378189094547273 0.42284134228578346 
0.6383191595797898 0.41704045062524686 
0.6388194097048524 0.41129855443147534 
0.6393196598299149 0.4056154122363268 
0.6398199099549774 0.39999077714147085 
0.64032016008004 0.3944243969425094 
0.6408204102051025 0.3889160142526951 
0.641320660330165 0.38346536662621056 
0.6418209104552276 0.3780721866809947 
0.6423211605802901 0.37273620222107956 
0.6428214107053526 0.36745713635839294 
0.6433216608304152 0.36223470763402377 
0.6438219109554777 0.35706863013890594 
0.6443221610805402 0.35195861363388786 
0.6448224112056028 0.3469043636691766 
0.6453226613306653 0.34190558170312374 
0.6458229114557278 0.33696196522031285 
0.6463231615807904 0.3320732078489478 
0.6468234117058529 0.32723899947750174 
0.6473236618309154 0.3224590263705997 
0.647823911955978 0.31773297128412303 
0.6483241620810405 0.31306051357951 
0.648824412206103 0.3084413293372158 
0.6493246623311655 0.3038750914693336 
0.6498249124562281 0.2993614698313374 
0.6503251625812906 0.294900131332937 
0.6508254127063531 0.2904907400480132 
0.6513256628314157 0.28613295732362926 
0.6518259129564782 0.2818264418880924 
0.6523261630815407 0.2775708499580393 
0.6528264132066033 0.27336583534454434 
0.6533266633316658 0.2692110495582255 
0.6538269134567283 0.26510614191332416 
0.6543271635817909 0.26105075963075924 
0.6548274137068534 0.2570445479401317 
0.6553276638319159 0.25308715018065847 
0.6558279139569785 0.24917820790103667 
0.656328164082041 0.24531736095821793 
0.6568284142071035 0.24150424761507142 
0.6573286643321661 0.23773850463693977 
0.6578289144572286 0.23401976738706928 
0.6583291645822911 0.23034766992089273 
0.6588294147073537 0.22672184507917534 
0.6593296648324162 0.22314192457999896 
0.6598299149574787 0.21960753910957642 
0.6603301650825413 0.21611831841189383 
0.6608304152076038 0.2126738913771717 
0.6613306653326663 0.20927388612912595 
0.6618309154577288 0.20591793011104007 
0.6623311655827914 0.2026056501706261 
0.6628314157078539 0.19933667264368007 
0.6633316658329164 0.19611062343651348 
0.663831915957979 0.19292712810717 
0.6643321660830415 0.18978581194541616 
0.664832416208104 0.18668630005149572 
0.6653326663331666 0.18362821741365698 
0.6658329164582291 0.18061118898444392 
0.6663331665832916 0.177634839755742 
0.6668334167083542 0.17469879483258935 
0.6673336668334167 0.17180267950574488 
0.6678339169584792 0.16894611932300765 
0.6683341670835418 0.16612874015929674 
0.6688344172086043 0.16335016828548707 
0.6693346673336668 0.16061003043599514 
0.6698349174587294 0.15790795387512613 
0.6703351675837919 0.15524356646217882 
0.6708354177088544 0.15261649671530328 
0.671335667833917 0.1500263738741248 
0.6718359179589795 0.1474728279611306 
0.672336168084042 0.14495548984181686 
0.6728364182091046 0.1424739912836092 
0.673336668334167 0.14002796501355544 
0.6738369184592296 0.13761704477478898 
0.674337168584292 0.13524086538177757 
0.6748374187093547 0.13289906277435304 
0.6753376688344171 0.1305912740705341 
0.6758379189594796 0.12831713761813715 
0.6763381690845423 0.12607629304519316 
0.6768384192096047 0.12386838130916908 
0.6773386693346672 0.12169304474499688 
0.6778389194597298 0.11954992711192654 
0.6783391695847923 0.11743867363920223 
0.6788394197098548 0.11535893107056779 
0.6793396698349174 0.11331034770761554 
0.6798399199599799 0.1112925734519818 
0.6803401700850424 0.1093052598463939 
0.680840420210105 0.10734806011458324 
0.6813406703351675 0.1054206292000709 
0.68184092046023 0.10352262380382865 
0.6823411705852926 0.1016537024208327 
0.6828414207103551 0.09981352537551579 
0.6833416708354176 0.09800175485612231 
0.6838419209604802 0.09621805494798409 
0.6843421710855427 0.09446209166572246 
0.6848424212106052 0.09273353298438328 
0.6853426713356677 0.09103204886952239 
0.6858429214607303 0.08935731130624479 
0.6863431715857928 0.08770899432721423 
0.6868434217108553 0.08608677403963629 
0.6873436718359179 0.08449032865123303 
0.6878439219609804 0.08291933849521806 
0.6883441720860429 0.08137348605427797 
0.6888444222111055 0.07985245598357935 
0.689344672336168 0.07835593513280859 
0.6898449224612305 0.07688361256725332 
0.6903451725862931 0.07543517958794324 
0.6908454227113556 0.07401032975085838 
0.6913456728364181 0.0726087588852144 
0.6918459229614807 0.0712301651108424 
0.6923461730865432 0.06987424885467215 
0.6928464232116057 0.06854071286632812 
0.6933466733366683 0.0672292622328561 
0.6938469234617308 0.06593960439259001 
0.6943471735867933 0.06467144914816797 
0.6948474237118559 0.06342450867871605 
0.6953476738369184 0.062198497551208695 
0.6958479239619809 0.06099313273101633 
0.6963481740870435 0.05980813359165743 
0.696848424212106 0.05864322192376506 
0.6973486743371685 0.05749812194327791 
0.697848924462231 0.056372560298874004 
0.6983491745872936 0.05526626607865473 
0.6988494247123561 0.05417897081609533 
0.6993496748374186 0.05311040849527057 
0.6998499249624812 0.052060315555372584 
0.7003501750875437 0.05102843089453129 
0.7008504252126062 0.05001449587294829 
0.7013506753376688 0.04901825431536069 
0.7018509254627313 0.048039452512845415 
0.7023511755877938 0.047077839223974856 
0.7028514257128564 0.04613316567533953 
0.7033516758379189 0.04520518556144974 
0.7038519259629814 0.04429365504402532 
0.704352176088044 0.043398332750690514 
0.7048524262131065 0.042518979773084484 
0.705352676338169 0.04165535966439751 
0.7058529264632316 0.040807238436349355 
0.7063531765882941 0.03997438455561997 
0.7068534267133566 0.03915656893974263 
0.7073536768384192 0.03835356495247604 
0.7078539269634817 0.037565148398664705 
0.7083541770885442 0.036791097518598506 
0.7088544272136067 0.036031192981886645 
0.7093546773386693 0.035285217880855174 
0.7098549274637318 0.03455295772348145 
0.7103551775887943 0.03383420042587509 
0.7108554277138569 0.033128736304319825 
0.7113556778389194 0.03243635806688627 
0.7118559279639819 0.031756860804625774 
0.7123561780890445 0.031090041982359408 
0.712856428214107 0.030435701429071753 
0.7133566783391695 0.029793641327919795 
0.7138569284642321 0.02916366620586983 
0.7143571785892946 0.028545582922972778 
0.7148574287143571 0.02793920066128685 
0.7153576788394197 0.027344330913461255 
0.7158579289644822 0.026760787470989915 
0.7163581790895447 0.02618838641214476 
0.7168584292146073 0.02562694608960138 
0.7173586793396698 0.025076287117765775 
0.7178589294647323 0.02453623235981165 
0.7183591795897949 0.024006606914440298 
0.7188594297148574 0.023487238102372004 
0.7193596798399199 0.022977955452577352 
0.7198599299649825 0.022478590688260924 
0.720360180090045 0.021988977712605152 
0.7208604302151075 0.021508952594283065 
0.72136068034017 0.021038353552751507 
0.7218609304652326 0.02057702094333203 
0.7223611805902951 0.02012479724208973 
0.7228614307153576 0.0196815270305175 
0.7233616808404202 0.019247056980036373 
0.7238619309654827 0.018821235836319623 
0.7243621810905452 0.018403914403448244 
0.7248624312156078 0.017994945527908313 
0.7253626813406703 0.017594184082437063 
0.7258629314657328 0.01720148694972549 
0.7263631815907954 0.016816713005986972 
0.7268634317158579 0.016439723104398823 
0.7273636818409204 0.01607038005842396 
0.727863931965983 0.015708548625021836 
0.7283641820910455 0.015354095487755137 
0.728864432216108 0.015006889239799136 
0.7293646823411706 0.01466680036686227 
0.7298649324662331 0.01433370123002424 
0.7303651825912956 0.014007466048497922 
0.7308654327163582 0.013687970882323526 
0.7313656828414207 0.01337509361500054 
0.7318659329664832 0.013068713936063929 
0.7323661830915458 0.012768713323611878 
0.7328664332166083 0.012474975026790909 
0.7333666833416708 0.012187384048244036 
0.7338669334667333 0.011905827126529099 
0.7343671835917959 0.011630192718512214 
0.7348674337168584 0.011360370981742954 
0.7353676838419209 0.01109625375681589 
0.7358679339669835 0.010837734549725067 
0.736368184092046 0.010584708514216565 
0.7368684342171085 0.010337072434143554 
0.7373686843421711 0.010094724705830435 
0.7378689344672336 0.009857565320450137 
0.7383691845922961 0.009625495846419424 
0.7388694347173587 0.009398419411817764 
0.7393696848424212 0.009176240686833892 
0.7398699349674837 0.00895886586624435 
0.7403701850925463 0.008746202651929219 
0.7408704352176088 0.008538160235428928 
0.7413706853426713 0.008334649280545968 
0.7418709354677339 0.008135581905996368 
0.7423711855927964 0.007940871668114574 
0.7428714357178589 0.007750433543615088 
0.7433716858429215 0.007564183912415516 
0.743871935967984 0.007382040540524186 
0.7443721860930465 0.007203922562995518 
0.744872436218109 0.007029750466957397 
0.7453726863431716 0.006859446074713063 
0.745872936468234 0.006692932526921428 
0.7463731865932965 0.006530134265858086 
0.7468734367183592 0.006370977018760866 
0.7473736868434216 0.006215387781262438 
0.7478739369684841 0.006063294800912488 
0.7483741870935467 0.005914627560792696 
0.7488744372186092 0.0057693167632269496 
0.7493746873436717 0.005627294313588895 
0.7498749374687343 0.005488493304209795 
0.7503751875937968 0.005352847998388852 
0.7508754377188593 0.005220293814507812 
0.751375687843922 0.0050907673102525705 
0.7518759379689844 0.00496420616694358 
0.7523761880940469 0.004840549173976714 
0.7528764382191095 0.004719736213376987 
0.753376688344172 0.004601708244466638 
0.7538769384692345 0.0044864072886490886 
0.7543771885942971 0.004373776414310752 
0.7548774387193596 0.004263759721842152 
0.7553776888444221 0.004156302328779427 
0.7558779389694847 0.004051350355068164 
0.7563781890945472 0.0039488509084505356 
0.7568784392196097 0.0038487520699768216 
0.7573786893446722 0.0037510028796429004 
0.7578789394697348 0.003655553322154416 
0.7583791895947973 0.0035623543128188383 
0.7588794397198598 0.003471357683566097 
0.7593796898449224 0.003382516169099026 
0.7598799399699849 0.003295783393174188 
0.7603801900950474 0.00321111385501369 
0.76088044022011 0.0031284629158490032 
0.7613806903451725 0.003047786785597208 
0.761880940470235 0.0029690425096700365 
0.7623811905952976 0.0028921879559165734 
0.7628814407203601 0.002817181801699814 
0.7633816908454226 0.002743983521107364 
0.7638819409704852 0.002672553372296868 
0.7643821910955477 0.0026028523849762424 
0.7648824412206102 0.002534842348018869 
0.7653826913456728 0.002468485797214072 
0.7658829414707353 0.0024037460031529627 
0.7663831915957978 0.0023405869592494468 
0.7668834417208604 0.002278973369896783 
0.7673836918459229 0.0022188706387594576 
0.7678839419709854 0.00216024485720013 
0.7683841920960479 0.002103062792841901 
0.7688844422211105 0.002047291878265373 
0.769384692346173 0.001992900199840532 
0.7698849424712355 0.00193985648669298 
0.7703851925962981 0.0018881300998044104 
0.7708854427213606 0.0018376910212469539 
0.7713856928464231 0.00178850984355084 
0.7718859429714857 0.0017405577592052477 
0.7723861930965482 0.0016938065502917316 
0.7728864432216107 0.001648228578249696 
0.7733866933466733 0.0016037967737735804 
0.7738869434717358 0.0015604846268411235 
0.7743871935967983 0.0015182661768720182 
0.7748874437218609 0.0014771160030165903 
0.7753876938469234 0.0014370092145737188 
0.7758879439719859 0.0013979214415372845 
0.7763881940970485 0.0013598288252706396 
0.776888444222111 0.001322708009308273 
0.7773886943471735 0.0012865361302838892 
0.7778889444722361 0.0012512908089842623 
0.7783891945972986 0.0012169501415280467 
0.7788894447223611 0.0011834926906686344 
0.7793896948474237 0.001150897477220386 
0.7798899449724862 0.0011191439716073308 
0.7803901950975487 0.001088212085533399 
0.7808904452226112 0.0010580821637734305 
0.7813906953476738 0.0010287349760839727 
0.7818909454727363 0.0010001517092330012 
0.7823911955977988 0.0009723139591475564 
0.7828914457228614 0.0009452037231784495 
0.7833916958479239 0.0009188033924810411 
0.7838919459729864 0.0008930957445110217 
0.784392196098049 0.0008680639356343935 
0.7848924462231115 0.0008436914938504918 
0.785392696348174 0.0008199623116270979 
0.7858929464732366 0.0007968606388466386 
0.7863931965982991 0.0007743710758624383 
0.7868934467233616 0.0007524785666639205 
0.7873936968484242 0.0007311683921498127 
0.7878939469734867 0.000710426163508236 
0.7883941970985492 0.0006902378157026006 
0.7888944472236118 0.0006705896010623036 
0.7893946973486743 0.0006514680829771149 
0.7898949474737368 0.0006328601296941344 
0.7903951975987994 0.0006147529082163226 
0.7908954477238619 0.0005971338783014575 
0.7913956978489244 0.0005799907865604045 
0.791895947973987 0.000563311660653675 
0.7923961980990495 0.0005470848035851241 
0.792896448224112 0.000531298788091677 
0.7933966983491745 0.0005159424511280371 
0.7938969484742371 0.0005010048884452144 
0.7943971985992996 0.0004864754492618221 
0.7948974487243621 0.0004723437310269757 
0.7953976988494247 0.0004585995742737611 
0.7958979489744872 0.0004452330575621275 
0.7963981990995497 0.0004322344925100922 
0.7968984492246123 0.00041959441891220123 
0.7973986993496748 0.0004073035999441216 
0.7978989494747373 0.00039535301745224455 
0.7983991995997999 0.00038373386732726733 
0.7988994497248624 0.0003724375549606153 
0.7993996998499249 0.00036145569078262083 
0.7998999499749875 0.00035078008588140244 
0.80040020010005 0.00034040274770135456 
0.8009004502251125 0.00033031587582014365 
0.8014007003501751 0.00032051185780318525 
0.8019009504752376 0.0003109832651345223 
0.8024012006003001 0.0003017228492230141 
0.8029014507253627 0.00029272353748282864 
0.8034017008504252 0.00028397842948716534 
0.8039019509754877 0.00027548079319415157 
0.8044022011005502 0.0002672240612439084 
0.8049024512256128 0.0002592018273257309 
0.8054027013506753 0.000251407842614374 
0.8059029514757378 0.00024383601227440278 
0.8064032016008004 0.00023648039203163514 
0.8069034517258629 0.00022933518481064416 
0.8074037018509254 0.00022239473743732686 
0.807903951975988 0.00021565353740556835 
0.8084042021010505 0.00020910620970701656 
0.808904452226113 0.00020274751372296735 
0.8094047023511756 0.00019657234017744362 
0.8099049524762381 0.0001905757081504779 
0.8104052026013006 0.0001847527621506527 
0.8109054527263632 0.00017909876924597653 
0.8114057028514257 0.0001736091162521548 
0.8119059529764882 0.0001682793069773245 
0.8124062031015508 0.00016310495952235395 
0.8129064532266133 0.00015808180363580218 
0.8134067033516758 0.0001532056781226219 
0.8139069534767384 0.00014847252830574767 
0.8144072036018009 0.000143878403539675 
0.8149074537268634 0.00013941945477515693 
0.815407703851926 0.00013509193217417444 
0.8159079539769885 0.00013089218277432217 
0.816408204102051 0.00012681664820176077 
0.8169084542271134 0.00012286186243191976 
0.817408704352176 0.00011902444959711733 
0.8179089544772385 0.00011530112184029068 
0.818409204602301 0.00011168867721402408 
0.8189094547273637 0.00010818399762409289 
0.8194097048524261 0.00010478404681673458 
0.8199099549774886 0.00010148586840886178 
0.8204102051025512 9.828658396046829e-05 
0.8209104552276137 9.518339108846408e-05 
0.8214107053526762 9.217356162118508e-05 
0.8219109554777388 8.925443979285634e-05 
0.8224112056028013 8.642344047727099e-05 
0.8229114557278638 8.36780474599646e-05 
0.8234117058529264 8.101581174818508e-05 
0.8239119559779889 7.843434991795505e-05 
0.8244122061030514 7.593134249753003e-05 
0.824912456228114 7.350453238658374e-05 
0.8254127063531765 7.115172331044395e-05 
0.825912956478239 6.887077830871108e-05 
0.8264132066033016 6.665961825761887e-05 
0.8269134567283641 6.451622042548658e-05 
0.8274137068534266 6.243861706062646e-05 
0.8279139569784892 6.042489401108883e-05 
0.8284142071035517 5.847318937562515e-05 
0.8289144572286142 5.658169218525877e-05 
0.8294147073536767 5.47486411148734e-05 
0.8299149574787393 5.297232322422308e-05 
0.8304152076038018 5.125107272779087e-05 
0.8309154577288643 4.958326979291585e-05 
0.8314157078539269 4.796733936563604e-05 
0.8319159579789894 4.640175002368861e-05 
0.8324162081040519 4.4885012856120155e-05 
0.8329164582291145 4.341568036897657e-05 
0.833416708354177 4.199234541654123e-05 
0.8339169584792395 4.0613640157599705e-05 
0.8344172086043021 3.9278235036225765e-05 
0.8349174587293646 3.798483778658233e-05 
0.8354177088544271 3.673219246124081e-05 
0.8359179589794897 3.5519078482537136e-05 
0.8364182091045522 3.434430971648472e-05 
0.8369184592296147 3.320673356876966e-05 
0.8374187093546773 3.210523010237262e-05 
0.8379189594797398 3.10387111763583e-05 
0.8384192096048023 3.0006119605385878e-05 
0.8389194597298649 2.9006428339503244e-05 
0.8394197098549274 2.8038639663792717e-05 
0.8399199599799899 2.7101784417441792e-05 
0.8404202101050524 2.6194921231826544e-05 
0.840920460230115 2.5317135787194716e-05 
0.8414207103551775 2.4467540087549046e-05 
0.84192096048024 2.3645271753332688e-05 
0.8424212106053026 2.2849493331533154e-05 
0.8429214607303651 2.2079391622821306e-05 
0.8434217108554276 2.133417702535096e-05 
0.8439219609804902 2.061308289485445e-05 
0.8444222111055527 1.9915364920672796e-05 
0.8449224612306152 1.924030051736513e-05 
0.8454227113556778 1.8587188231553584e-05 
0.8459229614807403 1.7955347163661063e-05 
0.8464232116058028 1.7344116404207093e-05 
0.8469234617308654 1.6752854484336273e-05 
0.8474237118559279 1.6180938840256298e-05 
0.8479239619809904 1.5627765291269017e-05 
0.848424212106053 1.5092747531087993e-05 
0.8489244622311155 1.4575316632137092e-05 
0.849424712356178 1.4074920562532217e-05 
0.8499249624812406 1.3591023715456762e-05 
0.8504252126063031 1.3123106450642944e-05 
0.8509254627313656 1.2670664647678594e-05 
0.8514257128564282 1.2233209270866191e-05 
0.8519259629814907 1.1810265945363866e-05 
0.8524262131065532 1.1401374544343633e-05 
0.8529264632316157 1.1006088786910374e-05 
0.8534267133566783 1.062397584652637e-05 
0.8539269634817408 1.0254615969694317e-05 
0.8544272136068033 9.897602104654646e-06 
0.8549274637318659 9.552539539860148e-06 
0.8554277138569284 9.219045551994185e-06 
0.8559279639819909 8.896749063303354e-06 
0.8564282141070535 8.585290308022477e-06 
0.856928464232116 8.284320507671604e-06 
0.8574287143571785 7.993501555011019e-06 
0.8579289644822411 7.712505706444844e-06 
0.8584292146073036 7.4410152826674405e-06 
0.8589294647323661 7.178722377351105e-06 
0.8594297148574287 6.9253285736793244e-06 
0.8599299649824912 6.680544668532524e-06 
0.8604302151075537 6.444090404137175e-06 
0.8609304652326163 6.2156942069956694e-06 
0.8614307153576788 5.9950929339151286e-06 
0.8619309654827413 5.782031624959233e-06 
0.8624312156078039 5.576263263150911e-06 
0.8629314657328664 5.377548540757096e-06 
0.8634317158579289 5.185655631989762e-06 
0.8639319659829914 5.000359971963147e-06 
0.864432216108054 4.821444041748574e-06 
0.8649324662331165 4.6486971593730405e-06 
0.865432716358179 4.481915276610475e-06 
0.8659329664832416 4.320900781418763e-06 
0.8664332166083041 4.16546230587841e-06 
0.8669334667333666 4.015414539491669e-06 
0.8674337168584292 3.870578047705215e-06 
0.8679339669834917 3.7307790955217033e-06 
0.8684342171085542 3.5958494760686976e-06 
0.8689344672336168 3.465626343997071e-06 
0.8694347173586793 3.339952053583505e-06 
0.8699349674837418 3.2186740014143023e-06 
0.8704352176088044 3.101644473531528e-06 
0.8709354677338669 2.9887204969245116e-06 
0.8714357178589294 2.879763695252384e-06 
0.871935967983992 2.774640148686935e-06 
0.8724362181090545 2.673220257766747e-06 
0.872936468234117 2.5753786111563677e-06 
0.8734367183591796 2.4809938572073927e-06 
0.8739369684842421 2.3899485792200358e-06 
0.8744372186093046 2.3021291743064554e-06 
0.8749374687343672 2.2174257357598606e-06 
0.8754377188594297 2.1357319388351895e-06 
0.8759379689844922 2.0569449298496172e-06 
0.8764382191095547 1.980965218513639e-06 
0.8769384692346173 1.9076965734052935e-06 
0.8774387193596798 1.8370459205024922e-06 
0.8779389694847423 1.768923244690181e-06 
0.8784392196098049 1.7032414941616186e-06 
0.8789394697348674 1.639916487634646e-06 
0.8794397198599299 1.5788668243057543e-06 
0.8799399699849925 1.5200137964670914e-06 
0.880440220110055 1.4632813047130317e-06 
0.8809404702351175 1.4085957756647463e-06 
0.8814407203601801 1.3558860821434689e-06 
0.8819409704852426 1.3050834657243735e-06 
0.882441220610305 1.256121461604854e-06 
0.8829414707353677 1.2089358257230055e-06 
0.8834417208604302 1.1634644640632566e-06 
0.8839419709854927 1.1196473640878988e-06 
0.8844422211105553 1.0774265282350664e-06 
0.8849424712356178 1.0367459094248761e-06 
0.8854427213606803 9.975513485170765e-07 
0.8859429714857429 9.597905136651687e-07 
0.8864432216108054 9.234128415131945e-07 
0.8869434717358678 8.883694801827884e-07 
0.8874437218609305 8.546132339996456e-07 
0.887943971985993 8.220985099096988e-07 
0.8884442221110554 7.907812655366088e-07 
0.8889444722361179 7.606189588336251e-07 
0.8894447223611806 7.315704992838846e-07 
0.889944972486243 7.035962006046117e-07 
0.8904452226113055 6.766577349116962e-07 
0.8909454727363681 6.50718088302472e-07 
0.8914457228614306 6.257415178155193e-07 
0.8919459729864931 6.016935097273923e-07 
0.8924462231115557 5.78540739147363e-07 
0.8929464732366182 5.562510308722861e-07 
0.8934467233616807 5.347933214645598e-07 
0.8939469734867433 5.141376225174308e-07 
0.8944472236118058 4.942549850726472e-07 
0.8949474737368683 4.7511746515645757e-07 
0.8954477238619309 4.566980904009763e-07 
0.8959479739869934 4.3897082771874414e-07 
0.8964482241120559 4.219105519991792e-07 
0.8969484742371185 4.0549301579660007e-07 
0.897448724362181 3.896948199802063e-07 
0.8979489744872435 3.744933853172578e-07 
0.8984492246123061 3.5986692496155394e-07 
0.8989494747373686 3.4579441782003177e-07 
0.8994497248624311 3.3225558277101185e-07 
0.8999499749874936 3.1923085370850945e-07 
0.9004502251125562 3.067013553875871e-07 
0.9009504752376187 2.9464888004654215e-07 
0.9014507253626812 2.830558647823028e-07 
0.9019509754877438 2.719053696561962e-07 
0.9024512256128063 2.611810565077958e-07 
0.9029514757378688 2.5086716845520574e-07 
0.9034517258629314 2.40948510060831e-07 
0.9039519759879939 2.3141042814218443e-07 
0.9044522261130564 2.2223879320789333e-07 
0.904952476238119 2.1341998149970065e-07 
0.9054527263631815 2.04940857621723e-07 
0.905952976488244 1.9678875773879412e-07 
0.9064532266133066 1.8895147332629097e-07 
0.9069534767383691 1.8141723545429558e-07 
0.9074537268634316 1.7417469958944338e-07 
0.9079539769884942 1.6721293089835924e-07 
0.9084542271135567 1.605213900369684e-07 
0.9089544772386192 1.5408991941047653e-07 
0.9094547273636818 1.4790872988925738e-07 
0.9099549774887443 1.419683879663143e-07 
0.9104552276138068 1.3625980334237874e-07 
0.9109554777388694 1.3077421692517544e-07 
0.9114557278639319 1.2550318922973964e-07 
0.9119559779889944 1.2043858916705708e-07 
0.9124562281140569 1.1557258320872135e-07 
0.9129564782391195 1.1089762491561624e-07 
0.913456728364182 1.0640644481903346e-07 
0.9139569784892445 1.0209204064294048e-07 
0.9144572286143071 9.794766785649844e-08 
0.9149574787393696 9.39668305462287e-08 
0.9154577288644321 9.014327259753342e-08 
0.9159579789894947 8.647096917563887e-08 
0.9164582291145572 8.294411849627652e-08 
0.9169584792396197 7.955713387673041e-08 
0.9174587293646823 7.630463605818579e-08 
0.9179589794897448 7.318144579055803e-08 
0.9184592296148073 7.018257667126415e-08 
0.9189594797398699 6.730322822966933e-08 
0.9194597298649324 6.453877924918462e-08 
0.9199599799899949 6.188478131923306e-08 
0.9204602301150575 5.933695260956398e-08 
0.92096048024012 5.689117185960283e-08 
0.9214607303651825 5.454347257576381e-08 
0.9219609804902451 5.229003742987389e-08 
0.9224612306153076 5.012719285206263e-08 
0.9229614807403701 4.805140381168145e-08 
0.9234617308654326 4.605926878002412e-08 
0.9239619809904952 4.414751486880415e-08 
0.9244622311155577 4.2312993138546933e-08 
0.9249624812406202 4.055267407122295e-08 
0.9254627313656828 3.886364320164534e-08 
0.9259629814907453 3.724309690231555e-08 
0.9264632316158078 3.568833831656825e-08 
0.9269634817408704 3.419677343504185e-08 
0.9274637318659329 3.2765907310648914e-08 
0.9279639819909954 3.139334040737333e-08 
0.928464232116058 3.0076765078381524e-08 
0.9289644822411205 2.8813962169068925e-08 
0.929464732366183 2.7602797740803624e-08 
0.9299649824912456 2.6441219911275455e-08 
0.9304652326163081 2.5327255807478803e-08 
0.9309654827413706 2.4259008627490314e-08 
0.9314657328664332 2.3234654807328964e-08 
0.9319659829914957 2.2252441289305087e-08 
0.9324662331165582 2.13106828883756e-08 
0.9329664832416208 2.040775975314702e-08 
0.9334667333666833 1.954211491826945e-08 
0.9339669834917458 1.8712251945069973e-08 
0.9344672336168084 1.7916732647386003e-08 
0.9349674837418709 1.7154174899648525e-08 
0.9354677338669334 1.642325052436788e-08 
0.9359679839919959 1.5722683256268507e-08 
0.9364682341170585 1.5051246780406824e-08 
0.936968484242121 1.440776284169857e-08 
0.9374687343671835 1.3791099423362052e-08 
0.9379689844922461 1.3200168991872888e-08 
0.9384692346173086 1.2633926806100387e-08 
0.9389694847423711 1.2091369288375319e-08 
0.9394697348674337 1.1571532455315329e-08 
0.9399699849924962 1.1073490406304925e-08 
0.9404702351175587 1.05963538675974e-08 
0.9409704852426213 1.0139268790076948e-08 
0.9414707353676838 9.701414998782313e-09 
0.9419709854927463 9.282004892357844e-09 
0.9424712356178089 8.880282190661971e-09 
0.9429714857428714 8.495520728820585e-09 
0.9434717358679339 8.127023296070723e-09 
0.9439719859929965 7.774120517799364e-09 
0.944472236118059 7.4361697792324205e-09 
0.9449724862431215 7.112554189283978e-09 
0.9454727363681841 6.802681583126617e-09 
0.9459729864932466 6.505983562092641e-09 
0.9464732366183091 6.221914569562403e-09 
0.9469734867433717 5.949951001545196e-09 
0.9474737368684342 5.689590350699511e-09 
0.9479739869934967 5.440350382584111e-09 
0.9484742371185592 5.201768342973775e-09 
0.9489744872436218 4.973400195112504e-09 
0.9494747373686843 4.754819885817268e-09 
0.9499749874937468 4.545618639381805e-09 
0.9504752376188094 4.345404278268435e-09 
0.9509754877438719 4.153800569609406e-09 
0.9514757378689344 3.970446596573966e-09 
0.951975987993997 3.794996153691103e-09 
0.9524762381190595 3.6271171652490354e-09 
0.952976488244122 3.466491125923156e-09 
0.9534767383691846 3.3128125628150616e-09 
0.9539769884942471 3.1657885181132657e-09 
0.9544772386193096 3.0251380516139054e-09 
0.9549774887443722 2.8905917623676585e-09 
0.9554777388694347 2.7618913287442126e-09 
0.9559779889944972 2.638789066230745e-09 
0.9564782391195598 2.521047502306166e-09 
0.9569784892446223 2.408438967755264e-09 
0.9574787393696848 2.300745203809768e-09 
0.9579789894947474 2.19775698452603e-09 
0.9584792396198099 2.0992737538293035e-09 
0.9589794897448723 2.0051032766750497e-09 
0.9594797398699348 1.9150613037984583e-09 
0.9599799899949975 1.828971249541027e-09 
0.96048024012006 1.7466638822626088e-09 
0.9609804902451224 1.6679770268642876e-09 
0.961480740370185 1.592755278965257e-09 
0.9619809904952475 1.5208497302930248e-09 
0.96248124062031 1.45211770486223e-09 
0.9629814907453726 1.3864225055333124e-09 
0.9634817408704351 1.323633170556538e-09 
0.9639819909954976 1.2636242397215806e-09 
0.9644822411205602 1.2062755297468757e-09 
0.9649824912456227 1.1514719185561732e-09 
0.9654827413706852 1.0991031381024526e-09 
0.9659829914957478 1.0490635754124362e-09 
0.9664832416208103 1.0012520815363862e-09 
0.9669834917458728 9.555717880996917e-10 
0.9674837418709354 9.119299311641654e-10 
0.9679839919959979 8.702376821174347e-10 
0.9684842421210604 8.30409985319421e-10 
0.968984492246123 7.923654022450557e-10 
0.9694847423711855 7.560259618718386e-10 
0.969984992496248 7.21317017070368e-10 
0.9704852426213106 6.881671067649876e-10 
0.9709854927463731 6.565078236403692e-10 
0.9714857428714356 6.262736871781286e-10 
0.9719859929964981 5.974020218159057e-10 
0.9724862431215607 5.698328400289145e-10 
0.9729864932466232 5.435087301415819e-10 
0.9734867433716857 5.183747486841117e-10 
0.9739869934967483 4.943783171158431e-10 
0.9744872436218108 4.714691227439725e-10 
0.9749874937468733 4.4959902367261673e-10 
0.9754877438719359 4.287219576236253e-10 
0.9759879939969984 4.0879385447644534e-10 
0.9764882441220609 3.897725523800886e-10 
0.9769884942471235 3.716177172960888e-10 
0.977488744372186 3.5429076583644014e-10 
0.9779889944972485 3.377547912658705e-10 
0.9784892446223111 3.2197449254279205e-10 
0.9789894947473736 3.069161062780297e-10 
0.9794897448724361 2.92547341495087e-10 
0.9799899949974987 2.788373170802252e-10 
0.9804902451225612 2.6575650181488787e-10 
0.9809904952476237 2.5327665688712847e-10 
0.9814907453726863 2.4137078078277645e-10 
0.9819909954977488 2.3001305646082082e-10 
0.9824912456228113 2.191788007212479e-10 
0.9829914957478738 2.0884441567712097e-10 
0.9834917458729364 1.9898734224611284e-10 
0.9839919959979989 1.8958601558001958e-10 
0.9844922461230614 1.8061982235390326e-10 
0.984992496248124 1.7206905983967656e-10 
0.9854927463731865 1.6391489669177478e-10 
0.985992996498249 1.5613933537545335e-10 
0.9864932466233116 1.4872517617097251e-10 
0.9869934967483741 1.416559826895344e-10 
0.9874937468734366 1.3491604883935832e-10 
0.9879939969984992 1.2849036718274074e-10 
0.9884942471235617 1.2236459862725125e-10 
0.9889944972486242 1.165250433964553e-10 
0.9894947473736868 1.109586132277596e-10 
0.9899949974987493 1.056528047470127e-10 
0.9904952476238118 1.0059567397149621e-10 
0.9909954977488744 9.57758118949016e-11 
0.9914957478739369 9.118232110969276e-11 
0.9919959979989994 8.680479342405056e-11 
0.992496248124062 8.26332884323137e-11 
0.9929964982491245 7.865831299946862e-11 
0.993496748374187 7.487080162180078e-11 
0.9939969984992496 7.126209762737723e-11 
0.9944972486243121 6.782393518146834e-11 
0.9949974987493746 6.454842206340385e-11 
0.9954977488744371 6.142802318275565e-11 
0.9959979989994997 5.845554480398627e-11 
0.9964982491245622 5.562411944998458e-11 
0.9969984992496247 5.2927191456077836e-11 
0.9974987493746873 5.0358503147295324e-11 
0.9979989994997498 4.7912081612733785e-11 
0.9984992496248123 4.558222605194636e-11 
0.9989994997498749 4.33634956693123e-11 
0.9994997498749374 4.125069809330506e-11 
1.0 3.923887829852375e-11 
