xdata ydata 
0.0 0.0 
0.0005002501250625312 0.0 
0.0010005002501250625 0.0 
0.0015007503751875936 0.0 
0.002001000500250125 0.0 
0.0025012506253126563 0.0 
0.003001500750375187 0.0 
0.0035017508754377185 0.0 
0.00400200100050025 0.0 
0.004502251125562781 0.0 
0.0050025012506253125 0.0 
0.005502751375687844 0.0 
0.006003001500750374 0.0 
0.006503251625812906 0.0 
0.007003501750875437 0.0 
0.007503751875937968 0.0 
0.0080040020010005 0.0 
0.00850425212606303 0.0 
0.009004502251125562 0.0 
0.009504752376188093 0.0 
0.010005002501250625 0.0 
0.010505252626313155 0.0 
0.011005502751375688 0.0 
0.011505752876438218 0.0 
0.012006003001500749 0.0 
0.01250625312656328 0.0 
0.013006503251625811 0.0 
0.013506753376688344 0.0 
0.014007003501750874 0.0 
0.014507253626813406 0.0 
0.015007503751875937 0.0 
0.015507753876938469 0.0 
0.016008004002001 0.0 
0.01650825412706353 0.0 
0.01700850425212606 0.0 
0.017508754377188594 0.0 
0.018009004502251125 0.0 
0.018509254627313655 0.0 
0.019009504752376186 0.0 
0.01950975487743872 0.0 
0.02001000500250125 0.0 
0.02051025512756378 0.0 
0.02101050525262631 0.0 
0.02151075537768884 0.0 
0.022011005502751375 0.0 
0.022511255627813906 0.0 
0.023011505752876436 0.0 
0.023511755877938967 0.0 
0.024012006003001497 0.0 
0.02451225612806403 0.0 
0.02501250625312656 0.0 
0.025512756378189092 0.0 
0.026013006503251623 0.0 
0.026513256628314157 0.0 
0.027013506753376687 0.0 
0.027513756878439218 0.0 
0.028014007003501748 0.0 
0.02851425712856428 0.0 
0.029014507253626812 0.0 
0.029514757378689343 0.0 
0.030015007503751873 0.0 
0.030515257628814404 0.0 
0.031015507753876938 0.0 
0.03151575787893947 0.0 
0.032016008004002 0.0003122010151638387 
0.03251625812906453 0.0018712761123002109 
0.03301650825412706 0.003444861742581713 
0.03351675837918959 0.005032148269446662 
0.03401700850425212 0.006632296045163367 
0.03451725862931466 0.008244435566635304 
0.03501750875437719 0.00986766768399718 
0.03551775887943972 0.011501063862390342 
0.03601800900450225 0.01314366649722281 
0.03651825912956478 0.014794489283150627 
0.03701850925462731 0.01645251763688119 
0.03751875937968984 0.018116709173855203 
0.03801900950475237 0.01978599423873347 
0.0385192596298149 0.021459276489540147 
0.03901950975487744 0.023135433535217197 
0.03951975987993997 0.024813317626245737 
0.0400200100050025 0.026491756397910918 
0.04052026013006503 0.02816955366567312 
0.04102051025512756 0.02984549027204273 
0.04152076038019009 0.03151832498423537 
0.04202101050525262 0.03318679544181956 
0.04252126063031515 0.03484961915346641 
0.04302151075537768 0.03650549454182536 
0.04352176088044022 0.03815310203546187 
0.04402201100550275 0.03979110520670936 
0.04452226113056528 0.041418151954207005 
0.04502251125562781 0.04303287572881006 
0.04552276138069034 0.04463389680147325 
0.04602301150575287 0.04621982357164581 
0.0465232616308154 0.04778925391462892 
0.047023511755877934 0.04934077656626703 
0.047523761880940464 0.05087297254330189 
0.048024012006002995 0.052384416597608736 
0.04852426213106553 0.05387367870250857 
0.04902451225612806 0.05533932556925861 
0.04952476238119059 0.05677992219178337 
0.05002501250625312 0.05819403341762777 
0.050525262631315654 0.059580225543097165 
0.051025512756378184 0.060937067930456806 
0.051525762881440715 0.062263134645044266 
0.052026013006503245 0.0635570061100976 
0.052526263131565776 0.06481727077705267 
0.05302651325662831 0.06604252680904522 
0.053526763381690844 0.06723138377528771 
0.054027013506753374 0.06838246435400462 
0.054527263631815905 0.0694944060415409 
0.055027513756878435 0.07056586286526584 
0.055527763881940966 0.07159550709785642 
0.056028014007003496 0.07258203097054648 
0.056528264132066026 0.07352414838289963 
0.05702851425712856 0.07442059660666653 
0.057528764382191094 0.07527013798128213 
0.058029014507253625 0.07607156159855716 
0.058529264632316155 0.07682368497412188 
0.059029514757378686 0.07752535570318483 
0.059529764882441216 0.07817545309818691 
0.06003001500750375 0.07877288980594829 
0.06053026513256628 0.07931661340190434 
0.06103051525762881 0.07980560795908218 
0.06153076538269134 0.08023889558946419 
0.062031015507753876 0.08061553795543462 
0.0625312656328164 0.08093463774902993 
0.06303151575787894 0.08119534013675471 
0.06353176588294146 0.08139683416776222 
0.064032016008004 0.08153835414323683 
0.06453226613306653 0.08161918094488417 
0.06503251625812906 0.08163864332045093 
0.0655327663831916 0.08159611912428116 
0.06603301650825412 0.08149103651095185 
0.06653326663331666 0.08132287508010266 
0.06703351675837918 0.08109116697062162 
0.06753376688344172 0.0807954979024353 
0.06803401700850424 0.08043550816419094 
0.06853426713356678 0.08001089354522024 
0.06903451725862932 0.07952140621021367 
0.06953476738369184 0.07896685551513637 
0.07003501750875438 0.07834710876297843 
0.0705352676338169 0.07766209189801494 
0.07103551775887944 0.0769117901373283 
0.07153576788394196 0.07609624853843885 
0.0720360180090045 0.07521557250196015 
0.07253626813406702 0.07426992820828841 
0.07303651825912956 0.0732595429874254 
0.0735367683841921 0.0721847056211102 
0.07403701850925462 0.071045766576548 
0.07453726863431716 0.0698431381710807 
0.07503751875937968 0.06857729466727046 
0.07553776888444222 0.06724877229793957 
0.07603801900950474 0.06585816922079545 
0.07653826913456728 0.06440614540239728 
0.0770385192596298 0.06289342243126268 
0.07753876938469234 0.06132078326005744 
0.07803901950975488 0.059689071876870545 
0.0785392696348174 0.057999192905682506 
0.07903951975987994 0.05625211113622976 
0.07953976988494246 0.05444885098355641 
0.080040020010005 0.05259049587764156 
0.08054027013506752 0.05067818758356999 
0.08104052026013006 0.048713125452826446 
0.08154077038519258 0.04669656560636328 
0.08204102051025512 0.04462982005018898 
0.08254127063531766 0.04251425572430732 
0.08304152076038018 0.04035129348594377 
0.08354177088544272 0.03814240702803836 
0.08404202101050524 0.035889121734121544 
0.08454227113556778 0.03359301347072057 
0.0850425212606303 0.03125570731856213 
0.08554277138569284 0.028878876243894274 
0.08604302151075537 0.02646423971133135 
0.0865432716358179 0.024013562239707558 
0.08704352176088044 0.021528651902480864 
0.08754377188594296 0.01901135877431867 
0.0880440220110055 0.016463573325544646 
0.08854427213606803 0.013887224766212026 
0.08904452226113056 0.011284279341603736 
0.08954477238619309 0.00865673858105034 
0.09004502251125562 0.006006637501995943 
0.09054527263631815 0.0033360427712886657 
0.09104552276138068 0.0006470508257608084 
0.09154577288644322 0.0 
0.09204602301150575 0.0 
0.09254627313656828 0.0 
0.0930465232616308 0.0 
0.09354677338669334 0.0 
0.09404702351175587 0.0 
0.0945472736368184 0.0 
0.09504752376188093 0.0 
0.09554777388694347 0.0 
0.09604802401200599 0.0 
0.09654827413706853 0.0 
0.09704852426213106 0.0 
0.09754877438719359 0.0 
0.09804902451225612 0.0 
0.09854927463731865 0.0 
0.09904952476238119 0.0 
0.09954977488744371 0.0 
0.10005002501250625 0.0 
0.10055027513756877 0.0 
0.10105052526263131 0.0 
0.10155077538769385 0.0 
0.10205102551275637 0.0 
0.1025512756378189 0.0 
0.10305152576288143 0.0 
0.10355177588794397 0.0 
0.10405202601300649 0.0 
0.10455227613806903 0.0 
0.10505252626313155 0.0 
0.10555277638819409 0.0 
0.10605302651325663 0.0 
0.10655327663831915 0.0 
0.10705352676338169 0.0 
0.10755377688844421 0.0 
0.10805402701350675 0.0 
0.10855427713856927 0.0 
0.10905452726363181 0.0 
0.10955477738869433 0.0 
0.11005502751375687 0.0 
0.11055527763881941 0.0 
0.11105552776388193 0.0 
0.11155577788894447 0.0 
0.11205602801400699 0.0 
0.11255627813906953 0.0 
0.11305652826413205 0.0 
0.11355677838919459 0.0 
0.11405702851425711 0.0 
0.11455727863931965 0.0 
0.11505752876438219 0.0 
0.11555777888944471 0.0 
0.11605802901450725 0.0 
0.11655827913956977 0.0 
0.11705852926463231 0.0 
0.11755877938969483 0.0 
0.11805902951475737 0.0 
0.1185592796398199 0.0 
0.11905952976488243 0.0 
0.11955977988994497 0.0 
0.1200600300150075 0.0 
0.12056028014007003 0.0 
0.12106053026513255 0.0 
0.12156078039019509 0.0 
0.12206103051525762 0.0 
0.12256128064032015 0.0 
0.12306153076538268 0.0 
0.12356178089044521 0.0 
0.12406203101550775 0.0 
0.12456228114057027 0.0 
0.1250625312656328 0.0 
0.12556278139069535 0.0 
0.12606303151575787 0.0 
0.1265632816408204 0.0 
0.12706353176588292 0.0 
0.12756378189094547 0.0 
0.128064032016008 0.0 
0.12856428214107052 0.0 
0.12906453226613307 0.0 
0.1295647823911956 0.0 
0.13006503251625812 0.0 
0.13056528264132064 0.0 
0.1310655327663832 0.0 
0.13156578289144572 0.0 
0.13206603301650824 0.0 
0.13256628314157076 0.0 
0.1330665332666333 0.0 
0.13356678339169584 0.0 
0.13406703351675836 0.0 
0.1345672836418209 0.0 
0.13506753376688344 0.0 
0.13556778389194596 0.0 
0.13606803401700848 0.0 
0.13656828414207103 0.0 
0.13706853426713356 0.0 
0.13756878439219608 0.0 
0.13806903451725863 0.0 
0.13856928464232116 0.0 
0.13906953476738368 0.0 
0.1395697848924462 0.0 
0.14007003501750875 0.0 
0.14057028514257128 0.0 
0.1410705352676338 0.0 
0.14157078539269632 0.0 
0.14207103551775888 0.0 
0.1425712856428214 0.0 
0.14307153576788392 0.0 
0.14357178589294647 0.0 
0.144072036018009 0.0 
0.14457228614307152 0.0 
0.14507253626813404 0.0 
0.1455727863931966 0.0 
0.14607303651825912 0.0 
0.14657328664332164 0.0 
0.1470735367683842 0.0 
0.14757378689344672 0.0 
0.14807403701850924 0.0 
0.14857428714357176 0.0 
0.14907453726863432 0.0 
0.14957478739369684 0.0 
0.15007503751875936 0.00033999325058082147 
0.1505752876438219 0.0033783973745448947 
0.15107553776888444 0.006410004116257276 
0.15157578789394696 0.009432438761484231 
0.15207603801900949 0.01244333912685538 
0.15257628814407204 0.01544035767188815 
0.15307653826913456 0.01842116359472092 
0.15357678839419708 0.021383444909607748 
0.1540770385192596 0.024324910504247902 
0.15457728864432216 0.027243292175041452 
0.15507753876938468 0.03013634663837542 
0.1555777888944472 0.03300185751608426 
0.15607803901950976 0.035837637293232305 
0.15657828914457228 0.03864152924640313 
0.1570785392696348 0.04141140934071223 
0.15757878939469733 0.0441451880937645 
0.15807903951975988 0.04684081240483823 
0.1585792896448224 0.04949626734758748 
0.15907953976988493 0.05210957792458647 
0.15957978989494745 0.05467881078209247 
0.16008004002001 0.05720207588342131 
0.16058029014507252 0.05967752813936116 
0.16108054027013505 0.062103368994118925 
0.1615807903951976 0.06447784796529277 
0.16208104052026012 0.06679926413643923 
0.16258129064532265 0.0690659676008183 
0.16308154077038517 0.07127636085496908 
0.16358179089544772 0.07342890014078685 
0.16408204102051024 0.07552209673484106 
0.16458229114557277 0.07755451818370056 
0.16508254127063532 0.07952478948410208 
0.16558279139569784 0.08143159420682625 
0.16608304152076037 0.08327367556321005 
0.1665832916458229 0.08504983741327202 
0.16708354177088544 0.0867589452144744 
0.16758379189594796 0.08839992691021174 
0.1680840420210105 0.08997177375715795 
0.168584292146073 0.09147354109066565 
0.16908454227113556 0.09290434902747025 
0.1695847923961981 0.09426338310500307 
0.1700850425212606 0.09554989485668298 
0.17058529264632316 0.09676320232261368 
0.17108554277138568 0.09790269049516595 
0.1715857928964482 0.09896781169900126 
0.17208604302151073 0.09995808590513985 
0.17258629314657328 0.10087310097874981 
0.1730865432716358 0.10171251286039087 
0.17358679339669833 0.10247604568051191 
0.17408704352176088 0.1031634918070667 
0.1745872936468234 0.10377471182617826 
0.17508754377188593 0.10430963445584975 
0.17558779389694845 0.1047682563927708 
0.176088044022011 0.10515064209236316 
0.17658829414707353 0.10545692348225079 
0.17708854427213605 0.10568729960940977 
0.17758879439719857 0.10584203622134343 
0.17808904452226113 0.10592146528166169 
0.17858929464732365 0.10592598442053548 
0.17908954477238617 0.10585605632055808 
0.17958979489744872 0.10571220803861177 
0.18009004502251125 0.10549503026439609 
0.18059029514757377 0.10520517651637129 
0.1810905452726363 0.10484336227588796 
0.18159079539769885 0.10441036406040147 
0.18209104552276137 0.10390701843667825 
0.1825912956478239 0.10333422097500473 
0.18309154577288644 0.10269292514546828 
0.18359179589794897 0.10198414115742123 
0.1840920460230115 0.10120893474334065 
0.18459229614807401 0.10036842588833164 
0.18509254627313657 0.09946378750658572 
0.1855927963981991 0.09849624406619673 
0.1860930465232616 0.09746707016374588 
0.18659329664832414 0.09637758905018459 
0.1870935467733867 0.09522917110955342 
0.1875937968984492 0.09402323229217187 
0.18809404702351173 0.09276123250395278 
0.18859429714857429 0.09144467395358362 
0.1890945472736368 0.09007509945934812 
0.18959479739869933 0.08865409071741998 
0.19009504752376186 0.08718326653350975 
0.1905952976488244 0.08566428101979692 
0.19109554777388693 0.0840988217591279 
0.19159579789894945 0.08248860793848888 
0.19209604802401198 0.08083538845382326 
0.19259629814907453 0.07914093998830836 
0.19309654827413705 0.07740706506621756 
0.19359679839919958 0.07563559008455661 
0.19409704852426213 0.07382836332468322 
0.19459729864932465 0.07198725294616795 
0.19509754877438718 0.07011414496514942 
0.1955977988994497 0.06821094121951536 
0.19609804902451225 0.06627955732319883 
0.19659829914957477 0.06432192061198684 
0.1970985492746373 0.06233996808316019 
0.19759879939969985 0.060335644331391255 
0.19809904952476237 0.058310899483274885 
0.1985992996498249 0.05626768713290806 
0.19909954977488742 0.05420796228095187 
0.19959979989994997 0.05213367927958275 
0.2001000500250125 0.05004678978576541 
0.20060030015007502 0.04794924072529164 
0.20110055027513754 0.04584297226998548 
0.2016008004002001 0.04372991583051113 
0.20210105052526262 0.04161199206718325 
0.20260130065032514 0.039491108921188324 
0.2031015507753877 0.037369159668577207 
0.2036018009004502 0.035248020999422335 
0.20410205102551274 0.033129551124450395 
0.20460230115057526 0.03101558791149207 
0.2051025512756378 0.02890794705402026 
0.20560280140070034 0.026808420274046542 
0.20610305152576286 0.02471877356159671 
0.2066033016508254 0.022640745452943832 
0.20710355177588793 0.020576045349759337 
0.20760380190095046 0.01852635188127066 
0.20810405202601298 0.016493311311500936 
0.20860430215107553 0.014478535993574834 
0.20910455227613806 0.012483602873057243 
0.20960480240120058 0.010510052042232888 
0.2101050525262631 0.008559385347145641 
0.21060530265132565 0.006633065049200649 
0.21110555277638818 0.004732512543027328 
0.2116058029014507 0.0028591071322612103 
0.21210605302651325 0.0010141848648195777 
0.21260630315157578 0.0 
0.2131065532766383 0.0 
0.21360680340170082 0.0 
0.21410705352676337 0.0 
0.2146073036518259 0.0 
0.21510755377688842 0.0 
0.21560780390195097 0.0 
0.2161080540270135 0.0 
0.21660830415207602 0.0 
0.21710855427713854 0.0 
0.2176088044022011 0.0 
0.21810905452726362 0.0 
0.21860930465232614 0.0 
0.21910955477738867 0.0 
0.21960980490245122 0.0 
0.22011005502751374 0.0 
0.22061030515257626 0.0 
0.22111055527763882 0.0 
0.22161080540270134 0.0 
0.22211105552776386 0.0 
0.22261130565282639 0.0 
0.22311155577788894 0.0 
0.22361180590295146 0.0 
0.22411205602801398 0.0 
0.22461230615307654 0.0 
0.22511255627813906 0.0 
0.22561280640320158 0.0 
0.2261130565282641 0.0 
0.22661330665332666 0.0 
0.22711355677838918 0.0 
0.2276138069034517 0.0 
0.22811405702851423 0.0 
0.22861430715357678 0.0 
0.2291145572786393 0.0 
0.22961480740370183 0.0 
0.23011505752876438 0.0 
0.2306153076538269 0.0 
0.23111555777888942 0.0 
0.23161580790395195 0.0 
0.2321160580290145 0.0 
0.23261630815407702 0.0 
0.23311655827913955 0.0 
0.2336168084042021 0.0 
0.23411705852926462 0.0 
0.23461730865432714 0.0 
0.23511755877938967 0.0 
0.23561780890445222 0.0 
0.23611805902951474 0.0 
0.23661830915457727 0.0 
0.2371185592796398 0.0 
0.23761880940470234 0.0 
0.23811905952976486 0.0 
0.2386193096548274 0.0 
0.23911955977988994 0.0 
0.23961980990495246 0.0 
0.240120060030015 0.0 
0.2406203101550775 0.0 
0.24112056028014006 0.0 
0.24162081040520259 0.0 
0.2421210605302651 0.0 
0.24262131065532766 0.0 
0.24312156078039018 0.0 
0.2436218109054527 0.0 
0.24412206103051523 0.0 
0.24462231115557778 0.0 
0.2451225612806403 0.0 
0.24562281140570283 0.0 
0.24612306153076535 0.0 
0.2466233116558279 0.0 
0.24712356178089043 0.0 
0.24762381190595295 0.0 
0.2481240620310155 0.0 
0.24862431215607803 0.0 
0.24912456228114055 0.0 
0.24962481240620307 0.0 
0.2501250625312656 0.0 
0.25062531265632815 0.0 
0.2511255627813907 0.0 
0.2516258129064532 0.0 
0.25212606303151575 0.0 
0.2526263131565783 0.0 
0.2531265632816408 0.0 
0.25362681340670334 0.0 
0.25412706353176584 0.0 
0.2546273136568284 0.0 
0.25512756378189094 0.0 
0.25562781390695344 0.0 
0.256128064032016 0.0 
0.25662831415707854 0.0 
0.25712856428214104 0.0 
0.2576288144072036 0.0 
0.25812906453226614 0.0 
0.25862931465732864 0.0 
0.2591295647823912 0.0 
0.2596298149074537 0.0 
0.26013006503251623 0.0 
0.2606303151575788 0.0 
0.2611305652826413 0.0 
0.26163081540770383 0.0 
0.2621310655327664 0.0 
0.2626313156578289 0.0 
0.26313156578289143 0.0 
0.263631815907954 0.0001508627502594628 
0.2641320660330165 0.0012347368823524421 
0.26463231615807903 0.0023313984241524694 
0.2651325662831415 0.003441438748025736 
0.2656328164082041 0.004565487071615706 
0.2661330665332666 0.005704209534739615 
0.2666333166583291 0.0068583082065882045 
0.2671335667833917 0.008028520024828142 
0.2676338169084542 0.009215615668355031 
0.2681340670335167 0.010420398365551264 
0.26863431715857927 0.01164370264003181 
0.2691345672836418 0.012886392995948926 
0.2696348174087043 0.014149362545086015 
0.27013506753376687 0.015433531578030898 
0.2706353176588294 0.016739846081859605 
0.2711355677838919 0.018069276206835357 
0.27163581790895447 0.019422814684761647 
0.27213606803401696 0.020801475201676856 
0.2726363181590795 0.02220629072770657 
0.27313656828414207 0.023638311806958627 
0.27363681840920456 0.02509860481041949 
0.2741370685342671 0.026588250154909666 
0.27463731865932967 0.028108340491185768 
0.27513756878439216 0.029659978864412816 
0.2756378189094547 0.03124427685020033 
0.27613806903451726 0.0328623526695317 
0.27663831915957976 0.03451532928592396 
0.2771385692846423 0.036204332488210804 
0.2776388194097048 0.03793048896237416 
0.27813906953476736 0.03969492435589686 
0.2786393196598299 0.041498761338123996 
0.2791395697848924 0.043343117660151066 
0.27963981990995496 0.045229104217747826 
0.2801400700350175 0.04715782312089205 
0.28064032016008 0.049130365773414286 
0.28114057028514255 0.051147810966320574 
0.2816408204102051 0.05321122298831318 
0.2821410705352676 0.05532164975701614 
0.28264132066033015 0.057480120974411374 
0.28314157078539265 0.059687646309942013 
0.2836418209104552 0.061945213614716534 
0.28414207103551775 0.06425378717020935 
0.28464232116058025 0.06661430597479213 
0.2851425712856428 0.06902768207140297 
0.28564282141070535 0.07149479891958878 
0.28614307153576785 0.07401650981506475 
0.2866433216608304 0.07659363635994267 
0.28714357178589295 0.07922696698660359 
0.28764382191095544 0.08191725553819333 
0.288144072036018 0.08466521990858106 
0.28864432216108055 0.08747154074455954 
0.28914457228614304 0.09033686021294211 
0.2896448224112056 0.09326178083513051 
0.2901450725362681 0.0962468643916158 
0.29064532266133064 0.0992926308987369 
0.2911455727863932 0.10239955765996105 
0.2916458229114557 0.10556807839374824 
0.29214607303651824 0.10879858244002463 
0.2926463231615808 0.11209141404708599 
0.2931465732866433 0.11544687174065267 
0.29364682341170584 0.11886520777667475 
0.2941470735367684 0.12234662767929891 
0.2946473236618309 0.12589128986531056 
0.29514757378689344 0.12949930535619494 
0.29564782391195593 0.1331707375788063 
0.2961480740370185 0.1369056022555004 
0.29664832416208103 0.1407038673844146 
0.29714857428714353 0.1445654533104362 
0.2976488244122061 0.1484902328872234 
0.29814907453726863 0.15247803173051025 
0.29864932466233113 0.15652862856272853 
0.2991495747873937 0.1606417556488719 
0.29964982491245623 0.16481709932329947 
0.3001500750375187 0.1690543006070685 
0.3006503251625813 0.17335295591519576 
0.3011505752876438 0.1777126178530944 
0.3016508254127063 0.18213279610125185 
0.3021510755377689 0.18661295838709502 
0.30265132566283137 0.191152531542777 
0.3031515757878939 0.19575090264749928 
0.3036518259129565 0.20040742025282374 
0.30415207603801897 0.20512139568922588 
0.3046523261630815 0.20989210445208026 
0.3051525762881441 0.21471878766501223 
0.30565282641320657 0.21960065361849512 
0.3061530765382691 0.22453687938135014 
0.30665332666333167 0.22952661248273631 
0.30715357678839417 0.23456897266202645 
0.3076538269134567 0.23966305368384896 
0.3081540770385192 0.24480792521545824 
0.30865432716358177 0.2500026347634547 
0.3091545772886443 0.25524620966676836 
0.3096548274137068 0.2605376591426747 
0.31015507753876936 0.2658759763825558 
0.3106553276638319 0.2712601406939545 
0.3111555777888944 0.2766891196854067 
0.31165582791395696 0.2821618714904309 
0.3121560780390195 0.2876773470269758 
0.312656328164082 0.29323449228851406 
0.31315657828914456 0.2988322506629379 
0.31365682841420706 0.3044695652753126 
0.3141570785392696 0.3101453813504807 
0.31465732866433216 0.31585864859148566 
0.31515757878939465 0.321608323569671 
0.3156578289144572 0.3273933721223546 
0.31615807903951976 0.3332127717538547 
0.31665832916458225 0.3390655140356822 
0.3171585792896448 0.3449506070016519 
0.31765882941470736 0.350867077533678 
0.31815907953976985 0.356813973733997 
0.3186593296648324 0.36279036727955355 
0.3191595797898949 0.3687953557543417 
0.31965982991495745 0.37482806495542237 
0.32016008004002 0.3808876511684709 
0.3206603301650825 0.3869733034086303 
0.32116058029014505 0.39308424562257627 
0.3216608304152076 0.39921973884767414 
0.3221610805402701 0.4053790833242203 
0.32266133066533265 0.4115616205567668 
0.3231615807903952 0.41776673532064434 
0.3236618309154577 0.4239938576098361 
0.32416208104052024 0.43024246452245685 
0.32466233116558274 0.4365120820801869 
0.3251625812906453 0.44280228697807017 
0.32566283141570784 0.4491127082612403 
0.32616308154077034 0.45544302892520466 
0.3266633316658329 0.46179298743644775 
0.32716358179089544 0.46816237917025094 
0.32766383191595794 0.4745510577627136 
0.3281640820410205 0.4809589363741498 
0.32866433216608304 0.48738598886111417 
0.32916458229114554 0.49383225085450666 
0.3296648324162081 0.5002978207413202 
0.33016508254127064 0.5067828605477707 
0.33066533266633313 0.5132875967216833 
0.3311655827913957 0.5198123208122176 
0.3316658329164582 0.5263573900451274 
0.33216608304152073 0.532923227791952 
0.3326663331665833 0.5395103239317365 
0.3331665832916458 0.5461192351039713 
0.33366683341670833 0.5527505848517434 
0.3341670835417709 0.559405063654168 
0.3346673336668334 0.5660834288474074 
0.33516758379189593 0.5727865044337825 
0.3356678339169585 0.5795151807786366 
0.336168084042021 0.5862704141948297 
0.3366683341670835 0.5930532264149102 
0.337168584292146 0.5998647039512556 
0.3376688344172086 0.6067059973445839 
0.3381690845422711 0.6135783203015182 
0.3386693346673336 0.6204829487220127 
0.3391695847923962 0.627421219617701 
0.3396698349174587 0.634394529922354 
0.3401700850425212 0.6414043351958798 
0.34067033516758377 0.648452148223466 
0.3411705852926463 0.6555395375116463 
0.3416708354177088 0.6626681256832657 
0.34217108554277137 0.669839587773497 
0.34267133566783387 0.6770556494292533 
0.3431715857928964 0.6843180850144792 
0.34367183591795897 0.6916287156240323 
0.34417208604302146 0.6989894070089787 
0.344672336168084 0.7064020674163292 
0.34517258629314657 0.7138686453463781 
0.34567283641820906 0.7213911272309645 
0.3461730865432716 0.7289715350361485 
0.34667333666833416 0.7366119237929013 
0.34717358679339666 0.7443143790595572 
0.3476738369184592 0.7520810143199368 
0.34817408704352176 0.7599139683211364 
0.34867433716858426 0.7678154023550942 
0.3491745872936468 0.7757874974882184 
0.3496748374187093 0.7838324517433785 
0.35017508754377186 0.7919524772387257 
0.3506753376688344 0.8001497972878726 
0.3511755877938969 0.8084266434660361 
0.35167583791895946 0.8167852526468529 
0.352176088044022 0.825227864014605 
0.3526763381690845 0.8337567160566807 
0.35317658829414705 0.8423740435411299 
0.3536768384192096 0.8510820744842482 
0.3541770885442721 0.85988302711307 
0.35467733866933465 0.8687791068278198 
0.35517758879439715 0.8777725031692322 
0.3556778389194597 0.8868653867957651 
0.35617808904452225 0.8960599064757112 
0.35667833916958475 0.905358186099135 
0.3571785892946473 0.914762321714662 
0.35767883941970985 0.9242743785959963 
0.35817908954477234 0.9338963883431057 
0.3586793396698349 0.9436303460229 
0.35917958979489745 0.9534782073542291 
0.35967983991995994 0.9634418859419017 
0.3601800900450225 0.9735232505644271 
0.360680340170085 0.9837241225200541 
0.36118059029514754 0.9940462730355895 
0.3616808404202101 1.0044914207424387 
0.3621810905452726 1.0150612292241215 
0.36268134067033514 1.0257573046395057 
0.3631815907953977 1.0365811934257716 
0.3636818409204602 1.0475343800850976 
0.36418209104552274 1.0586182850588377 
0.3646823411705853 1.0698342626928954 
0.3651825912956478 1.0811835992977612 
0.36568284142071034 1.0926675113066309 
0.3661830915457729 1.104287143534773 
0.3666833416708354 1.1160435675431655 
0.36718359179589793 1.1279377801093209 
0.36768384192096043 1.1399707018078928 
0.368184092046023 1.1521431757036498 
0.36868434217108553 1.1644559661590437 
0.36918459229614803 1.1769097577585494 
0.3696848424212106 1.18950515435163 
0.37018509254627313 1.2022426782160918 
0.3706853426713356 1.2151227693432898 
0.3711855927963982 1.2281457848464987 
0.37168584292146073 1.2413119984935377 
0.3721860930465232 1.2546216003644797 
0.3726863431715858 1.268074696635158 
0.3731865932966483 1.2816713094868142 
0.3736868434217108 1.295411377142174 
0.3741870935467734 1.3092947540278963 
0.37468734367183587 1.3233212110631682 
0.3751875937968984 1.3374904360739797 
0.375687843921961 1.3518020343324257 
0.37618809404702347 1.366255529220087 
0.376688344172086 1.3808503630144 
0.37718859429714857 1.3955858977966713 
0.37768884442221107 1.4104614164801337 
0.3781890945472736 1.4254761239563156 
0.3786893446723361 1.4406291483577107 
0.37918959479739867 1.4559195424345028 
0.3796898449224612 1.4713462850430272 
0.3801900950475237 1.4869082827432418 
0.38069034517258626 1.502604371502487 
0.3811905952976488 1.5184333185024559 
0.3816908454227113 1.5343938240462096 
0.38219109554777386 1.5504845235618296 
0.3826913456728364 1.5667039896991577 
0.3831915957978989 1.583050734515845 
0.38369184592296146 1.5995232117488374 
0.38419209604802396 1.6161198191671957 
0.3846923461730865 1.63283890100202 
0.38519259629814906 1.6496787504491246 
0.38569284642321155 1.6666376122399014 
0.3861930965482741 1.6837136852757615 
0.38669334667333666 1.7009051253213434 
0.38719359679839915 1.7182100477515976 
0.3876938469234617 1.7356265303477567 
0.38819409704852426 1.7531526161370652 
0.38869434717358675 1.7707863162710604 
0.3891945972986493 1.7885256129371556 
0.38969484742371185 1.8063684622981488 
0.39019509754877435 1.8243127974542006 
0.3906953476738369 1.842356531421893 
0.3911955977988994 1.8604975601247353 
0.39169584792396195 1.8787337653896512 
0.3921960980490245 1.8970630179438186 
0.392696348174087 1.915483180406252 
0.39319659829914955 1.9339921102685473 
0.3936968484242121 1.9525876628591894 
0.3941970985492746 1.9712676942857572 
0.39469734867433715 1.9900300643495918 
0.3951975987993997 2.0088726394272682 
0.3956978489244622 2.027793295313432 
0.39619809904952474 2.0467899200195934 
0.39669834917458724 2.0658604165234475 
0.3971985992996498 2.0850027054634594 
0.39769884942471234 2.104214727773484 
0.39819909954977484 2.1234944472522903 
0.3986993496748374 2.1428398530629984 
0.39919959979989994 2.1622489621574634 
0.39969984992496244 2.1817198216208595 
0.400200100050025 2.2012505109317995 
0.40070035017508754 2.2208391441334436 
0.40120060030015003 2.240483871911235 
0.4017008504252126 2.26018288357304 
0.4022011005502751 2.2799344089276565 
0.40270135067533763 2.2997367200577448 
0.4032016008004002 2.319588132983547 
0.4037018509254627 2.33948700921382 
0.40420210105052523 2.359431757180676 
0.4047023511755878 2.3794208335552103 
0.4052026013006503 2.3994527444409592 
0.40570285142571283 2.4195260464425217 
0.4062031015507754 2.439639347606831 
0.4067033516758379 2.459791308234793 
0.4072036018009004 2.479980641561282 
0.407703851925963 2.500206114301679 
0.4082041020510255 2.520466547063338 
0.408704352176088 2.5407608146207434 
0.4092046023011505 2.5610878460531437 
0.4097048524262131 2.5814466247439696 
0.4102051025512756 2.601836188241324 
0.4107053526763381 2.622255627979259 
0.41120560280140067 2.6427040888597744 
0.4117058529264632 2.663180768695678 
0.4122061030515257 2.683684917514719 
0.41270635317658827 2.7042158367257416 
0.4132066033016508 2.7247728781477267 
0.4137068534267133 2.745355442902953 
0.41420710355177587 2.7659629801757073 
0.41470735367683836 2.786594985838283 
0.4152076038019009 2.807251000946149 
0.41570785392696347 2.827930610104561 
0.41620810405202596 2.848633439709013 
0.4167083541770885 2.8693591560622407 
0.41720860430215106 2.890107463370713 
0.41770885442721356 2.9108781016237337 
0.4182091045522761 2.9316708443585924 
0.41870935467733866 2.9524854963153873 
0.41920960480240116 2.9733218909852934 
0.4197098549274637 2.9941798880564243 
0.4202101050525262 3.0150593707614846 
0.42071035517758876 3.03596024313169 
0.4212106053026513 3.056882427161664 
0.4217108554277138 3.07782585989006 
0.42221110555277636 3.098790490401064 
0.4227113556778389 3.119776276751885 
0.4232116058029014 3.1407831828316297 
0.42371185592796395 3.1618111751570805 
0.4242121060530265 3.182860219611087 
0.424712356178089 3.203930278129284 
0.42521260630315155 3.225021305341177 
0.4257128564282141 3.2461332451715657 
0.4262131065532766 3.2672660274085144 
0.42671335667833915 3.2884195642441183 
0.42721360680340165 3.3095937467944014 
0.4277138569284642 3.330788441604776 
0.42821410705352675 3.3520034871475914 
0.42871435717858924 3.37323869031824 
0.4292146073036518 3.3944938229365067 
0.42971485742871435 3.415768618259721 
0.43021510755377684 3.437062767514392 
0.4307153576788394 3.45837591645296 
0.43121560780390195 3.479707661942372 
0.43171585792896444 3.501057548591059 
0.432216108054027 3.522425065421012 
0.4327163581790895 3.5438096425914742 
0.43321660830415204 3.565210648180849 
0.4337168584292146 3.586627385033295 
0.4342171085542771 3.608059087676367 
0.43471735867933964 3.6295049193161457 
0.4352176088044022 3.650963968915991 
0.4357178589294647 3.6724352483651193 
0.43621810905452724 3.6939176897430173 
0.4367183591795898 3.7154101426855974 
0.4372186093046523 3.736911371858829 
0.43771885942971483 3.7584200545455237 
0.43821910955477733 3.779934778350684 
0.4387193596798399 3.8014540390307316 
0.43921960980490243 3.8229762384517594 
0.43971985992996493 3.8444996826816933 
0.4402201100550275 3.866022580221148 
0.44072036018009003 3.8875430403775146 
0.4412206103051525 3.909059071786555 
0.4417208604302151 3.9305685810856605 
0.44222111055527763 3.952069371742639 
0.4427213606803401 3.9735591430436403 
0.4432216108054027 3.9950354892436417 
0.44372186093046523 4.0164958988826465 
0.4442221110555277 4.037937754270424 
0.4447223611805903 4.059358331142524 
0.44522261130565277 4.0807547984897905 
0.4457228614307153 4.102124218563549 
0.4462231115557779 4.123463547058256 
0.44672336168084037 4.144769633473075 
0.4472236118059029 4.166039221653685 
0.44772386193096547 4.1872689505152225 
0.44822411205602797 4.208455354946971 
0.4487243621810905 4.229594866899262 
0.44922461230615307 4.250683816652497 
0.44972486243121557 4.271718434268162 
0.4502251125562781 4.292694851221225 
0.4507253626813406 4.313609102213099 
0.45122561280640316 4.334457127163987 
0.4517258629314657 4.3552347733832315 
0.4522261130565282 4.375937797915824 
0.45272636318159076 4.396561870063111 
0.4532266133066533 4.41710257407533 
0.4537268634317158 4.437555412013301 
0.45422711355677836 4.457915806776421 
0.4547273636818409 4.478179105293685 
0.4552276138069034 4.498340581874268 
0.45572786393196596 4.518395441713891 
0.45622811405702846 4.538338824552937 
0.456728364182091 4.558165808481943 
0.45722861430715356 4.577871413889999 
0.45772886443221605 4.59745060755107 
0.4582291145572786 4.616898306843322 
0.45872936468234116 4.636209384095996 
0.45922961480740365 4.65537867105832 
0.4597298649324662 4.674400963484694 
0.46023011505752875 4.693271025830111 
0.46073036518259125 4.711983596049569 
0.4612306153076538 4.730533390495177 
0.4617308654327163 4.748915108904187 
0.46223111555777885 4.767123439471303 
0.4627313656828414 4.785153063998241 
0.4632316158079039 4.802998663113414 
0.46373186593296645 4.820654921554544 
0.464232116058029 4.838116533506722 
0.4647323661830915 4.855378207988404 
0.46523261630815405 4.872434674277739 
0.4657328664332166 4.88928068737141 
0.4662331165582791 4.905911033468208 
0.46673336668334164 4.922320535469358 
0.4672336168084042 4.938504058487674 
0.4677338669334667 4.95445651535742 
0.46823411705852924 4.970172872136889 
0.46873436718359174 4.985648153595455 
0.4692346173086543 5.000877448677127 
0.46973486743371684 5.015855915932313 
0.47023511755877934 5.0305787889097715 
0.4707353676838419 5.045041381500586 
0.47123561780890444 5.0592390932261715 
0.47173586793396693 5.073167414462158 
0.4722361180590295 5.086821931590342 
0.47273636818409204 5.100198332070703 
0.47323661830915453 5.113292409425745 
0.4737368684342171 5.126100068129429 
0.4742371185592796 5.138617328393139 
0.47473736868434213 5.150840330841173 
0.4752376188094047 5.162765341068442 
0.4757378689344672 5.174388754073222 
0.47623811905952973 5.185707098557873 
0.4767383691845923 5.196717041090752 
0.4772386193096548 5.207415390122545 
0.47773886943471733 5.217799099850641 
0.4782391195597799 5.227865273925204 
0.4787393696848424 5.237611168990918 
0.4792396198099049 5.2470341980585395 
0.4797398699349674 5.256131933700699 
0.48024012006003 5.264902111066526 
0.4807403701850925 5.273342630710085 
0.481240620310155 5.281451561227663 
0.48174087043521757 5.289227141699466 
0.4822411205602801 5.296667783931285 
0.4827413706853426 5.303772074492258 
0.48324162081040517 5.310538776544887 
0.4837418709354677 5.316966831463992 
0.4842421210605302 5.323055360241387 
0.48474237118559277 5.328803664673564 
0.4852426213106553 5.334211228329826 
0.4857428714357178 5.339277717298731 
0.48624312156078037 5.344002980710978 
0.48674337168584286 5.348387051037263 
0.4872436218109054 5.352430144159822 
0.48774387193596797 5.356132659216934 
0.48824412206103046 5.359495178219758 
0.488744372186093 5.362518465441371 
0.48924462231115556 5.36520346657816 
0.48974487243621806 5.367551307684051 
0.4902451225612806 5.369563293878443 
0.49074537268634316 5.371240907828946 
0.49124562281140566 5.372585808010538 
0.4917458729364682 5.373599826742898 
0.4922461230615307 5.374284968008138 
0.49274637318659326 5.3746434050514225 
0.4932466233116558 5.374677477767345 
0.4937468734367183 5.374389689875184 
0.49424712356178085 5.373782705886556 
0.4947473736868434 5.372859347869225 
0.4952476238119059 5.371622592011223 
0.49574787393696845 5.370075564989615 
0.496248124062031 5.368221540148731 
0.4967483741870935 5.366063933492749 
0.49724862431215605 5.363606299497968 
0.49774887443721855 5.360852326750346 
0.4982491245622811 5.3578058334140914 
0.49874937468734365 5.3544707625374235 
0.49924962481240615 5.350851177201818 
0.4997498749374687 5.3469512555213505 
0.5002501250625312 5.342775285498923 
0.5007503751875938 5.338327659746406 
0.5012506253126563 5.333612870075984 
0.5017508754377188 5.328635501970099 
0.5022511255627814 5.323400228937659 
0.5027513756878439 5.317911806764325 
0.5032516258129064 5.312175067664862 
0.503751875937969 5.306194914345659 
0.5042521260630315 5.299976313985779 
0.504752376188094 5.293524292144834 
0.5052526263131566 5.286843926606331 
0.5057528764382191 5.279940341165023 
0.5062531265632816 5.272818699367083 
0.5067533766883441 5.265484198211813 
0.5072536268134067 5.257942061823832 
0.5077538769384692 5.25019753510463 
0.5082541270635317 5.2422558773724575 
0.5087543771885943 5.234122355999523 
0.5092546273136568 5.225802240055527 
0.5097548774387193 5.217300793966489 
0.5102551275637819 5.208623271197878 
0.5107553776888444 5.19977490797099 
0.5112556278139069 5.190760917021463 
0.5117558779389695 5.181586481408816 
0.512256128064032 5.17225674838574 
0.5127563781890945 5.162776823335905 
0.5132566283141571 5.153151763788835 
0.5137568784392196 5.14338657352036 
0.5142571285642821 5.133486196747033 
0.5147573786893447 5.12345551242271 
0.5152576288144072 5.113299328645427 
0.5157578789394697 5.103022377182466 
0.5162581290645323 5.092629308121379 
0.5167583791895948 5.082124684654564 
0.5172586293146573 5.071512978004746 
0.5177588794397199 5.060798562498525 
0.5182591295647824 5.0499857107949895 
0.5187593796898449 5.03907858927611 
0.5192596298149074 5.028081253605351 
0.51975987993997 5.016997644460826 
0.5202601300650325 5.005831583448917 
0.520760380190095 4.994586769204122 
0.5212606303151576 4.983266773680533 
0.5217608804402201 4.971875038640155 
0.5222611305652826 4.960414872342883 
0.5227613806903452 4.948889446442777 
0.5232616308154077 4.937301793094801 
0.5237618809404702 4.925654802276134 
0.5242621310655328 4.913951219325529 
0.5247623811905953 4.902193642704138 
0.5252626313156578 4.890384521980792 
0.5257628814407204 4.878526156044325 
0.5262631315657829 4.866620691545327 
0.5267633816908454 4.8546701215693115 
0.527263631815908 4.8426762845428435 
0.5277638819409705 4.83064086337405 
0.528264132066033 4.818565384828394 
0.5287643821910956 4.80645121914027 
0.5292646323161581 4.7942995798607795 
0.5297648824412206 4.782111523941494 
0.530265132566283 4.769887952053802 
0.5307653826913457 4.757629609143039 
0.5312656328164082 4.745337085216253 
0.5317658829414706 4.7330108163621585 
0.5322661330665333 4.720651086001359 
0.5327663831915957 4.708258026364781 
0.5332666333166582 4.6958316201977635 
0.5337668834417209 4.683371702686945 
0.5342671335667833 4.670877963606861 
0.5347673836918458 4.658349949682678 
0.5352676338169085 4.645787067165343 
0.535767883941971 4.633188584614982 
0.5362681340670334 4.620553635888193 
0.536768384192096 4.607881223324411 
0.5372686343171585 4.595170221126493 
0.537768884442221 4.582419378930099 
0.5382691345672836 4.569627325556391 
0.5387693846923461 4.556792572942192 
0.5392696348174086 4.543913520241544 
0.5397698849424712 4.530988458092285 
0.5402701350675337 4.518015573041148 
0.5407703851925962 4.5049929521205625 
0.5412706353176588 4.491918587570062 
0.5417708854427213 4.478790381695253 
0.5422711355677838 4.465606151856746 
0.5427713856928463 4.452363635581595 
0.5432716358179089 4.439060495789374 
0.5437718859429714 4.4256943261250274 
0.5442721360680339 4.4122626563904035 
0.5447723861930965 4.398762958066187 
0.545272636318159 4.385192649916001 
0.5457728864432215 4.371549103664198 
0.5462731365682841 4.357829649738687 
0.5467733866933466 4.344031583070318 
0.5472736368184091 4.330152168940073 
0.5477738869434717 4.316188648865195 
0.5482741370685342 4.302138246515595 
0.5487743871935967 4.287998173651655 
0.5492746373186593 4.27376563607447 
0.5497748874437218 4.259437839579816 
0.5502751375687843 4.245011995906888 
0.5507753876938469 4.230485328672969 
0.5512756378189094 4.21585507928531 
0.5517758879439719 4.201118512821386 
0.5522761380690345 4.186272923868857 
0.552776388194097 4.17131564231663 
0.5532766383191595 4.156244039088522 
0.5537768884442221 4.141055531810964 
0.5542771385692846 4.125747590406589 
0.5547773886943471 4.1103177426053925 
0.5552776388194096 4.094763579365442 
0.5557778889444722 4.079082760195208 
0.5562781390695347 4.063273018369792 
0.5567783891945972 4.047332166033455 
0.5572786393196598 4.0312580991809925 
0.5577788894447223 4.015048802510854 
0.5582791395697848 3.998702354142924 
0.5587793896948474 3.9822169301941606 
0.5592796398199099 3.9655908092056076 
0.5597798899449724 3.9488223764143946 
0.560280140070035 3.9319101278645836 
0.5607803901950975 3.91485267435113 
0.56128064032016 3.8976487451913147 
0.5617808904452226 3.8802971918182863 
0.5622811405702851 3.8627969911917877 
0.5627813906953476 3.8451472490212177 
0.5632816408204102 3.8273472027965667 
0.5637818909454727 3.809396224623096 
0.5642821410705352 3.791293823855861 
0.5647823911955978 3.7730396495304546 
0.5652826413206603 3.7546334925868172 
0.5657828914457228 3.7360752878830854 
0.5662831415707853 3.717365115996841 
0.5667833916958479 3.6985032048115425 
0.5672836418209104 3.679489930886047 
0.5677838919459729 3.6603258206056632 
0.5682841420710355 3.6410115511133134 
0.568784392196098 3.6215479510198842 
0.5692846423211605 3.601936000893083 
0.5697848924462231 3.582176833524373 
0.5702851425712856 3.562271733974148 
0.5707853926963481 3.5422221393953097 
0.5712856428214107 3.5220296386359577 
0.5717858929464732 3.5016959716222082 
0.5722861430715357 3.4812230285223853 
0.5727863931965983 3.460612848694223 
0.5732866433216608 3.439867619417029 
0.5737868934467233 3.4189896744110864 
0.5742871435717859 3.397981492146778 
0.5747873936968484 3.376845693946419 
0.5752876438219109 3.355585041881914 
0.5757878939469735 3.33420243647165 
0.576288144072036 3.3127009141805153 
0.5767883941970985 3.291083644726985 
0.5772886443221611 3.2693539282015998 
0.5777888944472236 3.2475151920014853 
0.5782891445722861 3.2255709875856806 
0.5787893946973486 3.2035249870564675 
0.5792896448224112 3.1813809795719337 
0.5797898949474737 3.15914286759547 
0.5802901450725362 3.1368146629879474 
0.5807903951975988 3.1144004829485907 
0.5812906453226613 3.0919045458108374 
0.5817908954477238 3.0693311666995937 
0.5822911455727864 3.04668475305648 
0.5827913956978489 3.023969800039907 
0.5832916458229114 3.0011908858069742 
0.583791895947974 2.9783526666842164 
0.5842921460730365 2.955459872234574 
0.584792396198099 2.932517300227949 
0.5852926463231616 2.909529811522831 
0.5857928964482241 2.886502324866694 
0.5862931465732866 2.8634398116228788 
0.5867933966983492 2.8403472904317146 
0.5872936468234117 2.817229821813872 
0.5877938969484742 2.7940925027238595 
0.5882941470735368 2.7709404610616177 
0.5887943971985993 2.747778850150344 
0.5892946473236618 2.724612843188583 
0.5897948974487243 2.70144762768459 
0.5902951475737869 2.678288399881194 
0.5907953976988494 2.6551403591790947 
0.5912956478239119 2.632008702566746 
0.5917958979489745 2.608898619064724 
0.592296148074037 2.5858152841926834 
0.5927963981990995 2.562763854466699 
0.5932966483241621 2.5397494619348584 
0.5937968984492246 2.516777208758871 
0.5942971485742871 2.4938521618493525 
0.5947973986993497 2.4709793475623023 
0.5952976488244122 2.448163746464238 
0.5957978989494747 2.4254102881733197 
0.5962981490745373 2.402723846283542 
0.5967983991995998 2.3801092333791227 
0.5972986493246623 2.357571196145899 
0.5977988994497249 2.33511441058641 
0.5982991495747874 2.3127434773451885 
0.5987993996998499 2.2904629171506623 
0.5992996498249125 2.268277166379662 
0.599799899949975 2.2461905727505735 
0.6003001500750375 2.224207391150841 
0.6008004002001001 2.202331779604204 
0.6013006503251626 2.180567795383097 
0.601800900450225 2.1589193912711293 
0.6023011505752875 2.137390411980405 
0.6028014007003502 2.115984590728354 
0.6033016508254126 2.0947055459782016 
0.6038019009504751 2.073556778347241 
0.6043021510755378 2.0525416676864814 
0.6048024012006002 2.031663470335372 
0.6053026513256627 2.010925316554642 
0.6058029014507254 1.990330208140231 
0.6063031515757878 1.9698810162210187 
0.6068034017008503 1.9495804792426297 
0.607303651825913 1.9294312011394181 
0.6078039019509754 1.9094356496964389 
0.6083041520760379 1.889596155102886 
0.6088044022011005 1.8699149086981373 
0.609304652326163 1.8503939619114083 
0.6098049024512255 1.831035225395573 
0.6103051525762881 1.8118404683554201 
0.6108054027013506 1.7928113180704845 
0.6113056528264131 1.7739492596120785 
0.6118059029514757 1.7552556357540097 
0.6123061530765382 1.7367316470761074 
0.6128064032016007 1.7183783522595006 
0.6133066533266633 1.7001966685720908 
0.6138069034517258 1.6821873725426506 
0.6143071535767883 1.6643511008214928 
0.6148074037018508 1.646688351225503 
0.6153076538269134 1.6291994839649602 
0.6158079039519759 1.6118847230494269 
0.6163081540770384 1.5947441578696608 
0.616808404202101 1.57777774495216 
0.6173086543271635 1.5609853098829525 
0.617808904452226 1.544366549396744 
0.6183091545772886 1.5279210336274027 
0.6188094047023511 1.5116482085156209 
0.6193096548274136 1.4955473983692376 
0.6198099049524762 1.4796178085715181 
0.6203101550775387 1.463858528432596 
0.6208104052026012 1.4482685341789574 
0.6213106553276638 1.4328466920756857 
0.6218109054527263 1.4175917616760862 
0.6223111555777888 1.4025023991930592 
0.6228114057028514 1.387577160986422 
0.6233116558279139 1.37281450716033 
0.6238119059529764 1.3582128052646951 
0.624312156078039 1.343770334094398 
0.6248124062031015 1.32948528758005 
0.625312656328164 1.3153557787638113 
0.6258129064532265 1.3013798438537916 
0.6263131565782891 1.2875554463504126 
0.6268134067033516 1.2738804812380293 
0.6273136568284141 1.260352779235072 
0.6278139069534767 1.246970111095874 
0.6283141570785392 1.2337301919573151 
0.6288144072036017 1.220630685723436 
0.6293146573286643 1.2076692094809944 
0.6298149074537268 1.1948433379391132 
0.6303151575787893 1.1821506078860482 
0.6308154077038519 1.169588522656089 
0.6313156578289144 1.157154556599742 
0.6318159079539769 1.1448461595502577 
0.6323161580790395 1.1326607612796369 
0.632816408204102 1.120595775937339 
0.6333166583291645 1.1086486064649357 
0.6338169084542271 1.0968166489800002 
0.6343171585792896 1.0850972971226642 
0.6348174087043521 1.0734879463583467 
0.6353176588294147 1.0619859982301676 
0.6358179089544772 1.0505888645548418 
0.6363181590795397 1.039293971555809 
0.6368184092046023 1.0280987639275316 
0.6373186593296648 1.0170007088250925 
0.6378189094547273 1.005997299773276 
0.6383191595797898 0.9950860604895206 
0.6388194097048524 0.9842645486152741 
0.6393196598299149 0.9735303593504798 
0.6398199099549774 0.9628811289860653 
0.64032016008004 0.9523145383294968 
0.6408204102051025 0.941828316018672 
0.641320660330165 0.9314202417196168 
0.6418209104552276 0.9210881492036292 
0.6423211605802901 0.91082992929975 
0.6428214107053526 0.9006435327186882 
0.6433216608304152 0.8905269727444302 
0.6438219109554777 0.8804783277901661 
0.6443221610805402 0.8704957438152442 
0.6448224112056028 0.8605774366001475 
0.6453226613306653 0.8507216938767993 
0.6458229114557278 0.8409268773116084 
0.6463231615807904 0.8311914243390435 
0.6468234117058529 0.8215138498436676 
0.6473236618309154 0.8118927476889227 
0.647823911955978 0.8023267920910627 
0.6483241620810405 0.7928147388370552 
0.648824412206103 0.783355426345399 
0.6493246623311655 0.7739477765690862 
0.6498249124562281 0.7645907957402561 
0.6503251625812906 0.755283574956267 
0.6508254127063531 0.7460252906072109 
0.6513256628314157 0.7368152046451153 
0.6518259129564782 0.7276526646953864 
0.6523261630815407 0.7185371040112412 
0.6528264132066033 0.709468041272135 
0.6533266633316658 0.7004450802274919 
0.6538269134567283 0.6914679091871984 
0.6543271635817909 0.6825363003606415 
0.6548274137068534 0.6736501090462613 
0.6553276638319159 0.6648092726738599 
0.6558279139569785 0.6560138097020576 
0.656328164082041 0.6472638183736488 
0.6568284142071035 0.6385594753316762 
0.6573286643321661 0.6299010340993503 
0.6578289144572286 0.6212888234271409 
0.6583291645822911 0.6127232455105256 
0.6588294147073537 0.6042047740821196 
0.6593296648324162 0.5957339523820675 
0.6598299149574787 0.5873113910107994 
0.6603301650825413 0.5789377656683763 
0.6608304152076038 0.5706138147848492 
0.6613306653326663 0.5623403370462468 
0.6618309154577288 0.5541181888208707 
0.6623311655827914 0.545948281490803 
0.6628314157078539 0.537831578693648 
0.6633316658329164 0.5297690934796291 
0.663831915957979 0.5217618853892871 
0.6643321660830415 0.5138110574571685 
0.664832416208104 0.5059177531469969 
0.6653326663331666 0.49808315322379976 
0.6658329164582291 0.4903084725687343 
0.6663331665832916 0.48259495694227283 
0.6668334167083542 0.4749438797015189 
0.6673336668334167 0.46735653847753217 
0.6678339169584792 0.4598342518185056 
0.6683341670835418 0.4523783558047126 
0.6688344172086043 0.44499020064117906 
0.6693346673336668 0.43767114723403794 
0.6698349174587294 0.4304225637564848 
0.6703351675837919 0.42324582221037943 
0.6708354177088544 0.4161422949893464 
0.671335667833917 0.4091133514493593 
0.6718359179589795 0.40216035449268844 
0.672336168084042 0.39528465717105904 
0.6728364182091046 0.3884875993138073 
0.673336668334167 0.3817705041868123 
0.6738369184592296 0.37513467518785243 
0.674337168584292 0.36858139258397477 
0.6748374187093547 0.36211191029641165 
0.6753376688344171 0.3557274527384417 
0.6758379189594796 0.34942921171151603 
0.6763381690845423 0.3432183433648318 
0.6768384192096047 0.33709596522345875 
0.6773386693346672 0.3310631532899633 
0.6778389194597298 0.3251209392243143 
0.6783391695847923 0.3192703076067974 
0.6788394197098548 0.3135121932884392 
0.6793396698349174 0.3078474788332813 
0.6798399199599799 0.30227699205675257 
0.6803401700850424 0.2968015036641637 
0.680840420210105 0.2914217249931461 
0.6813406703351675 0.28613830586376887 
0.68184092046023 0.28095183253977946 
0.6823411705852926 0.2758628258042852 
0.6828414207103551 0.2708717391529746 
0.6833416708354176 0.2659789571077849 
0.6838419209604802 0.26118479365366887 
0.6843421710855427 0.2564894908010208 
0.6848424212106052 0.2518932172759505 
0.6853426713356677 0.24739606734051112 
0.6858429214607303 0.24299805974469604 
0.6863431715857928 0.23869913681182914 
0.6868434217108553 0.2344991636587216 
0.6873436718359179 0.23039792755176872 
0.6878439219609804 0.22639513739993966 
0.6883441720860429 0.2224904233853224 
0.6888444222111055 0.2186833367317724 
0.689344672336168 0.21497334961184583 
0.6898449224612305 0.2113598551920987 
0.6903451725862931 0.20784216781651016 
0.6908454227113556 0.20441952332760505 
0.6913456728364181 0.20109107952464117 
0.6918459229614807 0.19785591675792782 
0.6923461730865432 0.19471303865821882 
0.6928464232116057 0.191661372999825 
0.6933466733366683 0.18869977269590058 
0.6938469234617308 0.18582701692415032 
0.6943471735867933 0.1830418123809842 
0.6948474237118559 0.18034279466192826 
0.6953476738369184 0.17772852976591438 
0.6958479239619809 0.17519751572086034 
0.6963481740870435 0.1727481843277452 
0.696848424212106 0.17037890302023742 
0.6973486743371685 0.168087976836666 
0.697848924462231 0.16587365050105005 
0.6983491745872936 0.16373411060962492 
0.6988494247123561 0.16166748791921182 
0.6993496748374186 0.1596718597335661 
0.6998499249624812 0.15774525238370307 
0.7003501750875437 0.155885643798064 
0.7008504252126062 0.15409096615820206 
0.7013506753376688 0.1523591086355782 
0.7018509254627313 0.15068792020489 
0.7023511755877938 0.14907521252927095 
0.7028514257128564 0.1475187629125549 
0.7033516758379189 0.1460163173136977 
0.7038519259629814 0.14456559341839895 
0.704352176088044 0.1431642837627821 
0.7048524262131065 0.1418100589040161 
0.705352676338169 0.14050057063261814 
0.7058529264632316 0.1392334552211454 
0.7063531765882941 0.13800633670388646 
0.7068534267133566 0.1368168301822196 
0.7073536768384192 0.13566254515010934 
0.7078539269634817 0.13454108883433538 
0.7083541770885442 0.1334500695439388 
0.7088544272136067 0.13238710002337326 
0.7093546773386693 0.1313498008038853 
0.7098549274637318 0.13033580354758367 
0.7103551775887943 0.12934275437875947 
0.7108554277138569 0.12836831719696185 
0.7113556778389194 0.1274101769664015 
0.7118559279639819 0.12646604297634415 
0.7123561780890445 0.12553365206706635 
0.712856428214107 0.12461077181620635 
0.7133566783391695 0.12369520368019268 
0.7138569284642321 0.12278478608567997 
0.7143571785892946 0.12187739746592438 
0.7148574287143571 0.12097095923711425 
0.7153576788394197 0.1200634387098159 
0.7158579289644822 0.1191528519307591 
0.7163581790895447 0.11823726645033944 
0.7168584292146073 0.11731480401129026 
0.7173586793396698 0.1163836431541503 
0.7178589294647323 0.11544202173526395 
0.7183591795897949 0.11448823935318862 
0.7188594297148574 0.11352065967956108 
0.7193596798399199 0.11253771269059672 
0.7198599299649825 0.11153789679557122 
0.720360180090045 0.11051978085881141 
0.7208604302151075 0.10948200611187105 
0.72136068034017 0.10842328795276587 
0.7218609304652326 0.10734241762931403 
0.7223611805902951 0.10623826380380191 
0.7228614307153576 0.10510977399643925 
0.7233616808404202 0.1039559759051759 
0.7238619309654827 0.10277597859973954 
0.7243621810905452 0.10156897358789296 
0.7248624312156078 0.10033423575215317 
0.7253626813406703 0.09907112415540612 
0.7258629314657328 0.09777908271405338 
0.7263631815907954 0.0964576407375583 
0.7268634317158579 0.09510641333347654 
0.7273636818409204 0.09372510167723197 
0.727863931965983 0.09231349314617086 
0.7283641820910455 0.09087146131761518 
0.728864432216108 0.08939896583083501 
0.7293646823411706 0.0878960521131257 
0.7298649324662331 0.0863628509703572 
0.7303651825912956 0.08479957804259514 
0.7308654327163582 0.08320653312558245 
0.7313656828414207 0.08158409935915227 
0.7318659329664832 0.07993274228375265 
0.7323661830915458 0.07825300876659125 
0.7328664332166083 0.07654552579901121 
0.7333666833416708 0.07481099916699144 
0.7338669334667333 0.07305021199682393 
0.7343671835917959 0.07126402317823496 
0.7348674337168584 0.0694533656674426 
0.7353676838419209 0.06761924467274304 
0.7358679339669835 0.06576273572553834 
0.736368184092046 0.06388498263979295 
0.7368684342171085 0.06198719536312215 
0.7373686843421711 0.06007064772291499 
0.7378689344672336 0.058136675071010994 
0.7383691845922961 0.05618667183066361 
0.7388694347173587 0.0542220889496385 
0.7393696848424212 0.05224443126347354 
0.7398699349674837 0.05025525477304649 
0.7403701850925463 0.048256163840765545 
0.7408704352176088 0.04624880830980621 
0.7413706853426713 0.04423488055092199 
0.7418709354677339 0.04221611244153967 
0.7423711855927964 0.040194272281869 
0.7428714357178589 0.03817116165295098 
0.7433716858429215 0.03614861222156761 
0.743871935967984 0.03412848249712614 
0.7443721860930465 0.032112654545587295 
0.744872436218109 0.030103030665703488 
0.7453726863431716 0.028101530032796522 
0.745872936468234 0.026110085315407115 
0.7463731865932965 0.02413063927017415 
0.7468734367183592 0.02216514132033273 
0.7473736868434216 0.020215544123301125 
0.7478739369684841 0.018283800132736845 
0.7483741870935467 0.01637185816058364 
0.7488744372186092 0.014481659944518239 
0.7493746873436717 0.012615136726271872 
0.7498749374687343 0.010774205846257375 
0.7503751875937968 0.008960767359919446 
0.7508754377188593 0.007176700681178318 
0.751375687843922 0.005423861258297101 
0.7518759379689844 0.0037040772874799553 
0.7523761880940469 0.0020191464694234475 
0.7528764382191095 0.0003708328139748009 
0.753376688344172 0.0 
0.7538769384692345 0.0 
0.7543771885942971 0.0 
0.7548774387193596 0.0 
0.7553776888444221 0.0 
0.7558779389694847 0.0 
0.7563781890945472 0.0 
0.7568784392196097 0.0 
0.7573786893446722 0.0 
0.7578789394697348 0.0 
0.7583791895947973 0.0 
0.7588794397198598 0.0 
0.7593796898449224 0.0 
0.7598799399699849 0.0 
0.7603801900950474 0.0 
0.76088044022011 0.0 
0.7613806903451725 0.0 
0.761880940470235 0.0 
0.7623811905952976 0.0 
0.7628814407203601 0.0 
0.7633816908454226 0.0 
0.7638819409704852 0.0 
0.7643821910955477 0.0 
0.7648824412206102 0.0 
0.7653826913456728 0.0 
0.7658829414707353 0.0 
0.7663831915957978 0.0 
0.7668834417208604 0.0 
0.7673836918459229 0.0 
0.7678839419709854 0.0 
0.7683841920960479 0.0 
0.7688844422211105 0.0 
0.769384692346173 0.0 
0.7698849424712355 0.0 
0.7703851925962981 0.0 
0.7708854427213606 0.0 
0.7713856928464231 0.0 
0.7718859429714857 0.0 
0.7723861930965482 0.0 
0.7728864432216107 0.0 
0.7733866933466733 0.0 
0.7738869434717358 0.0 
0.7743871935967983 0.0 
0.7748874437218609 0.0 
0.7753876938469234 0.0 
0.7758879439719859 0.0 
0.7763881940970485 0.0 
0.776888444222111 0.0 
0.7773886943471735 0.0 
0.7778889444722361 0.0 
0.7783891945972986 0.0 
0.7788894447223611 0.0 
0.7793896948474237 0.0 
0.7798899449724862 0.0 
0.7803901950975487 0.0 
0.7808904452226112 0.0 
0.7813906953476738 0.0 
0.7818909454727363 0.0 
0.7823911955977988 0.0 
0.7828914457228614 0.0 
0.7833916958479239 0.0 
0.7838919459729864 0.0006121466925346413 
0.784392196098049 0.0019458410499321294 
0.7848924462231115 0.003287558042138109 
0.785392696348174 0.004634954782635555 
0.7858929464732366 0.005985680592632611 
0.7863931965982991 0.007337380529442264 
0.7868934467233616 0.008687698927651625 
0.7873936968484242 0.010034282947655184 
0.7878939469734867 0.011374786125994444 
0.7883941970985492 0.012706871922006075 
0.7888944472236118 0.01402821725528194 
0.7893946973486743 0.015336516028418552 
0.7898949474737368 0.016629482629611017 
0.7903951975987994 0.017904855409612473 
0.7908954477238619 0.019160400127667 
0.7913956978489244 0.020393913361028113 
0.791895947973987 0.021603225872779457 
0.7923961980990495 0.022786205932659825 
0.792896448224112 0.023940762585761853 
0.7933966983491745 0.025064848863966795 
0.7938969484742371 0.026156464935075556 
0.7943971985992996 0.02721366118477666 
0.7948974487243621 0.02823454122655342 
0.7953976988494247 0.02921726483484915 
0.7958979489744872 0.030160050796895176 
0.7963981990995497 0.031061179678693717 
0.7968984492246123 0.03191899650082384 
0.7973986993496748 0.032731913319872005 
0.7978989494747373 0.03349841171136954 
0.7983991995997999 0.034217045150369496 
0.7988994497248624 0.034886441285865114 
0.7993996998499249 0.035505304105453384 
0.7998999499749875 0.036072415986786704 
0.80040020010005 0.03658663963259218 
0.8009004502251125 0.037046919886110946 
0.8014007003501751 0.03745228542409239 
0.8019009504752376 0.037801850324608005 
0.8024012006003001 0.03809481550712838 
0.8029014507253627 0.038330470042582554 
0.8034017008504252 0.03850819233120006 
0.8039019509754877 0.038627451146243254 
0.8044022011005502 0.03868780654187248 
0.8049024512256128 0.038688910623619004 
0.8054027013506753 0.03863050818017006 
0.8059029514757378 0.038512437175334924 
0.8064032016008004 0.038334629099329755 
0.8069034517258629 0.03809710917865876 
0.8074037018509254 0.0377999964441979 
0.807903951975988 0.037443503657177045 
0.8084042021010505 0.03702793709306511 
0.808904452226113 0.03655369618355507 
0.8094047023511756 0.03602127301702481 
0.8099049524762381 0.035431251698136504 
0.8104052026013006 0.0347843075673916 
0.8109054527263632 0.034081206281713634 
0.8114057028514257 0.03332280275730043 
0.8119059529764882 0.03251003997625724 
0.8124062031015508 0.03164394765867721 
0.8129064532266133 0.030725640802075262 
0.8134067033516758 0.029756318090274524 
0.8139069534767384 0.02873726017401486 
0.8144072036018009 0.027669827825849518 
0.8149074537268634 0.026555459971926 
0.815407703851926 0.025395671603614386 
0.8159079539769885 0.024192051571993098 
0.816408204102051 0.022946260268459653 
0.8169084542271134 0.021660027194873786 
0.817408704352176 0.020335148426850566 
0.8179089544772385 0.01897348397389939 
0.818409204602301 0.017576955040402208 
0.8189094547273637 0.016147541191436722 
0.8194097048524261 0.014687277427664437 
0.8199099549774886 0.013198251173694789 
0.8204102051025512 0.011682599184337316 
0.8209104552276137 0.010142504373404483 
0.8214107053526762 0.008580192569815239 
0.8219109554777388 0.0069979292058054065 
0.8224112056028013 0.005398015942229933 
0.8229114557278638 0.0037827872360196185 
0.8234117058529264 0.002154606854912744 
0.8239119559779889 0.0005158643447100356 
0.8244122061030514 0.0 
0.824912456228114 0.0 
0.8254127063531765 0.0 
0.825912956478239 0.0 
0.8264132066033016 0.0 
0.8269134567283641 0.0 
0.8274137068534266 0.0 
0.8279139569784892 0.0 
0.8284142071035517 0.0 
0.8289144572286142 0.0 
0.8294147073536767 0.0 
0.8299149574787393 0.0 
0.8304152076038018 0.0 
0.8309154577288643 0.0 
0.8314157078539269 0.0 
0.8319159579789894 0.0 
0.8324162081040519 0.0 
0.8329164582291145 0.0 
0.833416708354177 0.0 
0.8339169584792395 0.0 
0.8344172086043021 0.0 
0.8349174587293646 0.0 
0.8354177088544271 0.0 
0.8359179589794897 0.0 
0.8364182091045522 0.0 
0.8369184592296147 0.0 
0.8374187093546773 0.0 
0.8379189594797398 0.0 
0.8384192096048023 0.0 
0.8389194597298649 0.0 
0.8394197098549274 0.0 
0.8399199599799899 0.0 
0.8404202101050524 0.0 
0.840920460230115 0.0 
0.8414207103551775 0.0 
0.84192096048024 0.0 
0.8424212106053026 0.0 
0.8429214607303651 0.0 
0.8434217108554276 0.0 
0.8439219609804902 0.0 
0.8444222111055527 0.0 
0.8449224612306152 0.0 
0.8454227113556778 0.0 
0.8459229614807403 0.0 
0.8464232116058028 0.0 
0.8469234617308654 0.0 
0.8474237118559279 0.0 
0.8479239619809904 0.0 
0.848424212106053 0.0 
0.8489244622311155 0.0 
0.849424712356178 0.0 
0.8499249624812406 0.0 
0.8504252126063031 0.0 
0.8509254627313656 0.0 
0.8514257128564282 0.0 
0.8519259629814907 0.0 
0.8524262131065532 0.0 
0.8529264632316157 0.0 
0.8534267133566783 0.0 
0.8539269634817408 0.0 
0.8544272136068033 0.0 
0.8549274637318659 0.0 
0.8554277138569284 0.0 
0.8559279639819909 0.0 
0.8564282141070535 0.0 
0.856928464232116 0.0 
0.8574287143571785 0.0 
0.8579289644822411 0.0 
0.8584292146073036 0.0 
0.8589294647323661 0.0 
0.8594297148574287 0.0 
0.8599299649824912 0.0 
0.8604302151075537 0.0 
0.8609304652326163 0.0 
0.8614307153576788 0.0 
0.8619309654827413 0.0 
0.8624312156078039 0.0 
0.8629314657328664 0.0 
0.8634317158579289 0.0 
0.8639319659829914 0.0 
0.864432216108054 0.0 
0.8649324662331165 0.0 
0.865432716358179 0.0 
0.8659329664832416 0.0001626779506408383 
0.8664332166083041 0.002062613604060805 
0.8669334667333666 0.00396604980071765 
0.8674337168584292 0.005870405753940526 
0.8679339669834917 0.007773099786747109 
0.8684342171085542 0.009671553193412289 
0.8689344672336168 0.011563194102089686 
0.8694347173586793 0.013445461332872567 
0.8699349674837418 0.01531580824563385 
0.8704352176088044 0.01717170657206382 
0.8709354677338669 0.019010650226317132 
0.8714357178589294 0.020830159088672532 
0.871935967983992 0.022627782756717545 
0.8724362181090545 0.02440110425855925 
0.872936468234117 0.0261477437226331 
0.8734367183591796 0.027865361998761138 
0.8739369684842421 0.02955166422512574 
0.8744372186093046 0.031204403335979826 
0.8749374687343672 0.032821383504919886 
0.8754377188594297 0.03440046351868936 
0.8759379689844922 0.035939560076562085 
0.8764382191095547 0.037436651010443064 
0.8769384692346173 0.038889778420975345 
0.8774387193596798 0.040297051725020586 
0.8779389694847423 0.04165665061002526 
0.8784392196098049 0.04296682789091932 
0.8789394697348674 0.04422591226530432 
0.8794397198599299 0.04543231096287834 
0.8799399699849925 0.046584512285164935 
0.880440220110055 0.047681088031717146 
0.8809404702351175 0.04872069580927374 
0.8814407203601801 0.04970208122033181 
0.8819409704852426 0.05062407992789756 
0.882441220610305 0.051485619593299115 
0.8829414707353677 0.05228572168413795 
0.8834417208604302 0.053023503149615424 
0.8839419709854927 0.053698177960683914 
0.8844422211105553 0.05430905851268794 
0.8849424712356178 0.054855556888238614 
0.8854427213606803 0.0553371859784364 
0.8859429714857429 0.05575356046059062 
0.8864432216108054 0.05610439763089398 
0.8869434717358678 0.05638951809066516 
0.8874437218609305 0.05660884628497798 
0.887943971985993 0.0567624108927554 
0.8884442221110554 0.05685034506751415 
0.8889444722361179 0.05687288652827049 
0.8894447223611806 0.0568303775002407 
0.889944972486243 0.05672326450521373 
0.8904452226113055 0.056552098001705284 
0.8909454727363681 0.05631753187516136 
0.8914457228614306 0.05602032277873148 
0.8919459729864931 0.055661329325332354 
0.8924462231115557 0.055241511131911135 
0.8929464732366182 0.05476192771706255 
0.8934467233616807 0.05422373725329526 
0.8939469734867433 0.053628195175536755 
0.8944472236118058 0.052976652647576984 
0.8949474737368683 0.052270554888398935 
0.8954477238619309 0.051511439360549104 
0.8959479739869934 0.05070093382284138 
0.8964482241120559 0.04984075424993275 
0.8969484742371185 0.04893270262147773 
0.897448724362181 0.047978664583709425 
0.8979489744872435 0.04698060698656305 
0.8984492246123061 0.045940575299518664 
0.8989494747373686 0.04486069090961263 
0.8994497248624311 0.043743148305168594 
0.8999499749874936 0.04259021214895532 
0.9004502251125562 0.04140421424471212 
0.9009504752376187 0.04018755040098942 
0.9014507253626812 0.0389426771965631 
0.9019509754877438 0.03767210865165266 
0.9024512256128063 0.03637841280946568 
0.9029514757378688 0.03506420823256673 
0.9034517258629314 0.033732160418789306 
0.9039519759879939 0.03238497814150459 
0.9044522261130564 0.031025409719102302 
0.904952476238119 0.02965623921873441 
0.9054527263631815 0.028280282599395502 
0.905952976488244 0.026900383799514108 
0.9064532266133066 0.025519410774325787 
0.9069534767383691 0.024140251488334197 
0.9074537268634316 0.022765809868297984 
0.9079539769884942 0.021399001722124854 
0.9084542271135567 0.020042750629219917 
0.9089544772386192 0.018699983807812147 
0.9094547273636818 0.017373627964794514 
0.9099549774887443 0.01606660513375012 
0.9104552276138068 0.014781828506680562 
0.9109554777388694 0.01352219826514111 
0.9114557278639319 0.012290597416364096 
0.9119559779889944 0.011089887640007762 
0.9124562281140569 0.009922905151147896 
0.9129564782391195 0.008792456585068113 
0.913456728364182 0.007701314909467855 
0.9139569784892445 0.00665221536955113 
0.9144572286143071 0.0056478514715226705 
0.9149574787393696 0.004690871009924262 
0.9154577288644321 0.003783872144158092 
0.9159579789894947 0.00292939952954608 
0.9164582291145572 0.0021299405081430254 
0.9169584792396197 0.0013879213644840257 
0.9174587293646823 0.0007057036513222383 
0.9179589794897448 8.558059037180628e-05 
0.9184592296148073 0.0 
0.9189594797398699 0.0 
0.9194597298649324 0.0 
0.9199599799899949 0.0 
0.9204602301150575 0.0 
0.92096048024012 0.0 
0.9214607303651825 0.0 
0.9219609804902451 0.0 
0.9224612306153076 0.0 
0.9229614807403701 0.0 
0.9234617308654326 0.0 
0.9239619809904952 0.0 
0.9244622311155577 0.0 
0.9249624812406202 0.0 
0.9254627313656828 0.0 
0.9259629814907453 0.00016396541495406774 
0.9264632316158078 0.0008685340030126319 
0.9269634817408704 0.0016612561531954121 
0.9274637318659329 0.0025425752272796986 
0.9279639819909954 0.003512816626525352 
0.928464232116058 0.004572186693642164 
0.9289644822411205 0.005720771764759303 
0.929464732366183 0.006958537372847913 
0.9299649824912456 0.008285327603800548 
0.9304652326163081 0.009700864606246508 
0.9309654827413706 0.011204748255903597 
0.9314657328664332 0.012796455975155515 
0.9319659829914957 0.01447534270826913 
0.9324662331165582 0.01624064105251755 
0.9329664832416208 0.01809146154524957 
0.9334667333666833 0.020026793106752122 
0.9339669834917458 0.02204550363856926 
0.9344672336168084 0.02414634077671692 
0.9349674837418709 0.02632793279906117 
0.9354677338669334 0.02858878968592137 
0.9359679839919959 0.030927304332755066 
0.9364682341170585 0.03334175391361991 
0.936968484242121 0.03583030139387657 
0.9374687343671835 0.03839099719045682 
0.9379689844922461 0.04102178097778596 
0.9384692346173086 0.04372048363730175 
0.9389694847423711 0.046484829348316256 
0.9394697348674337 0.049312437817813894 
0.9399699849924962 0.052200826646539786 
0.9404702351175587 0.055147413828671554 
0.9409704852426213 0.05814952038209269 
0.9414707353676838 0.061204373106189675 
0.9419709854927463 0.06430910746390989 
0.9424712356178089 0.0674607705846806 
0.9429714857428714 0.07065632438464384 
0.9434717358679339 0.07389264880046811 
0.9439719859929965 0.07716654513292713 
0.944472236118059 0.08047473949626899 
0.9449724862431215 0.08381388636924571 
0.9454727363681841 0.0871805722436196 
0.9459729864932466 0.09057131936573329 
0.9464732366183091 0.09398258956675215 
0.9469734867433717 0.09741078817694979 
0.9474737368684342 0.10085226801941599 
0.9479739869934967 0.10430333347838504 
0.9484742371185592 0.10776024463733375 
0.9489744872436218 0.11121922148193719 
0.9494747373686843 0.11467644816281013 
0.9499749874937468 0.11812807731300887 
0.9504752376188094 0.12157023441508123 
0.9509754877438719 0.12499902221248575 
0.9514757378689344 0.1284105251600894 
0.951975987993997 0.13180081390845347 
0.9524762381190595 0.13516594981655147 
0.952976488244122 0.13850198948749853 
0.9534767383691846 0.14180498932193691 
0.9539769884942471 0.1450710100835929 
0.9544772386193096 0.14829612147159074 
0.9549774887443722 0.15147640669405246 
0.9554777388694347 0.15460796703754082 
0.9559779889944972 0.15768692642688245 
0.9564782391195598 0.16070943596996384 
0.9569784892446223 0.1636716784820278 
0.9574787393696848 0.16656987298414075 
0.9579789894947474 0.16940027917043946 
0.9584792396198099 0.17215920183881187 
0.9589794897448723 0.17484299527978228 
0.9594797398699348 0.17744806761833443 
0.9599799899949975 0.1799708851035045 
0.96048024012006 0.18240797634065148 
0.9609804902451224 0.1847559364613467 
0.961480740370185 0.18701143122591435 
0.9619809904952475 0.18917120105374038 
0.96248124062031 0.19123206497654008 
0.9629814907453726 0.19319092450989014 
0.9634817408704351 0.19504476743838292 
0.9639819909954976 0.19679067150990429 
0.9644822411205602 0.19842580803462448 
0.9649824912456227 0.19994744538441583 
0.9654827413706852 0.2013529523884997 
0.9659829914957478 0.2026398016212977 
0.9664832416208103 0.20380557257850018 
0.9669834917458728 0.20484795473761944 
0.9674837418709354 0.20576475049931864 
0.9679839919959979 0.20655387800600278 
0.9684842421210604 0.2072133738342977 
0.968984492246123 0.20774139555815668 
0.9694847423711855 0.20813622417953415 
0.969984992496248 0.20839626642369233 
0.9704852426213106 0.2085200568963584 
0.9709854927463731 0.20850626010011364 
0.9714857428714356 0.2083536723075837 
0.9719859929964981 0.2080612232891321 
0.9724862431215607 0.2076279778929516 
0.9729864932466232 0.2070531374755954 
0.9734867433716857 0.20633604118120016 
0.9739869934967483 0.20547616706777516 
0.9744872436218108 0.2044731330791783 
0.9749874937468733 0.20332669786150603 
0.9754877438719359 0.20203676142286014 
0.9759879939969984 0.2006033656355802 
0.9764882441220609 0.19902669458032166 
0.9769884942471235 0.19730707473135106 
0.977488744372186 0.19544497498284466 
0.9779889944972485 0.19344100651595714 
0.9784892446223111 0.1912959225067732 
0.9789894947473736 0.18901061767527783 
0.9794897448724361 0.18658612767585578 
0.9799899949974987 0.18402362832978536 
0.9804902451225612 0.1813244347006326 
0.9809904952476237 0.1784900000133966 
0.9814907453726863 0.17552191441855747 
0.9819909954977488 0.17242190360241036 
0.9824912456228113 0.16919182724506032 
0.9829914957478738 0.1658336773278379 
0.9834917458729364 0.16234957629195412 
0.9839919959979989 0.15874177505036371 
0.9844922461230614 0.15501265085506 
0.984992496248124 0.15116470502214063 
0.9854927463731865 0.14720056051716374 
0.985992996498249 0.1431229594034385 
0.9864932466233116 0.13893476015611417 
0.9869934967483741 0.1346389348450429 
0.9874937468734366 0.1302385661895432 
0.9879939969984992 0.12573684448838912 
0.9884942471235617 0.12113706442838883 
0.9889944972486242 0.11644262177521772 
0.9894947473736868 0.11165700995009464 
0.9899949974987493 0.10678381649627296 
0.9904952476238118 0.10182671943920099 
0.9909954977488744 0.09678948354450587 
0.9914957478739369 0.09167595647798202 
0.9919959979989994 0.08649006487193031 
0.992496248124062 0.0812358103022246 
0.9929964982491245 0.07591726518072198 
0.993496748374187 0.07053856856756158 
0.9939969984992496 0.06510392190813705 
0.9944972486243121 0.059617584699497427 
0.9949974987493746 0.054083870091158705 
0.9954977488744371 0.048507140425177606 
0.9959979989994997 0.04289180272061287 
0.9964982491245622 0.03724230410745527 
0.9969984992496247 0.03156312721516809 
0.9974987493746873 0.025858785521062858 
0.9979989994997498 0.020133818663790395 
0.9984992496248123 0.014392787727212529 
0.9989994997498749 0.008640270500029976 
0.9994997498749374 0.002880856716477446 
1.0 0.0 
