xdata ydata 
0.0 0.049207770173643105 
0.0005002501250625312 0.04920538694589403 
0.0010005002501250625 0.049200622923439935 
0.0015007503751875936 0.049193482968756516 
0.002001000500250125 0.04918397436653267 
0.0025012506253126563 0.04917210681285915 
0.003001500750375187 0.049157892400844255 
0.0035017508754377185 0.04914134560268097 
0.00400200100050025 0.049122483248199296 
0.004502251125562781 0.04910132449994238 
0.0050025012506253125 0.04907789082481005 
0.005502751375687844 0.04905220596232083 
0.006003001500750374 0.049024295889552 
0.006503251625812906 0.04899418878281615 
0.007003501750875437 0.04896191497614752 
0.007503751875937968 0.048927506916669916 
0.0080040020010005 0.04889099911692559 
0.00850425212606303 0.04885242810425391 
0.009004502251125562 0.04881183236730602 
0.009504752376188093 0.0487692522997941 
0.010005002501250625 0.048724730141574815 
0.010505252626313155 0.04867830991717024 
0.011005502751375688 0.04863003737183949 
0.011505752876438218 0.04857995990531084 
0.012006003001500749 0.048528126503293655 
0.01250625312656328 0.048474587666892104 
0.013006503251625811 0.048419395340044184 
0.013506753376688344 0.04836260283511517 
0.014007003501750874 0.04830426475677637 
0.014507253626813406 0.04824443692430222 
0.015007503751875937 0.04818317629242349 
0.015507753876938469 0.048120540870874265 
0.016008004002001 0.04805658964277252 
0.01650825412706353 0.04799138248197728 
0.01700850425212606 0.047924980069566574 
0.017508754377188594 0.04785744380957717 
0.018009004502251125 0.047788835744156266 
0.018509254627313655 0.04771921846826576 
0.019009504752376186 0.047648655044088925 
0.01950975487743872 0.04757720891528312 
0.02001000500250125 0.04750494382122399 
0.02051025512756378 0.04743192371138663 
0.02101050525262631 0.04735821266000605 
0.02151075537768884 0.047283874781161014 
0.022011005502751375 0.04720897414442017 
0.022511255627813906 0.04713357469119024 
0.023011505752876436 0.047057740151902935 
0.023511755877938967 0.04698153396417511 
0.024012006003001497 0.04690501919207397 
0.02451225612806403 0.04682825844661461 
0.02501250625312656 0.04675131380761772 
0.025512756378189092 0.046674246747048106 
0.026013006503251623 0.04659711805395181 
0.026513256628314157 0.046519987761108855 
0.027013506753376687 0.046442915073509124 
0.027513756878439218 0.046365958298759447 
0.028014007003501748 0.04628917477952214 
0.02851425712856428 0.046212620828082585 
0.029014507253626812 0.04613635166313774 
0.029514757378689343 0.04606042134889116 
0.030015007503751873 0.04598488273653817 
0.030515257628814404 0.04590978740821485 
0.031015507753876938 0.04583518562348398 
0.03151575787893947 0.045761126268421264 
0.032016008004002 0.04568765680736174 
0.03251625812906453 0.04561482323736055 
0.03301650825412706 0.04554267004541437 
0.03351675837918959 0.045471240168486284 
0.03401700850425212 0.04540057495637006 
0.03451725862931466 0.04533071413742197 
0.03501750875437719 0.04526169578718605 
0.03551775887943972 0.04519355629992871 
0.03601800900450225 0.04512633036309468 
0.03651825912956478 0.04506005093469175 
0.03701850925462731 0.04499474922360055 
0.03751875937968984 0.04493045467280695 
0.03801900950475237 0.044867194945542525 
0.0385192596298149 0.04480499591431694 
0.03901950975487744 0.04474388165281803 
0.03951975987993997 0.044683874430651103 
0.0400200100050025 0.044624994710883555 
0.04052026013006503 0.04456726115035529 
0.04102051025512756 0.04451069060271049 
0.04152076038019009 0.04445529812410041 
0.04202101050525262 0.04440109698150474 
0.04252126063031515 0.04434809866361166 
0.04302151075537768 0.0442963128941937 
0.04352176088044022 0.04424574764791252 
0.04402201100550275 0.044196409168481124 
0.04452226113056528 0.044148301989108185 
0.04502251125562781 0.04410142895514782 
0.04552276138069034 0.04405579124887107 
0.04602301150575287 0.04401138841627524 
0.0465232616308154 0.043968218395845304 
0.047023511755877934 0.043926277549174 
0.047523761880940464 0.0438855606933526 
0.048024012006002995 0.0438460611350346 
0.04852426213106553 0.043807770706078636 
0.04902451225612806 0.04377067980067333 
0.04952476238119059 0.04373477741384405 
0.05002501250625312 0.04370005118124295 
0.050525262631315654 0.04366648742012344 
0.051025512756378184 0.0436340711713963 
0.051525762881440715 0.0436027862426681 
0.052026013006503245 0.04357261525216112 
0.052526263131565776 0.04354353967341442 
0.05302651325662831 0.04351553988066713 
0.053526763381690844 0.04348859519482278 
0.054027013506753374 0.04346268392990067 
0.054527263631815905 0.04343778343987448 
0.055027513756878435 0.043413870165804905 
0.055527763881940966 0.04339091968317264 
0.056028014007003496 0.04336890674932057 
0.056528264132066026 0.04334780535091549 
0.05702851425712856 0.043327588751343384 
0.057528764382191094 0.04330822953795261 
0.058029014507253625 0.043289699669064506 
0.058529264632316155 0.04327197052067155 
0.059029514757378686 0.04325501293274662 
0.059529764882441216 0.04323879725509154 
0.06003001500750375 0.04322329339265362 
0.06053026513256628 0.043208470850245095 
0.06103051525762881 0.04319429877659979 
0.06153076538269134 0.04318074600770991 
0.062031015507753876 0.04316778110938409 
0.0625312656328164 0.043155372418975345 
0.06303151575787894 0.04314348808622948 
0.06353176588294146 0.043132096113207244 
0.064032016008004 0.04312116439323899 
0.06453226613306653 0.043110660748873944 
0.06503251625812906 0.04310055296878776 
0.0655327663831916 0.043090808843618364 
0.06603301650825412 0.04308139620070152 
0.06653326663331666 0.04307228293768341 
0.06703351675837918 0.04306343705498723 
0.06753376688344172 0.04305482668711945 
0.06803401700850424 0.04304642013279835 
0.06853426713356678 0.04303818588389865 
0.06903451725862932 0.04303009265319924 
0.06953476738369184 0.04302210940093473 
0.07003501750875438 0.043014205360146204 
0.0705352676338169 0.04300635006083356 
0.07103551775887944 0.04299851335291343 
0.07153576788394196 0.04299066542799003 
0.0720360180090045 0.04298277683994654 
0.07253626813406702 0.04297481852437104 
0.07303651825912956 0.0429667618168282 
0.0735367683841921 0.042958578469994006 
0.07403701850925462 0.0429502406696725 
0.07453726863431716 0.04294172104971043 
0.07503751875937968 0.042932992705834956 
0.07553776888444222 0.04292402920843567 
0.07603801900950474 0.042914804614313226 
0.07653826913456728 0.042905293477424014 
0.0770385192596298 0.04289547085864227 
0.07753876938469234 0.04288531233457111 
0.07803901950975488 0.04287479400542851 
0.0785392696348174 0.04286389250203666 
0.07903951975987994 0.042852584991945566 
0.07953976988494246 0.0428408491847189 
0.080040020010005 0.04282866333641317 
0.08054027013506752 0.04281600625327969 
0.08104052026013006 0.042802857294719256 
0.08154077038519258 0.04278919637552057 
0.08204102051025512 0.042775003967411296 
0.08254127063531766 0.04276026109995098 
0.08304152076038018 0.04274494936079725 
0.08354177088544272 0.04272905089537094 
0.08404202101050524 0.04271254840595146 
0.08454227113556778 0.04269542515022757 
0.0850425212606303 0.04267766493933236 
0.08554277138569284 0.042659252135388306 
0.08604302151075537 0.04264017164858701 
0.0865432716358179 0.042620408933830255 
0.08704352176088044 0.0425999499869546 
0.08754377188594296 0.04257878134056355 
0.0880440220110055 0.0425568900594892 
0.08854427213606803 0.042534263735905825 
0.08904452226113056 0.042510890484112836 
0.08954477238619309 0.042486758935010964 
0.09004502251125562 0.0424618582302866 
0.09054527263631815 0.042436178016323885 
0.09104552276138068 0.04240970843786188 
0.09154577288644322 0.04238244013141015 
0.09204602301150575 0.04235436421844292 
0.09254627313656828 0.04232547229838033 
0.0930465232616308 0.042295756441375454 
0.09354677338669334 0.042265209180916787 
0.09404702351175587 0.0422338235062609 
0.0945472736368184 0.04220159285470465 
0.09504752376188093 0.042168511103709276 
0.09554777388694347 0.04213457256288758 
0.09604802401200599 0.042099771965861864 
0.09654827413706853 0.04206410446200466 
0.09704852426213106 0.042027565608069764 
0.09754877438719359 0.04199015135972278 
0.09804902451225612 0.0419518580629808 
0.09854927463731865 0.04191268244556682 
0.09904952476238119 0.041872621608189976 
0.09954977488744371 0.04183167301575711 
0.10005002501250625 0.04178983448852511 
0.10055027513756877 0.041747104193200574 
0.10105052526263131 0.04170348063399459 
0.10155077538769385 0.041658962643641655 
0.10205102551275637 0.041613549374388055 
0.1025512756378189 0.041567240288960174 
0.10305152576288143 0.0415200351515186 
0.10355177588794397 0.04147193401860741 
0.10405202601300649 0.04142293723010574 
0.10455227613806903 0.0413730454001912 
0.10505252626313155 0.04132225940832315 
0.10555277638819409 0.041270580390254254 
0.10605302651325663 0.041218009729080185 
0.10655327663831915 0.041164549046335916 
0.10705352676338169 0.041110200193148906 
0.10755377688844421 0.041054965241457686 
0.10805402701350675 0.040998846475306605 
0.10855427713856927 0.04094184638222639 
0.10905452726363181 0.040883967644710716 
0.10955477738869433 0.04082521313179939 
0.11005502751375687 0.04076558589077876 
0.11055527763881941 0.040705089139007465 
0.11105552776388193 0.04064372625588351 
0.11155577788894447 0.04058150077495705 
0.11205602801400699 0.04051841637620397 
0.11255627813906953 0.040454476878469654 
0.11305652826413205 0.04038968623209152 
0.11355677838919459 0.04032404851171448 
0.11405702851425711 0.040257567909305625 
0.11455727863931965 0.04019024872738175 
0.11505752876438219 0.04012209537245595 
0.11555777888944471 0.04005311234871564 
0.11605802901450725 0.039983304251939696 
0.11655827913956977 0.03991267576366412 
0.11705852926463231 0.03984123164560339 
0.11755877938969483 0.039768976734336145 
0.11805902951475737 0.039695915936263544 
0.1185592796398199 0.0396220542228444 
0.11905952976488243 0.03954739662611483 
0.11955977988994497 0.03947194823449912 
0.1200600300150075 0.03939571418891289 
0.12056028014007003 0.0393186996791668 
0.12106053026513255 0.039240909940670705 
0.12156078039019509 0.03916235025144399 
0.12206103051525762 0.03908302592943 
0.12256128064032015 0.03900294233011871 
0.12306153076538268 0.03892210484447676 
0.12356178089044521 0.03884051889718336 
0.12406203101550775 0.038758189945170864 
0.12456228114057027 0.03867512347646791 
0.1250625312656328 0.03859132500934175 
0.12556278139069535 0.03850680009173369 
0.12606303151575787 0.03842155430098589 
0.1265632816408204 0.0383355932438506 
0.12706353176588292 0.0382489225567762 
0.12756378189094547 0.038161547906462694 
0.128064032016008 0.03807347499067721 
0.12856428214107052 0.03798470953932224 
0.12906453226613307 0.037895257315743794 
0.1295647823911956 0.03780512411827184 
0.13006503251625812 0.03771431578197936 
0.13056528264132064 0.037622838180649744 
0.1310655327663832 0.03753069722893901 
0.13156578289144572 0.03743789888471983 
0.13206603301650824 0.03734444915159464 
0.13256628314157076 0.0372503540815624 
0.1330665332666333 0.03715561977782671 
0.13356678339169584 0.03706025239772747 
0.13406703351675836 0.036964258155784885 
0.1345672836418209 0.03686764332683763 
0.13506753376688344 0.036770414249260766 
0.13556778389194596 0.03667257732824869 
0.13606803401700848 0.03657413903914669 
0.13656828414207103 0.03647510593081604 
0.13706853426713356 0.036375484629017324 
0.13756878439219608 0.03627528183979654 
0.13806903451725863 0.036174504352860244 
0.13856928464232116 0.036073159044922615 
0.13906953476738368 0.03597125288301207 
0.1395697848924462 0.03586879292772312 
0.14007003501750875 0.03576578633639976 
0.14057028514257128 0.03566224036623675 
0.1410705352676338 0.03555816237728691 
0.14157078539269632 0.035453559835362886 
0.14207103551775888 0.03534844031482083 
0.1425712856428214 0.03524281150121731 
0.14307153576788392 0.035136681193827284 
0.14357178589294647 0.03503005730801568 
0.144072036018009 0.034922947877453425 
0.14457228614307152 0.034815361056171584 
0.14507253626813404 0.03470730512044392 
0.1455727863931966 0.03459878847049585 
0.14607303651825912 0.03448981963203158 
0.14657328664332164 0.03438040725757702 
0.1470735367683842 0.03427056012763402 
0.14757378689344672 0.03416028715164466 
0.14807403701850924 0.034049597368763805 
0.14857428714357176 0.033938499948436986 
0.14907453726863432 0.033827004190788185 
0.14957478739369684 0.033715119526813615 
0.15007503751875936 0.033602855518387285 
0.1505752876438219 0.033490221858078754 
0.15107553776888444 0.03337722836878637 
0.15157578789394696 0.03326388500319214 
0.15207603801900949 0.033150201843041044 
0.15257628814407204 0.033036189098250596 
0.15307653826913456 0.03292185710585842 
0.15357678839419708 0.03280721632881232 
0.1540770385192596 0.03269227735461184 
0.15457728864432216 0.03257705089380919 
0.15507753876938468 0.03246154777837597 
0.1555777888944472 0.0323457789599475 
0.15607803901950976 0.03222975550795037 
0.15657828914457228 0.03211348860762525 
0.1570785392696348 0.031996989557954304 
0.15757878939469733 0.031880269769500966 
0.15807903951975988 0.03176334076217493 
0.1585792896448224 0.031646214162930966 
0.15907953976988493 0.03152890170341152 
0.15957978989494745 0.0314114152175439 
0.16008004002001 0.03129376663910294 
0.16058029014507252 0.03117596799924641 
0.16108054027013505 0.031058031424037236 
0.1615807903951976 0.03093996913195734 
0.16208104052026012 0.03082179343142731 
0.16258129064532265 0.03070351671833673 
0.16308154077038517 0.030585151473597912 
0.16358179089544772 0.030466710260728107 
0.16408204102051024 0.03034820572347013 
0.16458229114557277 0.030229650583458598 
0.16508254127063532 0.03011105763793852 
0.16558279139569784 0.029992439757543156 
0.16608304152076037 0.02987380988413719 
0.1665832916458229 0.029755181028730756 
0.16708354177088544 0.029636566269468673 
0.16758379189594796 0.02951797874970056 
0.1680840420210105 0.02939943167613414 
0.168584292146073 0.029280938317075948 
0.16908454227113556 0.02916251200076117 
0.1695847923961981 0.02904416611377568 
0.1700850425212606 0.02892591409956959 
0.17058529264632316 0.02880776945706641 
0.17108554277138568 0.02868974573936371 
0.1715857928964482 0.028571856552528262 
0.17208604302151073 0.02845411555448268 
0.17258629314657328 0.02833653645398313 
0.1730865432716358 0.028219133009684882 
0.17358679339669833 0.02810191902929351 
0.17408704352176088 0.02798490836879928 
0.1745872936468234 0.02786811493178886 
0.17508754377188593 0.027751552668834438 
0.17558779389694845 0.027635235576949573 
0.176088044022011 0.027519177699113717 
0.17658829414707353 0.027403393123854987 
0.17708854427213605 0.027287895984887567 
0.17758879439719857 0.0271727004607992 
0.17808904452226113 0.02705782077477971 
0.17858929464732365 0.02694327119438726 
0.17908954477238617 0.026829066031344134 
0.17958979489744872 0.026715219641355772 
0.18009004502251125 0.02660174642394662 
0.18059029514757377 0.026488660822307254 
0.1810905452726363 0.026375977323142414 
0.18159079539769885 0.026263710456518173 
0.18209104552276137 0.026151874795697697 
0.1825912956478239 0.026040484956960656 
0.18309154577288644 0.025929555599400494 
0.18359179589794897 0.025819101424690648 
0.1840920460230115 0.025709137176817037 
0.18459229614807401 0.025599677641769153 
0.18509254627313657 0.025490737647182595 
0.1855927963981991 0.025382332061932147 
0.1860930465232616 0.02527447579566465 
0.18659329664832414 0.02516718379827238 
0.1870935467733867 0.02506047105929771 
0.1875937968984492 0.024954352607269387 
0.18809404702351173 0.024848843508962857 
0.18859429714857429 0.02474395886858451 
0.1890945472736368 0.024639713826874573 
0.18959479739869933 0.024536123560127972 
0.19009504752376186 0.02443320327912963 
0.1905952976488244 0.024330968228003368 
0.19109554777388693 0.024229433682973582 
0.19159579789894945 0.02412861495103844 
0.19209604802401198 0.024028527368551773 
0.19259629814907453 0.023929186299720143 
0.19309654827413705 0.02383060713500802 
0.19359679839919958 0.02373280528945738 
0.19409704852426213 0.023635796200918956 
0.19459729864932465 0.023539595328201542 
0.19509754877438718 0.023444218149136165 
0.1955977988994497 0.02334968015856187 
0.19609804902451225 0.023255996866231997 
0.19659829914957477 0.023163183794648243 
0.1970985492746373 0.023071256476821702 
0.19759879939969985 0.022980230453967642 
0.19809904952476237 0.022890121273137026 
0.1985992996498249 0.0228009444847871 
0.19909954977488742 0.02271271564029993 
0.19959979989994997 0.022625450289448696 
0.2001000500250125 0.02253916397781899 
0.20060030015007502 0.022453872244192142 
0.20110055027513754 0.022369590617890865 
0.2016008004002001 0.02228633461609752 
0.20210105052526262 0.022204119741146666 
0.20260130065032514 0.022122961477801576 
0.2031015507753877 0.022042875290515296 
0.2036018009004502 0.021963876620687352 
0.20410205102551274 0.02188598088391703 
0.20460230115057526 0.021809203467263578 
0.2051025512756378 0.021733559726514647 
0.20560280140070034 0.021659064983473524 
0.20610305152576286 0.021585734523266863 
0.2066033016508254 0.02151358359168114 
0.20710355177588793 0.021442627392533206 
0.20760380190095046 0.021372881085079478 
0.20810405202601298 0.02130435978147198 
0.20860430215107553 0.021237078544263936 
0.20910455227613806 0.021171052383971926 
0.20960480240120058 0.021106296256700696 
0.2101050525262631 0.021042825061834178 
0.21060530265132565 0.02098065363980006 
0.21110555277638818 0.020919796769911122 
0.2116058029014507 0.020860269168290303 
0.21210605302651325 0.020802085485881975 
0.21260630315157578 0.020745260306558284 
0.2131065532766383 0.0206898081453208 
0.21360680340170082 0.020635743446605483 
0.21410705352676337 0.020583080582693387 
0.2146073036518259 0.020531833852234907 
0.21510755377688842 0.020482017478886096 
0.21560780390195097 0.020433645610068735 
0.2161080540270135 0.020386732315852144 
0.21660830415207602 0.020341291587964043 
0.21710855427713854 0.020297337338934695 
0.2176088044022011 0.020254883401376232 
0.21810905452726362 0.0202139435274032 
0.21860930465232614 0.020174531388197327 
0.21910955477738867 0.020136660573719756 
0.21960980490245122 0.02010034459257554 
0.22011005502751374 0.0200655968720341 
0.22061030515257626 0.020032430758207116 
0.22111055527763882 0.020000859516390388 
0.22161080540270134 0.019970896331571567 
0.22211105552776386 0.01994255430910658 
0.22261130565282639 0.01991584647557055 
0.22311155577788894 0.019890785779782625 
0.22361180590295146 0.01986738509401288 
0.22411205602801398 0.019845657215369437 
0.22461230615307654 0.019825614867373782 
0.22511255627813906 0.01980727070172255 
0.22561280640320158 0.0197906373002434 
0.2261130565282641 0.01977572717704419 
0.22661330665332666 0.01976255278086057 
0.22711355677838918 0.01975112649760351 
0.2276138069034517 0.01974146065310975 
0.22811405702851423 0.019733567516099202 
0.22861430715357678 0.019727459301337787 
0.2291145572786393 0.019723148173012378 
0.22961480740370183 0.019720646248318395 
0.23011505752876438 0.0197199656012599 
0.2306153076538269 0.019721118266667694 
0.23111555777888942 0.019724116244434698 
0.23161580790395195 0.019728971503970582 
0.2321160580290145 0.019735695988876673 
0.23261630815407702 0.019744301621844346 
0.23311655827913955 0.019754800309773026 
0.2336168084042021 0.019767203949114978 
0.23411705852926462 0.01978152443144046 
0.23461730865432714 0.019797773649228512 
0.23511755877938967 0.01981596350188154 
0.23561780890445222 0.019836105901961647 
0.23611805902951474 0.019858212781650748 
0.23661830915457727 0.019882296099432074 
0.2371185592796398 0.01990836784699068 
0.23761880940470234 0.019936440056334787 
0.23811905952976486 0.019966524807132 
0.2386193096548274 0.01999863423426061 
0.23911955977988994 0.02003278053557245 
0.23961980990495246 0.020068975979865587 
0.240120060030015 0.020107232915062213 
0.2406203101550775 0.02014756377658753 
0.24112056028014006 0.020189981095949792 
0.24162081040520259 0.020234497509510174 
0.2421210605302651 0.020281125767446267 
0.24262131065532766 0.020329878742896046 
0.24312156078039018 0.020380769441285005 
0.2436218109054527 0.02043381100982228 
0.24412206103051523 0.020489016747169162 
0.24462231115557778 0.020546400113265126 
0.2451225612806403 0.02060597473931161 
0.24562281140570283 0.020667754437902985 
0.24612306153076535 0.02073175321329791 
0.2466233116558279 0.020797985271826365 
0.24712356178089043 0.02086646503242222 
0.24762381190595295 0.02093720713727383 
0.2481240620310155 0.02101022646258613 
0.24862431215607803 0.02108553812944572 
0.24912456228114055 0.0211631575147787 
0.24962481240620307 0.02124310026239576 
0.2501250625312656 0.021325382294113834 
0.25062531265632815 0.021410019820946008 
0.2511255627813907 0.021497029354352007 
0.2516258129064532 0.02158642771753826 
0.25212606303151575 0.021678232056802003 
0.2526263131565783 0.021772459852905657 
0.2531265632816408 0.021869128932478415 
0.25362681340670334 0.021968257479430688 
0.25412706353176584 0.022069864046376134 
0.2546273136568284 0.022173967566051847 
0.25512756378189094 0.022280587362726315 
0.25562781390695344 0.02238974316358832 
0.256128064032016 0.022501455110108093 
0.25662831415707854 0.022615743769362234 
0.25712856428214104 0.02273263014531287 
0.2576288144072036 0.02285213569003578 
0.25812906453226614 0.02297428231488793 
0.25862931465732864 0.02309909240160589 
0.2591295647823912 0.02322658881333101 
0.2596298149074537 0.023356794905550912 
0.26013006503251623 0.023489734536951943 
0.2606303151575788 0.023625432080176725 
0.2611305652826413 0.023763912432477774 
0.26163081540770383 0.02390520102626474 
0.2621310655327664 0.02404932383953666 
0.2626313156578289 0.024196307406193628 
0.26313156578289143 0.02434617882622542 
0.263631815907954 0.024498965775768926 
0.2641320660330165 0.024654696517030533 
0.26463231615807903 0.024813399908070674 
0.2651325662831415 0.024975105412443875 
0.2656328164082041 0.02513984310869236 
0.2661330665332666 0.025307643699687656 
0.2666333166583291 0.025478538521819374 
0.2671335667833917 0.025652559554024536 
0.2676338169084542 0.02582973942665783 
0.2681340670335167 0.02601011143019778 
0.26863431715857927 0.026193709523787537 
0.2691345672836418 0.026380568343606234 
0.2696348174087043 0.02657072321107173 
0.27013506753376687 0.026764210140868917 
0.2706353176588294 0.026961065848804974 
0.2711355677838919 0.027161327759487177 
0.27163581790895447 0.027365034013824365 
0.27213606803401696 0.02757222347634728 
0.2726363181590795 0.02778293574234827 
0.27313656828414207 0.027997211144839586 
0.27363681840920456 0.028215090761326323 
0.2741370685342671 0.02843661642039546 
0.27463731865932967 0.028661830708115704 
0.27513756878439216 0.028890776974253556 
0.2756378189094547 0.029123499338295146 
0.27613806903451726 0.02936004269528012 
0.27663831915957976 0.029600452721442093 
0.2771385692846423 0.029844775879655727 
0.2776388194097048 0.03009305942468682 
0.27813906953476736 0.030345351408246707 
0.2786393196598299 0.030601700683845927 
0.2791395697848924 0.0308621569114488 
0.27963981990995496 0.031126770561921792 
0.2801400700350175 0.03139559292128081 
0.28064032016008 0.03166867609472718 
0.28114057028514255 0.03194607301047625 
0.2816408204102051 0.03222783742337281 
0.2821410705352676 0.03251402391829189 
0.28264132066033015 0.03280468791332163 
0.28314157078539265 0.03309988566272609 
0.2836418209104552 0.033399674259684535 
0.28414207103551775 0.03370411163880473 
0.28464232116058025 0.034013256578405676 
0.2851425712856428 0.034327168702568495 
0.28564282141070535 0.034645908482951654 
0.28614307153576785 0.03496953724036479 
0.2866433216608304 0.035298117146101614 
0.28714357178589295 0.035631711223025844 
0.28764382191095544 0.03597038334640598 
0.288144072036018 0.03631419824449828 
0.28864432216108055 0.036663221498872106 
0.28914457228614304 0.037017519544474096 
0.2896448224112056 0.03737715966942819 
0.2901450725362681 0.03774221001456939 
0.29064532266133064 0.038112739572704224 
0.2911455727863932 0.03848881818759882 
0.2916458229114557 0.03887051655268705 
0.29214607303651824 0.03925790620949963 
0.2926463231615808 0.039651059545808 
0.2931465732866433 0.040050049793480376 
0.29364682341170584 0.04045495102604983 
0.2941470735367684 0.04086583815598725 
0.2946473236618309 0.04128278693168072 
0.29514757378689344 0.04170587393411659 
0.29564782391195593 0.04213517657325991 
0.2961480740370185 0.042570773084134164 
0.29664832416208103 0.043012742522595994 
0.29714857428714353 0.04346116476080517 
0.2976488244122061 0.04391612048238667 
0.29814907453726863 0.04437769117728548 
0.29864932466233113 0.0448459591363102 
0.2991495747873937 0.045321007445368496 
0.29964982491245623 0.04580291997938959 
0.3001500750375187 0.04629178139593565 
0.3006503251625813 0.046787677128501126 
0.3011505752876438 0.04729069337950074 
0.3016508254127063 0.04780091711294276 
0.3021510755377689 0.04831843604679258 
0.30265132566283137 0.04884333864502312 
0.3031515757878939 0.04937571410935224 
0.3036518259129565 0.049915652370672504 
0.30415207603801897 0.05046324408016506 
0.3046523261630815 0.05101858060010841 
0.3051525762881441 0.0515817539943732 
0.30565282641320657 0.052152857018612005 
0.3061530765382691 0.05273198311013696 
0.30665332666333167 0.05331922637749217 
0.30715357678839417 0.05391468158971869 
0.3076538269134567 0.05451844416531189 
0.3081540770385192 0.05513061016087253 
0.30865432716358177 0.05575127625945299 
0.3091545772886443 0.056380539758597456 
0.3096548274137068 0.057018498558074504 
0.31015507753876936 0.0576652511473058 
0.3106553276638319 0.05832089659248734 
0.3111555777888944 0.05898553452340371 
0.31165582791395696 0.05965926511993396 
0.3121560780390195 0.060342189098249926 
0.312656328164082 0.061034407696702216 
0.31315657828914456 0.06173602266139477 
0.31365682841420706 0.06244713623144531 
0.3141570785392696 0.06316785112392866 
0.31465732866433216 0.06389827051850211 
0.31515757878939465 0.06463849804170531 
0.3156578289144572 0.06538863775093887 
0.31615807903951976 0.06614879411810974 
0.31665832916458225 0.06691907201294499 
0.3171585792896448 0.06769957668596711 
0.31765882941470736 0.06849041375112666 
0.31815907953976985 0.0692916891680876 
0.3186593296648324 0.07010350922415776 
0.3191595797898949 0.0709259805158635 
0.31965982991495745 0.07175920993015544 
0.32016008004002 0.07260330462524671 
0.3206603301650825 0.0734583720110706 
0.32116058029014505 0.07432451972935598 
0.3216608304152076 0.07520185563330888 
0.3221610805402701 0.07609048776689763 
0.32266133066533265 0.07699052434373108 
0.3231615807903952 0.07790207372552385 
0.3236618309154577 0.07882524440014145 
0.32416208104052024 0.07976014495921628 
0.32466233116558274 0.08070688407533098 
0.3251625812906453 0.08166557047875561 
0.32566283141570784 0.08263631293373877 
0.32616308154077034 0.08361922021433975 
0.3266633316658329 0.08461440107979779 
0.32716358179089544 0.08562196424943315 
0.32766383191595794 0.08664201837706922 
0.3281640820410205 0.087674672024976 
0.32866433216608304 0.08872003363732486 
0.32916458229114554 0.08977821151315239 
0.3296648324162081 0.0908493137788276 
0.33016508254127064 0.0919334483600207 
0.33066533266633313 0.09303072295316747 
0.3311655827913957 0.09414124499643119 
0.3316658329164582 0.09526512164015626 
0.33216608304152073 0.09640245971681512 
0.3326663331665833 0.09755336571045044 
0.3331665832916458 0.09871794572560794 
0.33366683341670833 0.09989630545576819 
0.3341670835417709 0.1010885501512774 
0.3346673336668334 0.10229478458678032 
0.33516758379189593 0.10351511302816177 
0.3356678339169585 0.1047496391990045 
0.336168084042021 0.10599846624656696 
0.3366683341670835 0.10726169670729079 
0.337168584292146 0.1085394324718521 
0.3376688344172086 0.10983177474975869 
0.3381690845422711 0.11113882403351374 
0.3386693346673336 0.1124606800623518 
0.3391695847923962 0.11379744178556957 
0.3396698349174587 0.11514920732545801 
0.3401700850425212 0.11651607393986023 
0.34067033516758377 0.11789813798436748 
0.3411705852926463 0.11929549487417686 
0.3416708354177088 0.12070823904562707 
0.34217108554277137 0.1221364639174357 
0.34267133566783387 0.12358026185166116 
0.3431715857928964 0.12503972411440942 
0.34367183591795897 0.12651494083631418 
0.34417208604302146 0.1280060009728113 
0.344672336168084 0.12951299226423918 
0.34517258629314657 0.13103600119578715 
0.34567283641820906 0.13257511295732105 
0.3461730865432716 0.13413041140311815 
0.34667333666833416 0.13570197901153624 
0.34717358679339666 0.13728989684464726 
0.3476738369184592 0.1388942445078689 
0.34817408704352176 0.14051510010962406 
0.34867433716858426 0.14215254022105323 
0.3491745872936468 0.1438066398358226 
0.3496748374187093 0.1454774723300486 
0.35017508754377186 0.14716510942237726 
0.3506753376688344 0.14886962113424776 
0.3511755877938969 0.15059107575037117 
0.35167583791895946 0.15232953977945798 
0.352176088044022 0.15408507791522416 
0.3526763381690845 0.15585775299770652 
0.35317658829414705 0.1576476259749176 
0.3536768384192096 0.15945475586487495 
0.3541770885442721 0.1612791997180231 
0.35467733866933465 0.16312101258009146 
0.35517758879439715 0.16498024745540374 
0.3556778389194597 0.16685695527067115 
0.35617808904452225 0.16875118483930002 
0.35667833916958475 0.17066298282622777 
0.3571785892946473 0.1725923937133241 
0.35767883941970985 0.17453945976537122 
0.35817908954477234 0.17650422099665009 
0.3586793396698349 0.17848671513815037 
0.35917958979489745 0.18048697760542803 
0.35967983991995994 0.18250504146712057 
0.3601800900450225 0.18454093741414657 
0.360680340170085 0.18659469372959828 
0.36118059029514754 0.18866633625934104 
0.3616808404202101 0.19075588838333793 
0.3621810905452726 0.1928633709877015 
0.36268134067033514 0.19498880243749206 
0.3631815907953977 0.19713219855026273 
0.3636818409204602 0.19929357257036093 
0.36418209104552274 0.2014729351439912 
0.3646823411705853 0.2036702942950447 
0.3651825912956478 0.20588565540169126 
0.36568284142071034 0.20811902117374276 
0.3661830915457729 0.21037039163078272 
0.3666833416708354 0.2126397640810556 
0.36718359179589793 0.21492713310112602 
0.36768384192096043 0.2172324905162842 
0.368184092046023 0.21955582538170956 
0.36868434217108553 0.22189712396437247 
0.36918459229614803 0.22425636972567378 
0.3696848424212106 0.22663354330480656 
0.37018509254627313 0.2290286225028363 
0.3706853426713356 0.231441582267482 
0.3711855927963982 0.2338723946785893 
0.37168584292146073 0.23632102893428447 
0.3721860930465232 0.23878745133778934 
0.3726863431715858 0.24127162528489252 
0.3731865932966483 0.24377351125205102 
0.3736868434217108 0.24629306678511823 
0.3741870935467734 0.24883024648867344 
0.37468734367183587 0.2513850020159454 
0.3751875937968984 0.25395728205930607 
0.375687843921961 0.2565470323413265 
0.37618809404702347 0.25915419560637226 
0.376688344172086 0.26177871161272603 
0.37718859429714857 0.26442051712522463 
0.37768884442221107 0.26707954590838623 
0.3781890945472736 0.26975572872002357 
0.3786893446723361 0.27244899330532224 
0.37918959479739867 0.2751592643913679 
0.3796898449224612 0.2778864636821204 
0.3801900950475237 0.2806305098538059 
0.38069034517258626 0.2833913185507302 
0.3811905952976488 0.28616880238149217 
0.3816908454227113 0.288962870915591 
0.38219109554777386 0.29177343068041744 
0.3826913456728364 0.2946003851586217 
0.3831915957978989 0.29744363478584734 
0.38369184592296146 0.3003030769488274 
0.38419209604802396 0.3031786059838378 
0.3846923461730865 0.3060701131755023 
0.38519259629814906 0.3089774867559464 
0.38569284642321155 0.3119006119042974 
0.3861930965482741 0.314839370746534 
0.38669334667333666 0.3177936423556782 
0.38719359679839915 0.32076330275233833 
0.3876938469234617 0.3237482249056026 
0.38819409704852426 0.3267482787342862 
0.38869434717358675 0.3297633311085364 
0.3891945972986493 0.33279324585180653 
0.38969484742371185 0.33583788374320084 
0.39019509754877435 0.33889710252019584 
0.3906953476738369 0.3419707568817574 
0.3911955977988994 0.3450586984918509 
0.39169584792396195 0.34816077598336387 
0.3921960980490245 0.3512768349624507 
0.392696348174087 0.35440671801330903 
0.39319659829914955 0.35755026470340245 
0.3936968484242121 0.3607073115891481 
0.3941970985492746 0.3638776922220697 
0.39469734867433715 0.36706123715545014 
0.3951975987993997 0.37025777395148096 
0.3956978489244622 0.3734671271889333 
0.39619809904952474 0.376689118471366 
0.39669834917458724 0.37992356643588326 
0.3971985992996498 0.38317028676245946 
0.39769884942471234 0.38642909218384813 
0.39819909954977484 0.3896997924960893 
0.3986993496748374 0.3929821945696322 
0.39919959979989994 0.39627610236108907 
0.39969984992496244 0.3995813169256329 
0.400200100050025 0.40289763643005827 
0.40070035017508754 0.40622485616651627 
0.40120060030015003 0.40956276856693885 
0.4017008504252126 0.4129111632181641 
0.4022011005502751 0.4162698268777813 
0.40270135067533763 0.41963854349069696 
0.4032016008004002 0.42301709420644495 
0.4037018509254627 0.42640525739724106 
0.40420210105052523 0.4298028086767977 
0.4047023511755878 0.433209520919907 
0.4052026013006503 0.43662516428279396 
0.40570285142571283 0.4400495062242526 
0.4062031015507754 0.4434823115275703 
0.4067033516758379 0.4469233423232371 
0.4072036018009004 0.45037235811245335 
0.407703851925963 0.453829115791432 
0.4082041020510255 0.4572933696764932 
0.408704352176088 0.4607648715299631 
0.4092046023011505 0.4642433705868573 
0.4097048524262131 0.46772861358236456 
0.4102051025512756 0.4712203447801152 
0.4107053526763381 0.47471830600123116 
0.41120560280140067 0.47822223665415514 
0.4117058529264632 0.48173187376524984 
0.4122061030515257 0.48524695201015455 
0.41270635317658827 0.48876720374589777 
0.4132066033016508 0.49229235904374957 
0.4137068534267133 0.4958221457228007 
0.41420710355177587 0.49935628938426163 
0.41470735367683836 0.5028945134464655 
0.4152076038019009 0.5064365391805579 
0.41570785392696347 0.509982085746861 
0.41620810405202596 0.5135308702318959 
0.4167083541770885 0.5170826076860477 
0.41720860430215106 0.5206370111618543 
0.41770885442721356 0.5241937917528958 
0.4182091045522761 0.5277526586332792 
0.41870935467733866 0.5313133190976882 
0.41920960480240116 0.5348754786019797 
0.4197098549274637 0.5384388408043136 
0.4202101050525262 0.5420031076067909 
0.42071035517758876 0.5455679791975788 
0.4212106053026513 0.5491331540935104 
0.4217108554277138 0.5526983291831248 
0.42221110555277636 0.5562631997701427 
0.4227113556778389 0.5598274596173469 
0.4232116058029014 0.5633908009908504 
0.42371185592796395 0.5669529147047312 
0.4242121060530265 0.570513490166017 
0.424712356178089 0.5740722154199971 
0.42521260630315155 0.5776287771958423 
0.4257128564282141 0.5811828609525193 
0.4262131065532766 0.5847341509249686 
0.42671335667833915 0.588282330170549 
0.42721360680340165 0.5918270806157069 
0.4277138569284642 0.595368083102875 
0.42821410705352675 0.5989050174375707 
0.42871435717858924 0.6024375624356837 
0.4292146073036518 0.6059653959709413 
0.42971485742871435 0.6094881950225296 
0.43021510755377684 0.6130056357228649 
0.4307153576788394 0.6165173934054964 
0.43121560780390195 0.6200231426531378 
0.43171585792896444 0.6235225573458016 
0.432216108054027 0.6270153107090447 
0.4327163581790895 0.6305010753622983 
0.43321660830415204 0.6339795233672837 
0.4337168584292146 0.6374503262765082 
0.4342171085542771 0.6409131551818215 
0.43471735867933964 0.6443676807630393 
0.4352176088044022 0.6478135733366233 
0.4357178589294647 0.6512505029044106 
0.43621810905452724 0.6546781392023884 
0.4367183591795898 0.6580961517495185 
0.4372186093046523 0.6615042098965951 
0.43771885942971483 0.6649019828751445 
0.43821910955477733 0.6682891398463606 
0.4387193596798399 0.6716653499500737 
0.43921960980490243 0.6750302823537545 
0.43971985992996493 0.6783836063015508 
0.4402201100550275 0.6817249911633566 
0.44072036018009003 0.685054106483918 
0.4412206103051525 0.6883706220319706 
0.4417208604302151 0.6916742078494106 
0.44222111055527763 0.6949645343005082 
0.4427213606803401 0.6982412721211514 
0.4432216108054027 0.7015040924681322 
0.44372186093046523 0.7047526669684748 
0.4442221110555277 0.707986667768799 
0.4447223611805903 0.7112057675847356 
0.44522261130565277 0.7144096397503774 
0.4457228614307153 0.7175979582677814 
0.4462231115557779 0.7207703978565171 
0.44672336168084037 0.7239266340032582 
0.4472236118059029 0.7270663430114287 
0.44772386193096547 0.7301892020508919 
0.44822411205602797 0.7332948892076893 
0.4487243621810905 0.7363830835338274 
0.44922461230615307 0.7394534650971152 
0.44972486243121557 0.7425057150310383 
0.4502251125562781 0.745539515584687 
0.4507253626813406 0.7485545501727189 
0.45122561280640316 0.7515505034253648 
0.4517258629314657 0.7545270612384675 
0.4522261130565282 0.757483910823554 
0.45272636318159076 0.7604207407579333 
0.4532266133066533 0.7633372410348184 
0.4537268634317158 0.766233103113462 
0.45422711355677836 0.7691080199693051 
0.4547273636818409 0.7719616861441271 
0.4552276138069034 0.7747937977961915 
0.45572786393196596 0.7776040527503784 
0.45622811405702846 0.7803921505482972 
0.456728364182091 0.783157792498365 
0.45722861430715356 0.7859006817258478 
0.45772886443221605 0.7886205232228433 
0.4582291145572786 0.7913170238982062 
0.45872936468234116 0.7939898926273958 
0.45922961480740365 0.796638840302232 
0.4597298649324662 0.7992635798805544 
0.46023011505752875 0.801863826435764 
0.46073036518259125 0.8044392972062342 
0.4612306153076538 0.8069897116445788 
0.4617308654327163 0.8095147914667608 
0.46223111555777885 0.8120142607010223 
0.4627313656828414 0.8144878457366292 
0.4632316158079039 0.8169352753723983 
0.46373186593296645 0.8193562808650071 
0.464232116058029 0.821750595977057 
0.4647323661830915 0.8241179570248768 
0.46523261630815405 0.8264581029260463 
0.4657328664332166 0.8287707752466258 
0.4662331165582791 0.8310557182480705 
0.46673336668334164 0.8333126789338045 
0.4672336168084042 0.8355414070954537 
0.4677338669334667 0.8377416553586949 
0.46823411705852924 0.8399131792287243 
0.46873436718359174 0.842055737135309 
0.4692346173086543 0.8441690904774123 
0.46973486743371684 0.8462530036673735 
0.47023511755877934 0.8483072441746147 
0.4707353676838419 0.8503315825688668 
0.47123561780890444 0.8523257925628873 
0.47173586793396693 0.8542896510546559 
0.4722361180590295 0.8562229381690236 
0.47273636818409204 0.858125437298809 
0.47323661830915453 0.8599969351453031 
0.4737368684342171 0.86183722175819 
0.4742371185592796 0.8636460905748417 
0.47473736868434213 0.8654233384589867 
0.4752376188094047 0.8671687657387265 
0.4757378689344672 0.8688821762438863 
0.47623811905952973 0.8705633773426817 
0.4767383691845923 0.8722121799776889 
0.4772386193096548 0.8738283987010975 
0.47773886943471733 0.8754118517092352 
0.4782391195597799 0.8769623608763482 
0.4787393696848424 0.8784797517876209 
0.4792396198099049 0.8799638537714248 
0.4797398699349674 0.8814144999307807 
0.48024012006003 0.8828315271740192 
0.4807403701850925 0.8842147762446372 
0.481240620310155 0.88556409175032 
0.48174087043521757 0.88687932219114 
0.4822411205602801 0.8881603199869029 
0.4827413706853426 0.8894069415036407 
0.48324162081040517 0.8906190470792394 
0.4837418709354677 0.8917965010481935 
0.4842421210605302 0.892939171765474 
0.48474237118559277 0.8940469316295084 
0.4852426213106553 0.8951196571042638 
0.4857428714357178 0.8961572287404196 
0.48624312156078037 0.8971595311956345 
0.48674337168584286 0.8981264532538915 
0.4872436218109054 0.8990578878439239 
0.48774387193596797 0.8999537320567118 
0.48824412206103046 0.9008138871620512 
0.488744372186093 0.9016382586241848 
0.48924462231115556 0.9024267561164981 
0.48974487243621806 0.9031792935352759 
0.4902451225612806 0.9038957890125157 
0.49074537268634316 0.9045761649278028 
0.49124562281140566 0.9052203479192367 
0.4917458729364682 0.90582826889342 
0.4922461230615307 0.9063998630345003 
0.49274637318659326 0.906935069812274 
0.4932466233116558 0.9074338329893473 
0.4937468734367183 0.9078961006273596 
0.49424712356178085 0.9083218250922727 
0.4947473736868434 0.9087109630587261 
0.4952476238119059 0.9090634755134637 
0.49574787393696845 0.9093793277578339 
0.496248124062031 0.9096584894093729 
0.4967483741870935 0.9099009344024688 
0.49724862431215605 0.9101066409881147 
0.49774887443721855 0.9102755917327636 
0.4982491245622811 0.9104077735162758 
0.49874937468734365 0.9105031775289836 
0.49924962481240615 0.9105617992678656 
0.4997498749374687 0.9105836385318467 
0.5002501250625312 0.9105686994162299 
0.5007503751875938 0.9105169903062625 
0.5012506253126563 0.9104285238698592 
0.5017508754377188 0.9103033170494721 
0.5022511255627814 0.9101413910531326 
0.5027513756878439 0.9099427713446688 
0.5032516258129064 0.9097074876331072 
0.503751875937969 0.9094355738612699 
0.5042521260630315 0.9091270681935815 
0.504752376188094 0.9087820130030907 
0.5052526263131566 0.9084004548577199 
0.5057528764382191 0.9079824445057584 
0.5062531265632816 0.9075280368606026 
0.5067533766883441 0.9070372909847639 
0.5072536268134067 0.9065102700731481 
0.5077538769384692 0.9059470414356248 
0.5082541270635317 0.905347676478897 
0.5087543771885943 0.9047122506876821 
0.5092546273136568 0.9040408436052193 
0.5097548774387193 0.9033335388131152 
0.5102551275637819 0.9025904239105419 
0.5107553776888444 0.9018115904927978 
0.5112556278139069 0.9009971341292486 
0.5117558779389695 0.9001471543406602 
0.512256128064032 0.8992617545759329 
0.5127563781890945 0.8983410421882607 
0.5132566283141571 0.8973851284107164 
0.5137568784392196 0.896394128331288 
0.5142571285642821 0.8953681608673731 
0.5147573786893447 0.8943073487397466 
0.5152576288144072 0.8932118184460188 
0.5157578789394697 0.8920817002335918 
0.5162581290645323 0.8909171280721347 
0.5167583791895948 0.8897182396255863 
0.5172586293146573 0.8884851762237037 
0.5177588794397199 0.8872180828331655 
0.5182591295647824 0.8859171080282472 
0.5187593796898449 0.8845824039610868 
0.5192596298149074 0.8832141263315394 
0.51975987993997 0.8818124343566539 
0.5202601300650325 0.8803774907397726 
0.520760380190095 0.8789094616392684 
0.5212606303151576 0.8774085166369405 
0.5217608804402201 0.875874828706074 
0.5222611305652826 0.8743085741791798 
0.5227613806903452 0.8727099327154308 
0.5232616308154077 0.8710790872678005 
0.5237618809404702 0.8694162240499256 
0.5242621310655328 0.8677215325026985 
0.5247623811905953 0.8659952052606043 
0.5252626313156578 0.8642374381178216 
0.5257628814407204 0.8624484299940827 
0.5262631315657829 0.8606283829003263 
0.5267633816908454 0.8587775019041389 
0.527263631815908 0.8568959950950035 
0.5277638819409705 0.8549840735493666 
0.528264132066033 0.853041951295534 
0.5287643821910956 0.8510698452784036 
0.5292646323161581 0.8490679753240545 
0.5297648824412206 0.847036564104195 
0.530265132566283 0.8449758371004793 
0.5307653826913457 0.8428860225687109 
0.5312656328164082 0.8407673515029344 
0.5317658829414706 0.8386200575994335 
0.5322661330665333 0.8364443772206261 
0.5327663831915957 0.834240549358896 
0.5332666333166582 0.8320088156003377 
0.5337668834417209 0.8297494200884422 
0.5342671335667833 0.827462609487722 
0.5347673836918458 0.8251486329472935 
0.5352676338169085 0.822807742064407 
0.535767883941971 0.8204401908479421 
0.5362681340670334 0.8180462356818793 
0.536768384192096 0.815626135288734 
0.5372686343171585 0.813180150692979 
0.537768884442221 0.8107085451844472 
0.5382691345672836 0.8082115842817228 
0.5387693846923461 0.8056895356955207 
0.5392696348174086 0.8031426692920686 
0.5397698849424712 0.8005712570564728 
0.5402701350675337 0.7979755730560933 
0.5407703851925962 0.7953558934039167 
0.5412706353176588 0.792712496221922 
0.5417708854427213 0.7900456616044566 
0.5422711355677838 0.7873556715816098 
0.5427713856928463 0.7846428100825805 
0.5432716358179089 0.7819073628990499 
0.5437718859429714 0.7791496176485438 
0.5442721360680339 0.7763698637377954 
0.5447723861930965 0.773568392326087 
0.545272636318159 0.7707454962885868 
0.5457728864432215 0.7679014701796656 
0.5462731365682841 0.7650366101961835 
0.5467733866933466 0.7621512141407546 
0.5472736368184091 0.7592455813849774 
0.5477738869434717 0.7563200128326144 
0.5482741370685342 0.7533748108827318 
0.5487743871935967 0.7504102793927826 
0.5492746373186593 0.7474267236416176 
0.5497748874437218 0.7444244502924325 
0.5502751375687843 0.741403767355631 
0.5507753876938469 0.7383649841515935 
0.5512756378189094 0.7353084112733497 
0.5517758879439719 0.7322343605491405 
0.5522761380690345 0.7291431450048573 
0.552776388194097 0.7260350788263521 
0.5532766383191595 0.7229104773216115 
0.5537768884442221 0.7197696568827668 
0.5542771385692846 0.7166129349479534 
0.5547773886943471 0.7134406299629898 
0.5552776388194096 0.7102530613428769 
0.5557778889444722 0.7070505494330955 
0.5562781390695347 0.7038334154707031 
0.5567783891945972 0.700601981545214 
0.5572786393196598 0.6973565705592474 
0.5577788894447223 0.6940975061889428 
0.5582791395697848 0.6908251128441285 
0.5587793896948474 0.6875397156282276 
0.5592796398199099 0.6842416402979032 
0.5597798899449724 0.6809312132224312 
0.560280140070035 0.6776087613427814 
0.5607803901950975 0.6742746121304166 
0.56128064032016 0.6709290935457959 
0.5617808904452226 0.6675725339965625 
0.5622811405702851 0.664205262295438 
0.5627813906953476 0.6608276076177946 
0.5632816408204102 0.6574398994589092 
0.5637818909454727 0.6540424675909027 
0.5642821410705352 0.6506356420193543 
0.5647823911955978 0.6472197529395892 
0.5652826413206603 0.643795130692649 
0.5657828914457228 0.6403621057209384 
0.5662831415707853 0.6369210085235463 
0.5667833916958479 0.6334721696112576 
0.5672836418209104 0.6300159194612475 
0.5677838919459729 0.6265525884714722 
0.5682841420710355 0.6230825069147552 
0.568784392196098 0.6196060048925843 
0.5692846423211605 0.6161234122886284 
0.5697848924462231 0.6126350587219709 
0.5702851425712856 0.609141273500093 
0.5707853926963481 0.6056423855716055 
0.5712856428214107 0.6021387234787393 
0.5717858929464732 0.5986306153096244 
0.5722861430715357 0.5951183886503622 
0.5727863931965983 0.5916023705369109 
0.5732866433216608 0.5880828874068039 
0.5737868934467233 0.5845602650507232 
0.5742871435717859 0.5810348285639376 
0.5747873936968484 0.577506902297645 
0.5752876438219109 0.5739768098102251 
0.5757878939469735 0.5704448738184276 
0.576288144072036 0.5669114161485356 
0.5767883941970985 0.5633767576875103 
0.5772886443221611 0.5598412183341467 
0.5777888944472236 0.556305116950279 
0.5782891445722861 0.5527687713120437 
0.5787893946973486 0.5492324980612441 
0.5792896448224112 0.5456966126568299 
0.5797898949474737 0.5421614293265288 
0.5802901450725362 0.5386272610186568 
0.5807903951975988 0.535094419354129 
0.5812906453226613 0.5315632145787037 
0.5817908954477238 0.5280339555154945 
0.5822911455727864 0.524506949517758 
0.5827913956978489 0.5209825024220056 
0.5832916458229114 0.5174609185014584 
0.583791895947974 0.513942500419864 
0.5842921460730365 0.5104275491857126 
0.584792396198099 0.5069163641068772 
0.5852926463231616 0.5034092427456851 
0.5857928964482241 0.4999064808744705 
0.5862931465732866 0.49640837243161295 
0.5867933966983492 0.492915209478084 
0.5872936468234117 0.48942728215452885 
0.5877938969484742 0.48594487863890434 
0.5882941470735368 0.48246828510467715 
0.5887943971985993 0.4789977856796148 
0.5892946473236618 0.47553366240518025 
0.5897948974487243 0.4720761951965319 
0.5902951475737869 0.46862566180316206 
0.5907953976988494 0.4651823377701666 
0.5912956478239119 0.46174649640016885 
0.5917958979489745 0.4583184087158878 
0.592296148074037 0.4548983434233783 
0.5927963981990995 0.4514865668759328 
0.5932966483241621 0.44808334303864616 
0.5937968984492246 0.4446889334536551 
0.5942971485742871 0.44130359720604384 
0.5947973986993497 0.43792759089041294 
0.5952976488244122 0.43456116857811083 
0.5957978989494747 0.43120458178512533 
0.5962981490745373 0.42785807944061427 
0.5967983991995998 0.42452190785608296 
0.5972986493246623 0.4211963106951921 
0.5977988994497249 0.41788152894417907 
0.5982991495747874 0.41457780088288393 
0.5987993996998499 0.41128536205637406 
0.5992996498249125 0.40800444524713453 
0.599799899949975 0.40473528044782225 
0.6003001500750375 0.40147809483456665 
0.6008004002001001 0.39823311274078194 
0.6013006503251626 0.3950005556314956 
0.601800900450225 0.3917806420781586 
0.6023011505752875 0.38857358773391265 
0.6028014007003502 0.3853796053093141 
0.6033016508254126 0.3821989045484694 
0.6038019009504751 0.3790316922055856 
0.6043021510755378 0.375878172021885 
0.6048024012006002 0.37273854470289675 
0.6053026513256627 0.36961300789608015 
0.6058029014507254 0.36650175616876424 
0.6063031515757878 0.36340498098639584 
0.6068034017008503 0.3603228706910626 
0.607303651825913 0.35725561048027815 
0.6078039019509754 0.35420338238601484 
0.6083041520760379 0.3511663652539683 
0.6088044022011005 0.34814473472302815 
0.609304652326163 0.3451386632049577 
0.6098049024512255 0.34214831986425914 
0.6103051525762881 0.3391738705982132 
0.6108054027013506 0.33621547801709517 
0.6113056528264131 0.3332733014245484 
0.6118059029514757 0.33034749679811487 
0.6123061530765382 0.3274382167699188 
0.6128064032016007 0.32454561060751036 
0.6133066533266633 0.3216698241948519 
0.6138069034517258 0.31881100001346985 
0.6143071535767883 0.3159692771237657 
0.6148074037018508 0.3131447911465006 
0.6153076538269134 0.31033767424445546 
0.6158079039519759 0.30754805510428834 
0.6163081540770384 0.3047760589186032 
0.616808404202101 0.3020218073682345 
0.6173086543271635 0.29928541860478797 
0.617808904452226 0.296567007233446 
0.6183091545772886 0.2938666842960594 
0.6188094047023511 0.29118455725456627 
0.6193096548274136 0.28852072997475753 
0.6198099049524762 0.28587530271041683 
0.6203101550775387 0.2832483720878783 
0.6208104052026012 0.2806400310910344 
0.6213106553276638 0.278050369046823 
0.6218109054527263 0.2754794716112448 
0.6223111555777888 0.2729274207559471 
0.6228114057028514 0.2703942947554124 
0.6233116558279139 0.26788016817480254 
0.6238119059529764 0.26538511185850333 
0.624312156078039 0.26290919291940773 
0.6248124062031015 0.26045247472899735 
0.625312656328164 0.2580150169082624 
0.6258129064532265 0.2555968753195114 
0.6263131565782891 0.2531981020591217 
0.6268134067033516 0.2508187454512784 
0.6273136568284141 0.24845885004275642 
0.6278139069534767 0.2461184565987885 
0.6283141570785392 0.24379760210007406 
0.6288144072036017 0.24149631974098248 
0.6293146573286643 0.2392146389289873 
0.6298149074537268 0.23695258528539007 
0.6303151575787893 0.2347101806473818 
0.6308154077038519 0.2324874430714742 
0.6313156578289144 0.230284386838363 
0.6318159079539769 0.22810102245925545 
0.6323161580790395 0.22593735668370168 
0.632816408204102 0.2237933925089777 
0.6333166583291645 0.22166912919105128 
0.6338169084542271 0.2195645622571625 
0.6343171585792896 0.21747968352005895 
0.6348174087043521 0.21541448109391328 
0.6353176588294147 0.213368939411941 
0.6358179089544772 0.21134303924575684 
0.6363181590795397 0.20933675772648236 
0.6368184092046023 0.20735006836762052 
0.6373186593296648 0.20538294108971986 
0.6378189094547273 0.2034353422468338 
0.6383191595797898 0.20150723465478593 
0.6388194097048524 0.1995985776212415 
0.6393196598299149 0.1977093269775928 
0.6398199099549774 0.1958394351126511 
0.64032016008004 0.19398885100814023 
0.6408204102051025 0.19215752027598001 
0.641320660330165 0.19034538519735233 
0.6418209104552276 0.18855238476352398 
0.6423211605802901 0.18677845471841129 
0.6428214107053526 0.1850235276028643 
0.6433216608304152 0.1832875328006316 
0.6438219109554777 0.18157039658598986 
0.6443221610805402 0.17987204217299155 
0.6448224112056028 0.1781923897662955 
0.6453226613306653 0.17653135661354308 
0.6458229114557278 0.17488885705922982 
0.6463231615807904 0.17326480260002952 
0.6468234117058529 0.17165910194151457 
0.6473236618309154 0.17007166105623028 
0.647823911955978 0.1685023832430491 
0.6483241620810405 0.1669511691877674 
0.648824412206103 0.16541791702486994 
0.6493246623311655 0.1639025224004007 
0.6498249124562281 0.16240487853588198 
0.6503251625812906 0.16092487629320892 
0.6508254127063531 0.15946240424045482 
0.6513256628314157 0.15801734871851253 
0.6518259129564782 0.15658959390850888 
0.6523261630815407 0.15517902189991473 
0.6528264132066033 0.15378551275927627 
0.6533266633316658 0.15240894459950208 
0.6538269134567283 0.15104919364962335 
0.6543271635817909 0.14970613432495883 
0.6548274137068534 0.14837963929760742 
0.6553276638319159 0.14706957956719877 
0.6558279139569785 0.14577582453181945 
0.656328164082041 0.14449824205905434 
0.6568284142071035 0.14323669855705884 
0.6573286643321661 0.1419910590455976 
0.6578289144572286 0.14076118722697625 
0.6583291645822911 0.13954694555679997 
0.6588294147073537 0.13834819531448733 
0.6593296648324162 0.13716479667347375 
0.6598299149574787 0.13599660877104544 
0.6603301650825413 0.13484348977773222 
0.6608304152076038 0.1337052969662039 
0.6613306653326663 0.13258188677961275 
0.6618309154577288 0.13147311489932004 
0.6623311655827914 0.1303788363119556 
0.6628314157078539 0.1292989053757589 
0.6633316658329164 0.12823317588615138 
0.663831915957979 0.12718150114048904 
0.6643321660830415 0.12614373400195555 
0.664832416208104 0.12511972696255513 
0.6653326663331666 0.12410933220515447 
0.6658329164582291 0.12311240166455227 
0.6663331665832916 0.1221287870875309 
0.6668334167083542 0.12115834009185979 
0.6673336668334167 0.12020091222422731 
0.6678339169584792 0.11925635501706773 
0.6683341670835418 0.1183245200442629 
0.6688344172086043 0.11740525897569533 
0.6693346673336668 0.11649842363063623 
0.6698349174587294 0.11560386602994623 
0.6703351675837919 0.11472143844708384 
0.6708354177088544 0.11385099345789838 
0.671335667833917 0.11299238398920523 
0.6718359179589795 0.11214546336613382 
0.672336168084042 0.11131008535824148 
0.6728364182091046 0.11048610422438902 
0.673336668334167 0.10967337475637773 
0.6738369184592296 0.10887175232134755 
0.674337168584292 0.10808109290293375 
0.6748374187093547 0.10730125314119095 
0.6753376688344171 0.1065320903712842 
0.6758379189594796 0.10577346266095446 
0.6763381690845423 0.1050252288467637 
0.6768384192096047 0.10428724856912988 
0.6773386693346672 0.10355938230616002 
0.6778389194597298 0.10284149140628576 
0.6783391695847923 0.10213343811972037 
0.6788394197098548 0.10143508562874363 
0.6793396698349174 0.10074629807682318 
0.6798399199599799 0.10006694059658992 
0.6803401700850424 0.0993968793366792 
0.680840420210105 0.09873598148744406 
0.6813406703351675 0.09808411530556382 
0.68184092046023 0.09744115013755095 
0.6823411705852926 0.09680695644217688 
0.6828414207103551 0.09618140581182505 
0.6833416708354176 0.09556437099278854 
0.6838419209604802 0.09495572590451869 
0.6843421710855427 0.09435534565784735 
0.6848424212106052 0.09376310657218526 
0.6853426713356677 0.09317888619171644 
0.6858429214607303 0.092602563300596 
0.6863431715857928 0.09203401793716874 
0.6868434217108553 0.09147313140721373 
0.6873436718359179 0.09091978629623126 
0.6878439219609804 0.09037386648078426 
0.6883441720860429 0.0898352571388975 
0.6888444222111055 0.08930384475953834 
0.689344672336168 0.08877951715117606 
0.6898449224612305 0.08826216344944046 
0.6903451725862931 0.08775167412388533 
0.6908454227113556 0.08724794098386685 
0.6913456728364181 0.08675085718355137 
0.6918459229614807 0.08626031722605695 
0.6923461730865432 0.08577621696674342 
0.6928464232116057 0.08529845361566057 
0.6933466733366683 0.08482692573916296 
0.6938469234617308 0.08436153326070443 
0.6943471735867933 0.08390217746082258 
0.6948474237118559 0.08344876097632395 
0.6953476738369184 0.08300118779868285 
0.6958479239619809 0.08255936327166546 
0.6963481740870435 0.08212319408819047 
0.696848424212106 0.08169258828644355 
0.6973486743371685 0.08126745524525304 
0.697848924462231 0.08084770567874884 
0.6983491745872936 0.08043325163031326 
0.6988494247123561 0.08002400646584266 
0.6993496748374186 0.07961988486633842 
0.6998499249624812 0.07922080281983833 
0.7003501750875437 0.07882667761271521 
0.7008504252126062 0.07843742782035466 
0.7013506753376688 0.07805297329723718 
0.7018509254627313 0.07767323516644052 
0.7023511755877938 0.07729813580858992 
0.7028514257128564 0.0769275988502748 
0.7033516758379189 0.07656154915195529 
0.7038519259629814 0.07619991279538844 
0.704352176088044 0.07584261707059133 
0.7048524262131065 0.07548959046237418 
0.705352676338169 0.07514076263646775 
0.7058529264632316 0.07479606442527385 
0.7063531765882941 0.07445542781326252 
0.7068534267133566 0.07411878592205635 
0.7073536768384192 0.07378607299521805 
0.7078539269634817 0.07345722438278153 
0.7083541770885442 0.07313217652555432 
0.7088544272136067 0.0728108669392201 
0.7093546773386693 0.07249323419827781 
0.7098549274637318 0.07217921791984303 
0.7103551775887943 0.07186875874735141 
0.7108554277138569 0.0715617983341879 
0.7113556778389194 0.07125827932727762 
0.7118559279639819 0.07095814535067514 
0.7123561780890445 0.07066134098916997 
0.712856428214107 0.07036781177195836 
0.7133566783391695 0.07007750415639384 
0.7138569284642321 0.06979036551185885 
0.7143571785892946 0.06950634410378352 
0.7148574287143571 0.06922538907783866 
0.7153576788394197 0.06894745044433297 
0.7158579289644822 0.06867247906283995 
0.7163581790895447 0.06840042662708376 
0.7168584292146073 0.06813124565010298 
0.7173586793396698 0.06786488944972184 
0.7178589294647323 0.06760131213434692 
0.7183591795897949 0.06734046858911114 
0.7188594297148574 0.06708231446238565 
0.7193596798399199 0.06682680615267562 
0.7198599299649825 0.06657390079591559 
0.720360180090045 0.06632355625318022 
0.7208604302151075 0.06607573109882145 
0.72136068034017 0.0658303846090443 
0.7218609304652326 0.06558747675092805 
0.7223611805902951 0.06534696817190006 
0.7228614307153576 0.065108820189671 
0.7233616808404202 0.06487299478262741 
0.7238619309654827 0.06463945458069047 
0.7243621810905452 0.06440816285663319 
0.7248624312156078 0.06417908351785863 
0.7253626813406703 0.06395218109863268 
0.7258629314657328 0.06372742075276282 
0.7263631815907954 0.06350476824671726 
0.7268634317158579 0.06328418995317533 
0.7273636818409204 0.0630656528449908 
0.727863931965983 0.06284912448956365 
0.7283641820910455 0.062634573043599 
0.728864432216108 0.062421967248236614 
0.7293646823411706 0.062211276424536 
0.7298649324662331 0.062002470469295246 
0.7303651825912956 0.06179551985118514 
0.7308654327163582 0.061590395607171194 
0.7313656828414207 0.06138706933921021 
0.7318659329664832 0.06118551321118519 
0.7323661830915458 0.06098569994606744 
0.7328664332166083 0.06078760282326783 
0.7333666833416708 0.06059119567616167 
0.7338669334667333 0.060396452889752934 
0.7343671835917959 0.06020334939845598 
0.7348674337168584 0.060011860683968514 
0.7353676838419209 0.05982196277320286 
0.7358679339669835 0.05963363223625612 
0.736368184092046 0.059446846184389564 
0.7368684342171085 0.059261582267989006 
0.7373686843421711 0.059077818674484514 
0.7378689344672336 0.058895534126201195 
0.7383691845922961 0.05871470787811877 
0.7388694347173587 0.05853531971551555 
0.7393696848424212 0.05835734995147432 
0.7398699349674837 0.058180779424227995 
0.7403701850925463 0.058005589494326576 
0.7408704352176088 0.0578317620416064 
0.7413706853426713 0.05765927946193943 
0.7418709354677339 0.05748812466375469 
0.7423711855927964 0.05731828106430778 
0.7428714357178589 0.05714973258569405 
0.7433716858429215 0.056982463650586804 
0.743871935967984 0.05681645917769761 
0.7443721860930465 0.05665170457694137 
0.744872436218109 0.056488185744310526 
0.7453726863431716 0.05632588905644666 
0.745872936468234 0.05616480136490907 
0.7463731865932965 0.05600490999013952 
0.7468734367183592 0.05584620271512118 
0.7473736868434216 0.05568866777874181 
0.7478739369684841 0.055532293868855234 
0.7483741870935467 0.05537707011505691 
0.7488744372186092 0.05522298608117402 
0.7493746873436717 0.055070031757483366 
0.7498749374687343 0.05491819755266692 
0.7503751875937968 0.05476747428551776 
0.7508754377188593 0.054617853176411 
0.751375687843922 0.05446932583855064 
0.7518759379689844 0.054321884269014374 
0.7523761880940469 0.05417552083961149 
0.7528764382191095 0.054030228287571064 
0.753376688344172 0.05388599970608192 
0.7538769384692345 0.05374282853470325 
0.7543771885942971 0.053600708549669814 
0.7548774387193596 0.05345963385410623 
0.7553776888444221 0.05331959886818503 
0.7558779389694847 0.05318059831923341 
0.7563781890945472 0.05304262723183167 
0.7568784392196097 0.052905680917905554 
0.7573786893446722 0.05276975496685355 
0.7578789394697348 0.05263484523571732 
0.7583791895947973 0.05250094783942665 
0.7588794397198598 0.05236805914113683 
0.7593796898449224 0.05223617574268088 
0.7598799399699849 0.05210529447515542 
0.7603801900950474 0.051975412389666305 
0.76088044022011 0.05184652674824279 
0.7613806903451725 0.05171863501494978 
0.761880940470235 0.05159173484720686 
0.7623811905952976 0.0514658240873335 
0.7628814407203601 0.051340900754336595 
0.7633816908454226 0.05121696303595015 
0.7638819409704852 0.051094009280944604 
0.7643821910955477 0.05097203799170869 
0.7648824412206102 0.05085104781712233 
0.7653826913456728 0.05073103754572114 
0.7658829414707353 0.050612006099163075 
0.7663831915957978 0.05049395252600082 
0.7668834417208604 0.05037687599576036 
0.7673836918459229 0.05026077579333182 
0.7678839419709854 0.050145651313669784 
0.7683841920960479 0.05003150205680196 
0.7688844422211105 0.049918327623143924 
0.769384692346173 0.04980612770911244 
0.7698849424712355 0.04969490210303543 
0.7703851925962981 0.04958465068134837 
0.7708854427213606 0.04947537340506887 
0.7713856928464231 0.04936707031653649 
0.7718859429714857 0.049259741536412674 
0.7723861930965482 0.049153387260919876 
0.7728864432216107 0.04904800775931476 
0.7733866933466733 0.04894360337157026 
0.7738869434717358 0.04884017450626188 
0.7743871935967983 0.04873772163863259 
0.7748874437218609 0.04863624530882483 
0.7753876938469234 0.04853574612025807 
0.7758879439719859 0.04843622473813554 
0.7763881940970485 0.04833768188806111 
0.776888444222111 0.048240118354743754 
0.7773886943471735 0.0481435349807793 
0.7778889444722361 0.04804793266547726 
0.7783891945972986 0.04795331236372399 
0.7788894447223611 0.04785967508485986 
0.7793896948474237 0.04776702189155046 
0.7798899449724862 0.04767535389863048 
0.7803901950975487 0.04758467227191262 
0.7808904452226112 0.04749497822693171 
0.7813906953476738 0.047406273027616554 
0.7818909454727363 0.047318557984869516 
0.7823911955977988 0.047231834455038355 
0.7828914457228614 0.04714610383827036 
0.7833916958479239 0.04706136757673109 
0.7838919459729864 0.04697762715268065 
0.784392196098049 0.04689488408639238 
0.7848924462231115 0.04681313993390656 
0.785392696348174 0.04673239628461441 
0.7858929464732366 0.04665265475865894 
0.7863931965982991 0.04657391700415588 
0.7868934467233616 0.046496184694219615 
0.7873936968484242 0.04641945952380385 
0.7878939469734867 0.04634374320634845 
0.7883941970985492 0.04626903747023433 
0.7888944472236118 0.046195344055049124 
0.7893946973486743 0.046122664707665614 
0.7898949474737368 0.04605100117814039 
0.7903951975987994 0.04598035521543491 
0.7908954477238619 0.04591072856296975 
0.7913956978489244 0.04584212295401754 
0.791895947973987 0.045774540106948265 
0.7923961980990495 0.04570798172033191 
0.792896448224112 0.045642449467919205 
0.7933966983491745 0.04557794499350598 
0.7938969484742371 0.045514469905695354 
0.7943971985992996 0.04545202577258047 
0.7948974487243621 0.0453906141163542 
0.7953976988494247 0.04533023640786586 
0.7958979489744872 0.04527089406114456 
0.7963981990995497 0.04521258842790085 
0.7968984492246123 0.04515532079202787 
0.7973986993496748 0.04509909236412172 
0.7978989494747373 0.045043904276031915 
0.7983991995997999 0.04498975757546873 
0.7988994497248624 0.04493665322068039 
0.7993996998499249 0.04488459207521893 
0.7998999499749875 0.04483357490281037 
0.80040020010005 0.04478360236235252 
0.8009004502251125 0.04473467500304898 
0.8014007003501751 0.04468679325970207 
0.8019009504752376 0.04463995744817722 
0.8024012006003001 0.04459416776105095 
0.8029014507253627 0.044549424263463686 
0.8034017008504252 0.04450572688918145 
0.8039019509754877 0.044463075436885754 
0.8044022011005502 0.044421469566697486 
0.8049024512256128 0.04438090879694587 
0.8054027013506753 0.044341392501192685 
0.8059029514757378 0.04430291990551686 
0.8064032016008004 0.0442654900860677 
0.8069034517258629 0.04422910196688549 
0.8074037018509254 0.04419375431800295 
0.807903951975988 0.04415944575381937 
0.8084042021010505 0.04412617473175394 
0.808904452226113 0.0440939395511767 
0.8094047023511756 0.0440627383526121 
0.8099049524762381 0.0440325691172149 
0.8104052026013006 0.04400342966651284 
0.8109054527263632 0.04397531766241007 
0.8114057028514257 0.04394823060744159 
0.8119059529764882 0.04392216584527407 
0.8124062031015508 0.0438971205614411 
0.8129064532266133 0.04387309178430246 
0.8134067033516758 0.04385007638621725 
0.8139069534767384 0.043828071084912164 
0.8144072036018009 0.0438070724450438 
0.8149074537268634 0.04378707687992363 
0.815407703851926 0.04376808065340772 
0.8159079539769885 0.04375007988192232 
0.816408204102051 0.04373307053661669 
0.8169084542271134 0.043717048445622894 
0.817408704352176 0.043702009296410535 
0.8179089544772385 0.04368794863820931 
0.818409204602301 0.0436748618844955 
0.8189094547273637 0.04366274431551604 
0.8194097048524261 0.043651591080830734 
0.8199099549774886 0.04364139720186947 
0.8204102051025512 0.043632157574470865 
0.8209104552276137 0.043623866971395905 
0.8214107053526762 0.043616520044802334 
0.8219109554777388 0.04361011132865747 
0.8224112056028013 0.04360463524107899 
0.8229114557278638 0.0436000860865922 
0.8234117058529264 0.043596458058286366 
0.8239119559779889 0.043593745239861106 
0.8244122061030514 0.04359194160755255 
0.824912456228114 0.0435910410319245 
0.8254127063531765 0.04359103727952437 
0.825912956478239 0.043591924014387426 
0.8264132066033016 0.04359369479938866 
0.8269134567283641 0.043596343097436825 
0.8274137068534266 0.04359986227250289 
0.8279139569784892 0.043604245590484314 
0.8284142071035517 0.04360948621990346 
0.8289144572286142 0.04361557723244083 
0.8294147073536767 0.043622511603297914 
0.8299149574787393 0.04363028221140283 
0.8304152076038018 0.043638881839457785 
0.8309154577288643 0.04364830317383004 
0.8314157078539269 0.043658538804298604 
0.8319159579789894 0.043669581223664086 
0.8324162081040519 0.04368142282722446 
0.8329164582291145 0.04369405591213454 
0.833416708354177 0.043707472676656374 
0.8339169584792395 0.04372166521930986 
0.8344172086043021 0.04373662553794225 
0.8349174587293646 0.043752345528724854 
0.8354177088544271 0.043768816985097284 
0.8359179589794897 0.043786031596665116 
0.8364182091045522 0.04380398094807448 
0.8369184592296147 0.04382265651787859 
0.8374187093546773 0.04384204967740736 
0.8379189594797398 0.04386215168966184 
0.8384192096048023 0.04388295370824752 
0.8389194597298649 0.04390444677636426 
0.8394197098549274 0.04392662182586759 
0.8399199599799899 0.04394946967642218 
0.8404202101050524 0.04397298103475725 
0.840920460230115 0.04399714649404427 
0.8414207103551775 0.04402195653341118 
0.84192096048024 0.04404740151760895 
0.8424212106053026 0.04407347169683867 
0.8429214607303651 0.044100157206761186 
0.8434217108554276 0.04412744806869485 
0.8439219609804902 0.04415533419001626 
0.8444222111055527 0.04418380536477225 
0.8449224612306152 0.04421285127451223 
0.8454227113556778 0.04424246148935417 
0.8459229614807403 0.04427262546928248 
0.8464232116058028 0.044303332565690114 
0.8469234617308654 0.044334572023168574 
0.8474237118559279 0.04436633298154355 
0.8479239619809904 0.044398604478164655 
0.848424212106053 0.044431375450445953 
0.8489244622311155 0.044464634738654786 
0.849424712356178 0.04449837108894896 
0.8499249624812406 0.044532573156656284 
0.8504252126063031 0.04456722950979357 
0.8509254627313656 0.04460232863281234 
0.8514257128564282 0.0446378589305696 
0.8519259629814907 0.044673808732511644 
0.8524262131065532 0.044710166297055536 
0.8529264632316157 0.04474691981616359 
0.8534267133566783 0.04478405742009181 
0.8539269634817408 0.04482156718229809 
0.8544272136068033 0.04485943712449852 
0.8549274637318659 0.04489765522184871 
0.8554277138569284 0.04493620940823832 
0.8559279639819909 0.04497508758167696 
0.8564282141070535 0.04501427760975072 
0.856928464232116 0.04505376733513697 
0.8574287143571785 0.04509354458114342 
0.8579289644822411 0.04513359715726602 
0.8584292146073036 0.045173912864730235 
0.8589294647323661 0.04521447950200552 
0.8594297148574287 0.045255284870259184 
0.8599299649824912 0.04529631677874235 
0.8604302151075537 0.04533756305006958 
0.8609304652326163 0.04537901152538396 
0.8614307153576788 0.04542065006938016 
0.8619309654827413 0.045462466575161606 
0.8624312156078039 0.04550444896891686 
0.8629314657328664 0.04554658521439248 
0.8634317158579289 0.045588863317139225 
0.8639319659829914 0.04563127132851973 
0.864432216108054 0.04567379734945173 
0.8649324662331165 0.0457164295338777 
0.865432716358179 0.04575915609193636 
0.8659329664832416 0.04580196529282689 
0.8664332166083041 0.045844845467350084 
0.8669334667333666 0.04588778501011151 
0.8674337168584292 0.04593077238137782 
0.8679339669834917 0.04597379610857272 
0.8684342171085542 0.04601684478740645 
0.8689344672336168 0.046059907082627104 
0.8694347173586793 0.046102971728392554 
0.8699349674837418 0.04614602752825081 
0.8704352176088044 0.04618906335472984 
0.8709354677338669 0.046232068148535144 
0.8714357178589294 0.04627503091734869 
0.871935967983992 0.046317940734233544 
0.8724362181090545 0.046360786735645365 
0.872936468234117 0.0464035581190516 
0.8734367183591796 0.04644624414016478 
0.8739369684842421 0.046488834109791585 
0.8744372186093046 0.046531317390309294 
0.8749374687343672 0.04657368339177223 
0.8754377188594297 0.04661592156765878 
0.8759379689844922 0.04665802141027026 
0.8764382191095547 0.04669997244578768 
0.8769384692346173 0.046741764229001885 
0.8774387193596798 0.04678338633772771 
0.8779389694847423 0.04682482836691444 
0.8784392196098049 0.04686607992246663 
0.8789394697348674 0.046907130614787046 
0.8794397198599299 0.046947970052060445 
0.8799399699849925 0.046988587833291 
0.880440220110055 0.04702897354110198 
0.8809404702351175 0.04706911673432553 
0.8814407203601801 0.047109006940386326 
0.8819409704852426 0.047148633647499674 
0.882441220610305 0.0471879862966985 
0.8829414707353677 0.04722705427370452 
0.8834417208604302 0.04726582690065643 
0.8839419709854927 0.04730429342771013 
0.8844422211105553 0.047342443024530396 
0.8849424712356178 0.04738026477167524 
0.8854427213606803 0.04741774765190111 
0.8859429714857429 0.0474548805413901 
0.8864432216108054 0.0474916522009155 
0.8869434717358678 0.047528051266958575 
0.8874437218609305 0.047564066242780485 
0.887943971985993 0.047599685489470654 
0.8884442221110554 0.04763489721696661 
0.8889444722361179 0.0476696894750657 
0.8894447223611806 0.04770405014442973 
0.889944972486243 0.04773796692758868 
0.8904452226113055 0.04777142733995561 
0.8909454727363681 0.04780441870085063 
0.8914457228614306 0.04783692812454255 
0.8919459729864931 0.04786894251131084 
0.8924462231115557 0.04790044853853083 
0.8929464732366182 0.04793143265178607 
0.8934467233616807 0.04796188105600418 
0.8939469734867433 0.04799177970662568 
0.8944472236118058 0.048021114300799556 
0.8949474737368683 0.048049870268606736 
0.8954477238619309 0.048078032764316665 
0.8959479739869934 0.04810558665766784 
0.8964482241120559 0.04813251652517836 
0.8969484742371185 0.0481588066414842 
0.897448724362181 0.048184440970699384 
0.8979489744872435 0.048209403157806065 
0.8984492246123061 0.04823367652006355 
0.8989494747373686 0.04825724403844335 
0.8994497248624311 0.04828008834908625 
0.8999499749874936 0.04830219173477991 
0.9004502251125562 0.048323536116463776 
0.9009504752376187 0.04834410304475216 
0.9014507253626812 0.04836387369148807 
0.9019509754877438 0.04838282884131892 
0.9024512256128063 0.048400948883308634 
0.9029514757378688 0.04841821380258026 
0.9034517258629314 0.04843460317199837 
0.9039519759879939 0.04845009614389973 
0.9044522261130564 0.04846467144187195 
0.904952476238119 0.04847830735259533 
0.9054527263631815 0.04849098171775431 
0.905952976488244 0.04850267192602813 
0.9064532266133066 0.04851335490517481 
0.9069534767383691 0.04852300711421808 
0.9074537268634316 0.0485316045357589 
0.9079539769884942 0.048539122668418914 
0.9084542271135567 0.04854553651943744 
0.9089544772386192 0.048550820597443554 
0.9094547273636818 0.04855494890541472 
0.9099549774887443 0.04855789493385575 
0.9104552276138068 0.0485596316542068 
0.9109554777388694 0.04856013151251698 
0.9114557278639319 0.04855936642340044 
0.9119559779889944 0.04855730776430536 
0.9124562281140569 0.04855392637012379 
0.9129564782391195 0.04854919252816669 
0.913456728364182 0.048543075973541905 
0.9139569784892445 0.04853554588495565 
0.9144572286143071 0.04852657088097795 
0.9149574787393696 0.04851611901679932 
0.9154577288644321 0.04850415778151222 
0.9159579789894947 0.048490654095951276 
0.9164582291145572 0.048475574311125424 
0.9169584792396197 0.04845888420727672 
0.9174587293646823 0.04844054899359747 
0.9179589794897448 0.04842053330864343 
0.9184592296148073 0.04839880122147278 
0.9189594797398699 0.04837531623354862 
0.9194597298649324 0.04835004128143248 
0.9199599799899949 0.04832293874030805 
0.9204602301150575 0.04829397042836076 
0.92096048024012 0.048263097612049076 
0.9214607303651825 0.048230281012292486 
0.9219609804902451 0.04819548081160765 
0.9224612306153076 0.04815865666222079 
0.9229614807403701 0.048119767695178346 
0.9234617308654326 0.0480787725304846 
0.9239619809904952 0.04803562928828307 
0.9244622311155577 0.047990295601108006 
0.9249624812406202 0.04794272862721969 
0.9254627313656828 0.047892885065042086 
0.9259629814907453 0.047840721168717064 
0.9264632316158078 0.04778619276478286 
0.9269634817408704 0.04772925526999223 
0.9274637318659329 0.047669863710270495 
0.9279639819909954 0.04760797274082202 
0.928464232116058 0.04754353666738305 
0.9289644822411205 0.047476509468619095 
0.929464732366183 0.04740684481966566 
0.9299649824912456 0.04733449611680029 
0.9304652326163081 0.047259416503238776 
0.9309654827413706 0.047181558896039255 
0.9314657328664332 0.047100876014099916 
0.9319659829914957 0.047017320407229654 
0.9324662331165582 0.04693084448626958 
0.9329664832416208 0.04684140055423961 
0.9334667333666833 0.046748940838481044 
0.9339669834917458 0.04665341752376596 
0.9344672336168084 0.0465547827863362 
0.9349674837418709 0.04645298882883721 
0.9354677338669334 0.04634798791610716 
0.9359679839919959 0.046239732411776625 
0.9364682341170585 0.046128174815636636 
0.936968484242121 0.04601326780172541 
0.9374687343671835 0.045894964257088104 
0.9379689844922461 0.04577321732115182 
0.9384692346173086 0.045647980425667325 
0.9389694847423711 0.045519207335158116 
0.9394697348674337 0.045386852187823575 
0.9399699849924962 0.045250869536828976 
0.9404702351175587 0.045111214391932976 
0.9409704852426213 0.04496784226137993 
0.9414707353676838 0.04482070919400066 
0.9419709854927463 0.044669771821454325 
0.9424712356178089 0.04451498740054656 
0.9429714857428714 0.04435631385556384 
0.9434717358679339 0.04419370982054912 
0.9439719859929965 0.04402713468145848 
0.944472236118059 0.043856548618132964 
0.9449724862431215 0.043681912646016306 
0.9454727363681841 0.04350318865755706 
0.9459729864932466 0.04332033946322315 
0.9464732366183091 0.04313332883207386 
0.9469734867433717 0.04294212153181508 
0.9474737368684342 0.042746683368284424 
0.9479739869934967 0.042546981224299014 
0.9484742371185592 0.042342983097806625 
0.9489744872436218 0.042134658139284686 
0.9494747373686843 0.04192197668832377 
0.9499749874937468 0.04170491030935084 
0.9504752376188094 0.04148343182642677 
0.9509754877438719 0.04125751535707674 
0.9514757378689344 0.04102713634509931 
0.951975987993997 0.04079227159230842 
0.9524762381190595 0.040552899289169345 
0.952976488244122 0.04030899904427609 
0.9534767383691846 0.04006055191264289 
0.9539769884942471 0.039807540422765304 
0.9544772386193096 0.03954994860242174 
0.9549774887443722 0.03928776200318137 
0.9554777388694347 0.039020967723593744 
0.9559779889944972 0.03874955443103238 
0.9564782391195598 0.038473512382172836 
0.9569784892446223 0.03819283344208057 
0.9574787393696848 0.03790751110190039 
0.9579789894947474 0.03761754049512846 
0.9584792396198099 0.037322918412455476 
0.9589794897448723 0.03702364331517965 
0.9594797398699348 0.03671971534717845 
0.9599799899949975 0.03641113634544043 
0.96048024012006 0.036097909849157256 
0.9609804902451224 0.035780041107382345 
0.961480740370185 0.035457537085255876 
0.9619809904952475 0.035130406468812464 
0.96248124062031 0.034798659668378244 
0.9629814907453726 0.034462308820573405 
0.9634817408704351 0.03412136778893623 
0.9639819909954976 0.03377585216318483 
0.9644822411205602 0.03342577925713994 
0.9649824912456227 0.03307116810533049 
0.9654827413706852 0.03271203945830605 
0.9659829914957478 0.03234841577668438 
0.9664832416208103 0.03198032122395542 
0.9669834917458728 0.03160778165808158 
0.9674837418709354 0.031230824621917164 
0.9679839919959979 0.030849479332482464 
0.9684842421210604 0.030463776669127068 
0.968984492246123 0.03007374916061164 
0.9694847423711855 0.02967943097114975 
0.969984992496248 0.02928085788544442 
0.9704852426213106 0.028878067292753485 
0.9709854927463731 0.02847109817002336 
0.9714857428714356 0.02805999106412962 
0.9719859929964981 0.027644788073261546 
0.9724862431215607 0.02722553282748974 
0.9729864932466232 0.026802270468553865 
0.9734867433716857 0.02637504762891242 
0.9739869934967483 0.025943912410086128 
0.9744872436218108 0.02550891436034282 
0.9749874937468733 0.02507010445175207 
0.9754877438719359 0.02462753505665376 
0.9759879939969984 0.0241812599235696 
0.9764882441220609 0.023731334152608096 
0.9769884942471235 0.023277814170377668 
0.977488744372186 0.022820757704463162 
0.9779889944972485 0.022360223757484424 
0.9784892446223111 0.021896272580782104 
0.9789894947473736 0.02142896564774897 
0.9794897448724361 0.020958365626855092 
0.9799899949974987 0.020484536354374895 
0.9804902451225612 0.020007542806869994 
0.9809904952476237 0.01952745107343534 
0.9814907453726863 0.0190443283277415 
0.9819909954977488 0.018558242799907067 
0.9824912456228113 0.018069263748208664 
0.9829914957478738 0.01757746143066573 
0.9834917458729364 0.01708290707651824 
0.9839919959979989 0.01658567285761151 
0.9844922461230614 0.016085831859712567 
0.984992496248124 0.015583458053776537 
0.9854927463731865 0.01507862626717862 
0.985992996498249 0.014571412154923696 
0.9864932466233116 0.01406189217085175 
0.9869934967483741 0.013550143538851415 
0.9874937468734366 0.013036244224088684 
0.9879939969984992 0.012520272904271185 
0.9884942471235617 0.012002308940942645 
0.9889944972486242 0.011482432350833242 
0.9894947473736868 0.010960723777253078 
0.9899949974987493 0.010437264461555542 
0.9904952476238118 0.009912136214658477 
0.9909954977488744 0.009385421388635577 
0.9914957478739369 0.008857202848379783 
0.9919959979989994 0.0083275639433401 
0.992496248124062 0.007796588479330248 
0.9929964982491245 0.007264360690417597 
0.993496748374187 0.006730965210880771 
0.9939969984992496 0.006196487047244694 
0.9944972486243121 0.005661011550381647 
0.9949974987493746 0.0051246243876893315 
0.9954977488744371 0.004587411515325041 
0.9959979989994997 0.0040494591505069386 
0.9964982491245622 0.003510853743872213 
0.9969984992496247 0.0029716819518860907 
0.9974987493746873 0.002432030609298165 
0.9979989994997498 0.0018919867016428638 
0.9984992496248123 0.0013516373377721335 
0.9989994997498749 0.0008110697224235024 
0.9994997498749374 0.00027037112880390406 
1.0 0.0 
