xdata ydata 
0.0 0.22791957577532931 
0.0005002501250625312 0.22792771679972007 
0.0010005002501250625 0.22794400166849754 
0.0015007503751875936 0.22796843601232764 
0.002001000500250125 0.22800102825391463 
0.0025012506253126563 0.2280417895801017 
0.003001500750375187 0.22809073390476567 
0.0035017508754377185 0.22814787782257995 
0.00400200100050025 0.22821324055374734 
0.004502251125562781 0.22828684387981843 
0.0050025012506253125 0.22836871207072937 
0.005502751375687844 0.22845887180321583 
0.006003001500750374 0.22855735207077477 
0.006503251625812906 0.2286641840853635 
0.007003501750875437 0.2287794011710457 
0.007503751875937968 0.228903038649809 
0.0080040020010005 0.22903513371979295 
0.00850425212606303 0.22917572532619118 
0.009004502251125562 0.2293248540250954 
0.009504752376188093 0.22948256184057153 
0.010005002501250625 0.22964889211527273 
0.010505252626313155 0.22982388935490433 
0.011005502751375688 0.23000759906686813 
0.011505752876438218 0.23020006759343445 
0.012006003001500749 0.23040134193978962 
0.01250625312656328 0.23061146959732765 
0.013006503251625811 0.2308304983625606 
0.013506753376688344 0.23105847615203232 
0.014007003501750874 0.23129545081362873 
0.014507253626813406 0.23154146993468655 
0.015007503751875937 0.23179658064730949 
0.015507753876938469 0.23206082943130416 
0.016008004002001 0.23233426191515877 
0.01650825412706353 0.23261692267548695 
0.01700850425212606 0.23290885503536513 
0.017508754377188594 0.23321010086199365 
0.018009004502251125 0.23352070036411554 
0.018509254627313655 0.23384069188962428 
0.019009504752376186 0.23417011172379457 
0.01950975487743872 0.2345089938885682 
0.02001000500250125 0.23485736994332684 
0.02051025512756378 0.23521526878757634 
0.02101050525262631 0.23558271646596918 
0.02151075537768884 0.23595973597608413 
0.022011005502751375 0.2363463470793752 
0.022511255627813906 0.23674256611570108 
0.023011505752876436 0.23714840582183083 
0.023511755877938967 0.23756387515432414 
0.024012006003001497 0.23798897911716607 
0.02451225612806403 0.23842371859452952 
0.02501250625312656 0.23886809018903452 
0.025512756378189092 0.23932208606585065 
0.026013006503251623 0.23978569380298775 
0.026513256628314157 0.2402588962481014 
0.027013506753376687 0.24074167138212782 
0.027513756878439218 0.24123399219004932 
0.028014007003501748 0.2417358265390773 
0.02851425712856428 0.2422471370645228 
0.029014507253626812 0.24276788106361094 
0.029514757378689343 0.24329801039747737 
0.030015007503751873 0.2438374714015712 
0.030515257628814404 0.24438620480466622 
0.031015507753876938 0.24494414565667272 
0.03151575787893947 0.2455112232654145 
0.032016008004002 0.246087361142526 
0.03251625812906453 0.2466724769586016 
0.03301650825412706 0.2472664825077094 
0.03351675837918959 0.24786928368136582 
0.03401700850425212 0.24848078045204622 
0.03451725862931466 0.24910086686628766 
0.03501750875437719 0.2497294310474196 
0.03551775887943972 0.2503663552079423 
0.03601800900450225 0.25101151567154667 
0.03651825912956478 0.25166478290475935 
0.03701850925462731 0.25232602155816597 
0.03751875937968984 0.2529950905171577 
0.03801900950475237 0.25367184296211714 
0.0385192596298149 0.2543561264379528 
0.03901950975487744 0.25504778293285396 
0.03951975987993997 0.25574664896614546 
0.0400200100050025 0.2564525556850767 
0.04052026013006503 0.25716532897038435 
0.04102051025512756 0.2578847895504367 
0.04152076038019009 0.2586107531237562 
0.04202101050525262 0.25934303048970353 
0.04252126063031515 0.2600814276870842 
0.04302151075537768 0.26082574614042886 
0.04352176088044022 0.26157578281368354 
0.04402201100550275 0.26233133037103 
0.04452226113056528 0.2630921773445445 
0.04502251125562781 0.2638581083083935 
0.04552276138069034 0.2646289040592467 
0.04602301150575287 0.26540434180258526 
0.0465232616308154 0.2661841953445647 
0.047023511755877934 0.2669682352890902 
0.047523761880940464 0.2677562292397457 
0.048024012006002995 0.2685479420062174 
0.04852426213106553 0.26934313581484154 
0.04902451225612806 0.27014157052290094 
0.04952476238119059 0.27094300383628955 
0.05002501250625312 0.27174719153015897 
0.050525262631315654 0.27255388767216304 
0.051025512756378184 0.2733628448479027 
0.051525762881440715 0.27417381438818295 
0.052026013006503245 0.2749865465976884 
0.052526263131565776 0.27580079098467924 
0.05302651325662831 0.2766162964913213 
0.053526763381690844 0.2774328117242518 
0.054027013506753374 0.278250085184999 
0.054527263631815905 0.27906786549986545 
0.055027513756878435 0.27988590164889554 
0.055527763881940966 0.2807039431935515 
0.056028014007003496 0.28152174050272855 
0.056528264132066026 0.282339044976741 
0.05702851425712856 0.2831556092689287 
0.057528764382191094 0.28397118750453004 
0.058029014507253625 0.28478553549648516 
0.058529264632316155 0.2855984109578366 
0.059029514757378686 0.28640957371040804 
0.059529764882441216 0.28721878588944794 
0.06003001500750375 0.2880258121439462 
0.06053026513256628 0.28883041983232655 
0.06103051525762881 0.28963237921324886 
0.06153076538269134 0.2904314636312511 
0.062031015507753876 0.29122744969698855 
0.0625312656328164 0.29202011746182743 
0.06303151575787894 0.292809250586576 
0.06353176588294146 0.2935946365041419 
0.064032016008004 0.2943760665759227 
0.06453226613306653 0.29515333624175294 
0.06503251625812906 0.295926245163238 
0.0655327663831916 0.29669459736033277 
0.06603301650825412 0.2974582013410224 
0.06653326663331666 0.2982168702239966 
0.06703351675837918 0.29897042185420286 
0.06753376688344172 0.29971867891119947 
0.06803401700850424 0.30046146901022835 
0.06853426713356678 0.30119862479595433 
0.06903451725862932 0.3019299840288248 
0.06953476738369184 0.30265538966402256 
0.07003501750875438 0.3033746899229996 
0.0705352676338169 0.3040877383575903 
0.07103551775887944 0.30479439390672175 
0.07153576788394196 0.30549452094574836 
0.0720360180090045 0.3061879893284554 
0.07253626813406702 0.306874674421786 
0.07303651825912956 0.30755445713336155 
0.0735367683841921 0.3082272239318756 
0.07403701850925462 0.3088928668604578 
0.07453726863431716 0.30955128354311007 
0.07503751875937968 0.31020237718433136 
0.07553776888444222 0.31084605656206277 
0.07603801900950474 0.31148223601408187 
0.07653826913456728 0.31211083541800216 
0.0770385192596298 0.31273178016502684 
0.07753876938469234 0.31334500112762514 
0.07803901950975488 0.31395043462130173 
0.0785392696348174 0.3145480223606404 
0.07903951975987994 0.3151377114098082 
0.07953976988494246 0.3157194541277123 
0.080040020010005 0.3162932081080095 
0.08054027013506752 0.3168589361141716 
0.08104052026013006 0.31741660600981336 
0.08154077038519258 0.3179661906844972 
0.08204102051025512 0.3185076679752295 
0.08254127063531766 0.3190410205838633 
0.08304152076038018 0.31956623599063294 
0.08354177088544272 0.3200833063640379 
0.08404202101050524 0.32059222846730057 
0.08454227113556778 0.3210930035616196 
0.0850425212606303 0.32158563730644435 
0.08554277138569284 0.32207013965698933 
0.08604302151075537 0.32254652475921475 
0.0865432716358179 0.3230148108424871 
0.08704352176088044 0.32347502011014434 
0.08754377188594296 0.32392717862817394 
0.0880440220110055 0.32437131621222187 
0.08854427213606803 0.32480746631313995 
0.08904452226113056 0.32523566590127345 
0.08954477238619309 0.325655955349697 
0.09004502251125562 0.3260683783165893 
0.09054527263631815 0.3264729816269441 
0.09104552276138068 0.32686981515379954 
0.09154577288644322 0.32725893169917325 
0.09204602301150575 0.3276403868748759 
0.09254627313656828 0.32801423898337567 
0.0930465232616308 0.3283805488988773 
0.09354677338669334 0.3287393799487761 
0.09404702351175587 0.3290907977956397 
0.0945472736368184 0.32943487031986124 
0.09504752376188093 0.3297716675031261 
0.09554777388694347 0.3301012613128255 
0.09604802401200599 0.33042372558754324 
0.09654827413706853 0.3307391359237344 
0.09704852426213106 0.33104756956371373 
0.09754877438719359 0.3313491052850541 
0.09804902451225612 0.3316438232915042 
0.09854927463731865 0.33193180510551124 
0.09904952476238119 0.3322131334624412 
0.09954977488744371 0.33248789220657726 
0.10005002501250625 0.3327561661889704 
0.10055027513756877 0.33301804116721173 
0.10105052526263131 0.3332736037071895 
0.10155077538769385 0.33352294108688985 
0.10205102551275637 0.3337661412022896 
0.1025512756378189 0.33400329247538973 
0.10305152576288143 0.3342344837644309 
0.10355177588794397 0.3344598042763241 
0.10405202601300649 0.3346793434813308 
0.10455227613806903 0.334893191030016 
0.10505252626313155 0.33510143667249764 
0.10555277638819409 0.3353041701800092 
0.10605302651325663 0.3355014812687898 
0.10655327663831915 0.33569345952630936 
0.10705352676338169 0.3358801943398386 
0.10755377688844421 0.33606177482736127 
0.10805402701350675 0.3362382897708341 
0.10855427713856927 0.3364098275517855 
0.10905452726363181 0.3365764760892504 
0.10955477738869433 0.336738322780032 
0.11005502751375687 0.33689545444127666 
0.11055527763881941 0.33704795725535136 
0.11105552776388193 0.3371959167170093 
0.11155577788894447 0.3373394175828228 
0.11205602801400699 0.33747854382286846 
0.11255627813906953 0.33761337857464335 
0.11305652826413205 0.33774400409919025 
0.11355677838919459 0.33787050173941124 
0.11405702851425711 0.337992951880544 
0.11455727863931965 0.33811143391277876 
0.11505752876438219 0.3382260261959884 
0.11555777888944471 0.3383368060265494 
0.11605802901450725 0.3384438496062238 
0.11655827913956977 0.33854723201307774 
0.11705852926463231 0.33864702717440914 
0.11755877938969483 0.33874330784165646 
0.11805902951475737 0.3388361455672618 
0.1185592796398199 0.3389256106834597 
0.11905952976488243 0.33901177228296403 
0.11955977988994497 0.3390946982015243 
0.1200600300150075 0.33917445500232357 
0.12056028014007003 0.3392511079621893 
0.12106053026513255 0.33932472105958766 
0.12156078039019509 0.3393953569643735 
0.12206103051525762 0.3394630770292676 
0.12256128064032015 0.3395279412830283 
0.12306153076538268 0.339590008425294 
0.12356178089044521 0.33964933582306095 
0.12406203101550775 0.3397059795087705 
0.12456228114057027 0.33975999417997377 
0.1250625312656328 0.33981143320054297 
0.12556278139069535 0.3398603486033973 
0.12606303151575787 0.339906791094716 
0.1265632816408204 0.33995081005959893 
0.12706353176588292 0.3399924535691497 
0.12756378189094547 0.3400317683889429 
0.128064032016008 0.34006879998884126 
0.12856428214107052 0.3401035925541319 
0.12906453226613307 0.3401361889979406 
0.1295647823911956 0.3401666309748905 
0.13006503251625812 0.340194958895969 
0.13056528264132064 0.3402212119445581 
0.1310655327663832 0.340245428093598 
0.13156578289144572 0.3402676441238349 
0.13206603301650824 0.3402878956431166 
0.13256628314157076 0.34030621710669134 
0.1330665332666333 0.34032264183846633 
0.13356678339169584 0.34033720205318163 
0.13406703351675836 0.3403499288794545 
0.1345672836418209 0.3403608523836436 
0.13506753376688344 0.34037000159449166 
0.13556778389194596 0.34037740452849014 
0.13606803401700848 0.3403830882159214 
0.13656828414207103 0.34038707872752655 
0.13706853426713356 0.34038940120174477 
0.13756878439219608 0.34039007987247344 
0.13806903451725863 0.340389138097297 
0.13856928464232116 0.3403865983861269 
0.13906953476738368 0.3403824824302004 
0.1395697848924462 0.34037681113138385 
0.14007003501750875 0.3403696046317211 
0.14057028514257128 0.34036088234317524 
0.1410705352676338 0.3403506629775042 
0.14157078539269632 0.34033896457621615 
0.14207103551775888 0.34032580454054606 
0.1425712856428214 0.3403111996613999 
0.14307153576788392 0.3402951661492076 
0.14357178589294647 0.34027771966363135 
0.144072036018009 0.34025887534307386 
0.14457228614307152 0.34023864783393065 
0.14507253626813404 0.34021705131953456 
0.1455727863931966 0.34019409954873947 
0.14607303651825912 0.340169805864091 
0.14657328664332164 0.3401441832295349 
0.1470735367683842 0.34011724425761214 
0.14757378689344672 0.34008900123609814 
0.14807403701850924 0.34005946615403393 
0.14857428714357176 0.34002865072710997 
0.14907453726863432 0.33999656642236115 
0.14957478739369684 0.33996322448212807 
0.15007503751875936 0.3399286359472526 
0.1505752876438219 0.33989281167947144 
0.15107553776888444 0.33985576238296933 
0.15157578789394696 0.33981749862507016 
0.15207603801900949 0.33977803085603103 
0.15257628814407204 0.33973736942791966 
0.15307653826913456 0.3396955246125486 
0.15357678839419708 0.33965250661845053 
0.1540770385192596 0.33960832560687615 
0.15457728864432216 0.33956299170680365 
0.15507753876938468 0.3395165150289477 
0.1555777888944472 0.33946890567876187 
0.15607803901950976 0.3394201737684301 
0.15657828914457228 0.33937032942784773 
0.1570785392696348 0.33931938281459384 
0.15757878939469733 0.33926734412289955 
0.15807903951975988 0.3392142235916227 
0.1585792896448224 0.3391600315112403 
0.15907953976988493 0.3391047782298725 
0.15957978989494745 0.3390484741583577 
0.16008004002001 0.33899112977439816 
0.16058029014507252 0.3389327556258012 
0.16108054027013505 0.3388733623328415 
0.1615807903951976 0.3388129605897731 
0.16208104052026012 0.33875156116552496 
0.16258129064532265 0.33868917490361156 
0.16308154077038517 0.3386258127212977 
0.16358179089544772 0.3385614856080533 
0.16408204102051024 0.33849620462334074 
0.16458229114557277 0.33842998089377774 
0.16508254127063532 0.33836282560971814 
0.16558279139569784 0.3382947500212971 
0.16608304152076037 0.33822576543398947 
0.1665832916458229 0.3381558832037259 
0.16708354177088544 0.338085114731622 
0.16758379189594796 0.3380134714583629 
0.1680840420210105 0.337940964858301 
0.168584292146073 0.33786760643331437 
0.16908454227113556 0.3377934077064767 
0.1695847923961981 0.3377183802155932 
0.1700850425212606 0.3376425355066505 
0.17058529264632316 0.3375658851272322 
0.17108554277138568 0.3374884406199521 
0.1715857928964482 0.33741021351595163 
0.17208604302151073 0.3373312153285109 
0.17258629314657328 0.3372514575468224 
0.1730865432716358 0.33717095162997013 
0.17358679339669833 0.33708970900116036 
0.17408704352176088 0.3370077410422471 
0.1745872936468234 0.3369250590885909 
0.17508754377188593 0.3368416744242917 
0.17558779389694845 0.3367575982778309 
0.176088044022011 0.3366728418181576 
0.17658829414707353 0.3365874161512501 
0.17708854427213605 0.336501332317182 
0.17758879439719857 0.3364146012877189 
0.17808904452226113 0.33632723396447023 
0.17858929464732365 0.33623924117761533 
0.17908954477238617 0.33615063368522285 
0.17958979489744872 0.3360614221731766 
0.18009004502251125 0.33597161725572067 
0.18059029514757377 0.3358812294766331 
0.1810905452726363 0.33579026931102873 
0.18159079539769885 0.33569874716779885 
0.18209104552276137 0.335606673392683 
0.1825912956478239 0.33551405827196995 
0.18309154577288644 0.33542091203681884 
0.18359179589794897 0.33532724486819115 
0.1840920460230115 0.3352330669023808 
0.18459229614807401 0.33513838823712155 
0.18509254627313657 0.3350432189382564 
0.1855927963981991 0.33494756904694395 
0.1860930465232616 0.33485144858737825 
0.18659329664832414 0.33475486757499084 
0.1870935467733867 0.3346578360251087 
0.1875937968984492 0.33456036396203265 
0.18809404702351173 0.3344624614285015 
0.18859429714857429 0.3343641384955046 
0.1890945472736368 0.33426540527240517 
0.18959479739869933 0.3341662719173311 
0.19009504752376186 0.33406674864779246 
0.1905952976488244 0.33396684575148095 
0.19109554777388693 0.3338665735972067 
0.19159579789894945 0.33376594264592674 
0.19209604802401198 0.3336649634618143 
0.19259629814907453 0.3335636467233286 
0.19309654827413705 0.3334620032342291 
0.19359679839919958 0.3333600439344914 
0.19409704852426213 0.33325777991107414 
0.19459729864932465 0.3331552224084886 
0.19509754877438718 0.3330523828391244 
0.1955977988994497 0.3329492727932842 
0.19609804902451225 0.3328459040488771 
0.19659829914957477 0.332742288580734 
0.1970985492746373 0.3326384385694902 
0.19759879939969985 0.3325343664100007 
0.19809904952476237 0.33243008471924285 
0.1985992996498249 0.3323256063436675 
0.19909954977488742 0.3322209443659636 
0.19959979989994997 0.3321161121111967 
0.2001000500250125 0.33201112315228987 
0.20060030015007502 0.33190599131482 
0.20110055027513754 0.33180073068109384 
0.2016008004002001 0.33169535559348473 
0.20210105052526262 0.3315898806570032 
0.20260130065032514 0.33148432074108447 
0.2031015507753877 0.3313786909805722 
0.2036018009004502 0.33127300677588906 
0.20410205102551274 0.3311672837923789 
0.20460230115057526 0.33106153795881593 
0.2051025512756378 0.3309557854650762 
0.20560280140070034 0.3308500427589674 
0.20610305152576286 0.3307443265422248 
0.2066033016508254 0.33063865376567164 
0.20710355177588793 0.3305330416235592 
0.20760380190095046 0.3304275075470945 
0.20810405202601298 0.33032206919717183 
0.20860430215107553 0.33021674445632787 
0.20910455227613806 0.33011155141993925 
0.20960480240120058 0.3300065083866897 
0.2101050525262631 0.32990163384833254 
0.21060530265132565 0.3297969464787792 
0.21110555277638818 0.3296924651225484 
0.2116058029014507 0.32958820878260797 
0.21210605302651325 0.3294841966076524 
0.21260630315157578 0.32938044787885234 
0.2131065532766383 0.32927698199612215 
0.21360680340170082 0.3291738184639475 
0.21410705352676337 0.3290709768768221 
0.2146073036518259 0.3289684769043408 
0.21510755377688842 0.32886633827599815 
0.21560780390195097 0.32876458076574633 
0.2161080540270135 0.3286632241763622 
0.21660830415207602 0.32856228832367695 
0.21710855427713854 0.32846179302072664 
0.2176088044022011 0.3283617580618708 
0.21810905452726362 0.32826220320694044 
0.21860930465232614 0.3281631481654691 
0.21910955477738867 0.32806461258105873 
0.21960980490245122 0.3279666160159395 
0.22011005502751374 0.3278691779357749 
0.22061030515257626 0.32777231769476556 
0.22111055527763882 0.32767605452110615 
0.22161080540270134 0.327580407502846 
0.22211105552776386 0.3274853955742011 
0.22261130565282639 0.3273910375023692 
0.22311155577788894 0.3272973518748944 
0.22361180590295146 0.3272043570876237 
0.22411205602801398 0.32711207133330156 
0.22461230615307654 0.32702051259083914 
0.22511255627813906 0.3269296986153023 
0.22561280640320158 0.3268396469286475 
0.2261130565282641 0.32675037481124297 
0.22661330665332666 0.3266618992942042 
0.22711355677838918 0.32657423715257095 
0.2276138069034517 0.32648740489934863 
0.22811405702851423 0.32640141878043916 
0.22861430715357678 0.3263162947704743 
0.2291145572786393 0.32623204856956795 
0.22961480740370183 0.3261486956010027 
0.23011505752876438 0.3260662510098505 
0.2306153076538269 0.3259847296625394 
0.23111555777888942 0.32590414614736285 
0.23161580790395195 0.32582451477593155 
0.2321160580290145 0.32574584958556035 
0.23261630815407702 0.3256681643425815 
0.23311655827913955 0.3255914725465728 
0.2336168084042021 0.3255157874354814 
0.23411705852926462 0.3254411219916283 
0.23461730865432714 0.32536748894856615 
0.23511755877938967 0.3252949007987688 
0.23561780890445222 0.3252233698021219 
0.23611805902951474 0.32515290799518093 
0.23661830915457727 0.3250835272011675 
0.2371185592796398 0.3250152390406595 
0.23761880940470234 0.3249480549429426 
0.23811905952976486 0.3248819861579738 
0.2386193096548274 0.3248170437689189 
0.23911955977988994 0.32475323870521194 
0.23961980990495246 0.324690581756091 
0.240120060030015 0.3246290835845617 
0.2406203101550775 0.3245687547417289 
0.24112056028014006 0.32450960568145437 
0.24162081040520259 0.3244516467752757 
0.2421210605302651 0.3243948883275396 
0.24262131065532766 0.3243393405906842 
0.24312156078039018 0.32428501378062397 
0.2436218109054527 0.32423191809217117 
0.24412206103051523 0.3241800637144423 
0.24462231115557778 0.32412946084618843 
0.2451225612806403 0.3240801197109965 
0.24562281140570283 0.32403205057230156 
0.24612306153076535 0.32398526374815523 
0.2466233116558279 0.3239397696256982 
0.24712356178089043 0.32389557867527863 
0.24762381190595295 0.3238527014641668 
0.2481240620310155 0.3238111486698146 
0.24862431215607803 0.3237709310926119 
0.24912456228114055 0.3237320596680877 
0.24962481240620307 0.32369454547851767 
0.2501250625312656 0.32365839976388905 
0.25062531265632815 0.32362363393218463 
0.2511255627813907 0.32359025956894866 
0.2516258129064532 0.32355828844609574 
0.25212606303151575 0.32352773252993416 
0.2526263131565783 0.32349860398836877 
0.2531265632816408 0.32347091519726145 
0.25362681340670334 0.3234446787459217 
0.25412706353176584 0.32341990744170884 
0.2546273136568284 0.3233966143137267 
0.25512756378189094 0.3233748126156002 
0.25562781390695344 0.3233545158273169 
0.256128064032016 0.32333573765613355 
0.25662831415707854 0.3233184920365401 
0.25712856428214104 0.32330279312927923 
0.2576288144072036 0.32328865531942874 
0.25812906453226614 0.32327609321355044 
0.25862931465732864 0.323265121635915 
0.2591295647823912 0.3232557556238204 
0.2596298149074537 0.32324801042201506 
0.26013006503251623 0.3232419014762492 
0.2606303151575788 0.3232374444259764 
0.2611305652826413 0.3232346550962318 
0.26163081540770383 0.3232335494887165 
0.2621310655327664 0.3232341437721203 
0.2626313156578289 0.3232364542717149 
0.26313156578289143 0.3232404974582606 
0.263631815907954 0.32324628993626175 
0.2641320660330165 0.3232538484316151 
0.26463231615807903 0.32326318977869506 
0.2651325662831415 0.3232743309069254 
0.2656328164082041 0.32328728882687907 
0.2661330665332666 0.3233020806159649 
0.2666333166583291 0.32331872340374523 
0.2671335667833917 0.3233372343569437 
0.2676338169084542 0.32335763066419115 
0.2681340670335167 0.3233799295205692 
0.26863431715857927 0.3234041481120074 
0.2691345672836418 0.3234303035995842 
0.2696348174087043 0.3234584131037963 
0.27013506753376687 0.3234884936888471 
0.2706353176588294 0.32352056234701354 
0.2711355677838919 0.32355463598314554 
0.27163581790895447 0.32359073139935624 
0.27213606803401696 0.32362886527995544 
0.2726363181590795 0.32366905417668174 
0.27313656828414207 0.32371131449428403 
0.27363681840920456 0.32375566247650944 
0.2741370685342671 0.3238021141925414 
0.27463731865932967 0.3238506855239366 
0.27513756878439216 0.323901392152116 
0.2756378189094547 0.32395424954644214 
0.27613806903451726 0.32400927295293364 
0.27663831915957976 0.32406647738365524 
0.2771385692846423 0.3241258776068188 
0.2776388194097048 0.32418748813763254 
0.27813906953476736 0.3242513232299286 
0.2786393196598299 0.3243173968686031 
0.2791395697848924 0.32438572276288885 
0.27963981990995496 0.3244563143404887 
0.2801400700350175 0.32452918474259046 
0.28064032016008 0.32460434681977557 
0.28114057028514255 0.32468181312884375 
0.2816408204102051 0.3247615959305556 
0.2821410705352676 0.32484370718830835 
0.28264132066033015 0.3249281585677452 
0.28314157078539265 0.3250149614372973 
0.2836418209104552 0.3251041268696634 
0.28414207103551775 0.32519566564421326 
0.28464232116058025 0.3252895882503097 
0.2851425712856428 0.32538590489153923 
0.28564282141070535 0.32548462549083296 
0.28614307153576785 0.3255857596964587 
0.2866433216608304 0.32568931688886826 
0.28714357178589295 0.3257953061883684 
0.28764382191095544 0.32590373646359555 
0.288144072036018 0.32601461634075873 
0.28864432216108055 0.3261279542136218 
0.28914457228614304 0.32624375825418944 
0.2896448224112056 0.3263620364240578 
0.2901450725362681 0.32648279648639467 
0.29064532266133064 0.32660604601850235 
0.2911455727863932 0.32673179242492534 
0.2916458229114557 0.3268600429510528 
0.29214607303651824 0.32699080469717445 
0.2926463231615808 0.3271240846329375 
0.2931465732866433 0.3272598896121579 
0.29364682341170584 0.32739822638793636 
0.2941470735367684 0.3275391016280262 
0.2946473236618309 0.3276825219304033 
0.29514757378689344 0.3278284938389866 
0.29564782391195593 0.3279770238594551 
0.2961480740370185 0.32812811847511003 
0.29664832416208103 0.3282817841627328 
0.29714857428714353 0.32843802740838185 
0.2976488244122061 0.32859685472308403 
0.29814907453726863 0.3287582726583626 
0.29864932466233113 0.32892228782155847 
0.2991495747873937 0.3290889068908948 
0.29964982491245623 0.32925813663023545 
0.3001500750375187 0.3294299839034937 
0.3006503251625813 0.3296044556886474 
0.3011505752876438 0.3297815590913179 
0.3016508254127063 0.3299613013578701 
0.3021510755377689 0.3301436898879992 
0.30265132566283137 0.3303287322467639 
0.3031515757878939 0.330516436176035 
0.3036518259129565 0.33070680960532534 
0.30415207603801897 0.330899860661974 
0.3046523261630815 0.33109559768065855 
0.3051525762881441 0.33129402921220563 
0.30565282641320657 0.33149516403168966 
0.3061530765382691 0.3316990111457893 
0.30665332666333167 0.3319055797993957 
0.30715357678839417 0.33211487948145374 
0.3076538269134567 0.33232691993002883 
0.3081540770385192 0.33254171113659314 
0.30865432716358177 0.3327592633495268 
0.3091545772886443 0.33297958707683134 
0.3096548274137068 0.3332026930880589 
0.31015507753876936 0.3334285924154635 
0.3106553276638319 0.3336572963543784 
0.3111555777888944 0.3338888164628323 
0.31165582791395696 0.3341231645604152 
0.3121560780390195 0.33436035272641484 
0.312656328164082 0.33460039329723407 
0.31315657828914456 0.33484329886311615 
0.31365682841420706 0.33508908226419726 
0.3141570785392696 0.33533775658591414 
0.31465732866433216 0.3355893351537925 
0.31515757878939465 0.33584383152764347 
0.3156578289144572 0.33610125949520564 
0.31615807903951976 0.33636163306525735 
0.31665832916458225 0.33662496646023976 
0.3171585792896448 0.3368912741084236 
0.31765882941470736 0.33716057063565785 
0.31815907953976985 0.3374328708567365 
0.3186593296648324 0.33770818976642547 
0.3191595797898949 0.3379865425301861 
0.31965982991495745 0.3382679444746392 
0.32016008004002 0.3385524110778051 
0.3206603301650825 0.33883995795916766 
0.32116058029014505 0.3391306008695972 
0.3216608304152076 0.33942435568117557 
0.3221610805402701 0.3397212383769656 
0.32266133066533265 0.3400212650407615 
0.3231615807903952 0.34032445184686383 
0.3236618309154577 0.3406308150499149 
0.32416208104052024 0.34094037097483365 
0.32466233116558274 0.3412531360068876 
0.3251625812906453 0.3415691265819353 
0.32566283141570784 0.341888359176876 
0.32616308154077034 0.3422108503003393 
0.3266633316658329 0.3425366164836429 
0.32716358179089544 0.3428656742720517 
0.32766383191595794 0.34319804021636374 
0.3281640820410205 0.3435337308648503 
0.32866433216608304 0.34387276275557044 
0.32916458229114554 0.34421515240908773 
0.3296648324162081 0.34456091632160135 
0.33016508254127064 0.34491007095851484 
0.33066533266633313 0.3452626327484535 
0.3311655827913957 0.3456186180777449 
0.3316658329164582 0.34597804328537335 
0.33216608304152073 0.3463409246584123 
0.3326663331665833 0.3467072784279472 
0.3331665832916458 0.3470771207654834 
0.33366683341670833 0.3474504677798471 
0.3341670835417709 0.3478273355145729 
0.3346673336668334 0.3482077399457776 
0.33516758379189593 0.34859169698050996 
0.3356678339169585 0.3489792224555717 
0.336168084042021 0.34937033213679763 
0.3366683341670835 0.3497650417187808 
0.337168584292146 0.3501633668250313 
0.3376688344172086 0.3505653230085474 
0.3381690845422711 0.3509709257527858 
0.3386693346673336 0.35138019047300567 
0.3391695847923962 0.3517931325179687 
0.3396698349174587 0.35220976717196933 
0.3401700850425212 0.35263010965717095 
0.34067033516758377 0.3530541751362229 
0.3411705852926463 0.3534819787151305 
0.3416708354177088 0.35391353544634946 
0.34217108554277137 0.35434886033207735 
0.34267133566783387 0.35478796832771076 
0.3431715857928964 0.35523087434543865 
0.34367183591795897 0.35567759325794246 
0.34417208604302146 0.35612813990217024 
0.344672336168084 0.35658252908315446 
0.34517258629314657 0.3570407755778441 
0.34567283641820906 0.35750289413891706 
0.3461730865432716 0.3579688994985472 
0.34667333666833416 0.35843880637209113 
0.34717358679339666 0.35891262946166846 
0.3476738369184592 0.35939038345960694 
0.34817408704352176 0.3598720830517231 
0.34867433716858426 0.36035774292041306 
0.3491745872936468 0.36084737774752795 
0.3496748374187093 0.3613410022170093 
0.35017508754377186 0.3618386310172609 
0.3506753376688344 0.36234027884323533 
0.3511755877938969 0.36284596039821854 
0.35167583791895946 0.36335569039528903 
0.352176088044022 0.3638694835584382 
0.3526763381690845 0.36438735462333505 
0.35317658829414705 0.3649093183377257 
0.3536768384192096 0.3654353894614506 
0.3541770885442721 0.3659655827660754 
0.35467733866933465 0.36649991303412505 
0.35517758879439715 0.3670383950579172 
0.3556778389194597 0.367581043637989 
0.35617808904452225 0.3681278735811198 
0.35667833916958475 0.3686788996979454 
0.3571785892946473 0.3692341368001694 
0.35767883941970985 0.3697935996973751 
0.35817908954477234 0.3703573031934427 
0.3586793396698349 0.3709252620825811 
0.35917958979489745 0.37149749114498376 
0.35967983991995994 0.3720740051421188 
0.3601800900450225 0.37265481881166695 
0.360680340170085 0.37323994686212253 
0.36118059029514754 0.37382940396707176 
0.3616808404202101 0.3744232047591663 
0.3621810905452726 0.3750213638238096 
0.36268134067033514 0.37562389569257854 
0.3631815907953977 0.37623081483639625 
0.3636818409204602 0.3768421356584805 
0.36418209104552274 0.3774578724870909 
0.3646823411705853 0.378078039568093 
0.3651825912956478 0.3787026510573671 
0.36568284142071034 0.37933172101308454 
0.3661830915457729 0.3799652633878726 
0.3666833416708354 0.38060329202089394 
0.36718359179589793 0.3812458206298665 
0.36768384192096043 0.3818928628030414 
0.368184092046023 0.3825444319911689 
0.36868434217108553 0.3832005414994704 
0.36918459229614803 0.3838612044796418 
0.3696848424212106 0.3845264339219053 
0.37018509254627313 0.3851962426471367 
0.3706853426713356 0.38587064329908166 
0.3711855927963982 0.3865496483366807 
0.37168584292146073 0.38723327002652597 
0.3721860930465232 0.38792152043545175 
0.3726863431715858 0.3886144114232927 
0.3731865932966483 0.38931195463580237 
0.3736868434217108 0.3900141614977586 
0.3741870935467734 0.39072104320625645 
0.37468734367183587 0.39143261072419994 
0.3751875937968984 0.39214887477399774 
0.375687843921961 0.39286984583146606 
0.37618809404702347 0.39359553411994175 
0.376688344172086 0.39432594960460443 
0.37718859429714857 0.39506110198700667 
0.37768884442221107 0.39580100069980895 
0.3781890945472736 0.3965456549017095 
0.3786893446723361 0.39729507347256654 
0.37918959479739867 0.39804926500869797 
0.3796898449224612 0.3988082378183517 
0.3801900950475237 0.39957199991732556 
0.38069034517258626 0.4003405590247278 
0.3811905952976488 0.4011139225588591 
0.3816908454227113 0.4018920976331924 
0.38219109554777386 0.4026750910524347 
0.3826913456728364 0.4034629093086476 
0.3831915957978989 0.40425555857739903 
0.38369184592296146 0.4050530447139245 
0.38419209604802396 0.4058553732492699 
0.3846923461730865 0.40666254938638746 
0.38519259629814906 0.407474577996158 
0.38569284642321155 0.4082914636133061 
0.3861930965482741 0.4091132104321839 
0.38669334667333666 0.4099398223023851 
0.38719359679839915 0.41077130272416496 
0.3876938469234617 0.4116076548436287 
0.38819409704852426 0.41244888144766195 
0.38869434717358675 0.41329498495856626 
0.3891945972986493 0.41414596742837234 
0.38969484742371185 0.41500183053279927 
0.39019509754877435 0.41586257556482487 
0.3906953476738369 0.41672820342784656 
0.3911955977988994 0.417598714628392 
0.39169584792396195 0.4184741092683617 
0.3921960980490245 0.4193543870367729 
0.392696348174087 0.42023954720097745 
0.39319659829914955 0.42112958859733396 
0.3936968484242121 0.4220245096213099 
0.3941970985492746 0.4229243082169926 
0.39469734867433715 0.42382898186599377 
0.3951975987993997 0.42473852757572805 
0.3956978489244622 0.4256529418670535 
0.39619809904952474 0.42657222076126255 
0.39669834917458724 0.42749635976641226 
0.3971985992996498 0.4284253538629896 
0.39769884942471234 0.4293591974889047 
0.39819909954977484 0.4302978845238159 
0.3986993496748374 0.4312414082727802 
0.39919959979989994 0.43218976144924065 
0.39969984992496244 0.43314293615735466 
0.400200100050025 0.43410092387366966 
0.40070035017508754 0.43506371542816896 
0.40120060030015003 0.4360313009846916 
0.4017008504252126 0.43700367002075396 
0.4022011005502751 0.4379808113067897 
0.40270135067533763 0.43896271288483624 
0.4032016008004002 0.4399493620466936 
0.4037018509254627 0.4409407453115828 
0.40420210105052523 0.4419368484033444 
0.4047023511755878 0.4429376562272053 
0.4052026013006503 0.443943152846156 
0.40570285142571283 0.44495332145697797 
0.4062031015507754 0.44596814436596594 
0.4067033516758379 0.44698760296438683 
0.4072036018009004 0.44801167770372696 
0.407703851925963 0.4490403480707751 
0.4082041020510255 0.4500735925625913 
0.408704352176088 0.4511113886614185 
0.4092046023011505 0.45215371280958616 
0.4097048524262131 0.45320054038446833 
0.4102051025512756 0.45425184567354576 
0.4107053526763381 0.4553076018496363 
0.41120560280140067 0.4563677809463486 
0.4117058529264632 0.4574323538338213 
0.4122061030515257 0.4585012901948032 
0.41270635317658827 0.45957455850113915 
0.4132066033016508 0.4606521259907189 
0.4137068534267133 0.46173395864494726 
0.41420710355177587 0.4628200211667975 
0.41470735367683836 0.4639102769595052 
0.4152076038019009 0.46500468810595896 
0.41570785392696347 0.4661032153488455 
0.41620810405202596 0.4672058180716044 
0.4167083541770885 0.4683124542802447 
0.41720860430215106 0.46942308058607835 
0.41770885442721356 0.47053765218941435 
0.4182091045522761 0.471656122864269 
0.41870935467733866 0.4727784449441324 
0.41920960480240116 0.47390456930883423 
0.4197098549274637 0.4750344453725542 
0.4202101050525262 0.4761680210730089 
0.42071035517758876 0.4773052428618523 
0.4212106053026513 0.478446055696322 
0.4217108554277138 0.47959040303215955 
0.42221110555277636 0.48073822681782724 
0.4227113556778389 0.4818894674900466 
0.4232116058029014 0.4830440639706736 
0.42371185592796395 0.4842019536649263 
0.4242121060530265 0.4853630724609761 
0.424712356178089 0.486527354730908 
0.42521260630315155 0.48769473333305335 
0.4257128564282141 0.48886513961569367 
0.4262131065532766 0.4900385034221345 
0.42671335667833915 0.4912147530971347 
0.42721360680340165 0.4923938154946828 
0.4277138569284642 0.4935756159871028 
0.42821410705352675 0.4947600784754716 
0.42871435717858924 0.49594712540131747 
0.4292146073036518 0.4971366777595831 
0.42971485742871435 0.4983286551128075 
0.43021510755377684 0.49952297560650755 
0.4307153576788394 0.5007195559857076 
0.43121560780390195 0.5019183116125837 
0.43171585792896444 0.5031191564851742 
0.432216108054027 0.5043220032571117 
0.4327163581790895 0.5055267632583192 
0.43321660830415204 0.5067333465166256 
0.4337168584292146 0.5079416617802393 
0.4342171085542771 0.5091516165410185 
0.43471735867933964 0.5103631170584851 
0.4352176088044022 0.5115760683845149 
0.4357178589294647 0.512790374388634 
0.43621810905452724 0.5140059377838685 
0.4367183591795898 0.5152226601530676 
0.4372186093046523 0.5164404419756341 
0.43771885942971483 0.5176591826545973 
0.43821910955477733 0.518878780543951 
0.4387193596798399 0.5200991329761903 
0.43921960980490243 0.5213201362899721 
0.43971985992996493 0.5225416858578305 
0.4402201100550275 0.5237636761138742 
0.44072036018009003 0.5249860005813946 
0.4412206103051525 0.5262085519003176 
0.4417208604302151 0.5274312218544216 
0.44222111055527763 0.5286539013982661 
0.4427213606803401 0.5298764806837492 
0.4432216108054027 0.5310988490862417 
0.44372186093046523 0.5323208952302247 
0.4442221110555277 0.5335425070143727 
0.4447223611805903 0.5347635716360235 
0.44522261130565277 0.5359839756149773 
0.4457228614307153 0.5372036048165644 
0.4462231115557779 0.5384223444739407 
0.44672336168084037 0.5396400792095521 
0.4472236118059029 0.5408566930557256 
0.44772386193096547 0.5420720694743439 
0.44822411205602797 0.5432860913755645 
0.4487243621810905 0.5444986411355466 
0.44922461230615307 0.5457096006131507 
0.44972486243121557 0.5469188511655891 
0.4502251125562781 0.5481262736629938 
0.4507253626813406 0.549331748501885 
0.45122561280640316 0.5505351556175233 
0.4517258629314657 0.551736374495132 
0.4522261130565282 0.5529352841799756 
0.45272636318159076 0.5541317632862965 
0.4532266133066533 0.5553256900051036 
0.4537268634317158 0.5565169421108149 
0.45422711355677836 0.5577053969667677 
0.4547273636818409 0.5588909315295965 
0.4552276138069034 0.5600734223525042 
0.45572786393196596 0.5612527455874372 
0.45622811405702846 0.5624287769861921 
0.456728364182091 0.5636013919004768 
0.45722861430715356 0.5647704652809613 
0.45772886443221605 0.5659358716753453 
0.4582291145572786 0.567097485225483 
0.45872936468234116 0.5682551796636106 
0.45922961480740365 0.5694088283077111 
0.4597298649324662 0.5705583040560718 
0.46023011505752875 0.5717034793810791 
0.46073036518259125 0.5728442263223091 
0.4612306153076538 0.5739804164789648 
0.4617308654327163 0.5751119210017195 
0.46223111555777885 0.5762386105840307 
0.4627313656828414 0.5773603554529829 
0.4632316158079039 0.5784770253597268 
0.46373186593296645 0.5795884895695793 
0.464232116058029 0.580694616851857 
0.4647323661830915 0.5817952754695097 
0.46523261630815405 0.5828903331686238 
0.4657328664332166 0.5839796571678748 
0.4662331165582791 0.585063114147991 
0.46673336668334164 0.5861405702413123 
0.4672336168084042 0.5872118910215149 
0.4677338669334667 0.5882769414935709 
0.46823411705852924 0.5893355860840298 
0.46873436718359174 0.5903876886316795 
0.4692346173086543 0.5914331123786778 
0.46973486743371684 0.5924717199622171 
0.47023511755877934 0.5935033734067957 
0.4707353676838419 0.5945279341171755 
0.47123561780890444 0.5955452628720872 
0.47173586793396693 0.5965552198187589 
0.4722361180590295 0.5975576644683338 
0.47273636818409204 0.598552455692246 
0.47323661830915453 0.5995394517196148 
0.4737368684342171 0.6005185101357259 
0.4742371185592796 0.601489487881656 
0.47473736868434213 0.6024522412551052 
0.4752376188094047 0.6034066259124845 
0.4757378689344672 0.6043524968723241 
0.47623811905952973 0.6052897085200436 
0.4767383691845923 0.6062181146141419 
0.4772386193096548 0.6071375682938461 
0.47773886943471733 0.6080479220882663 
0.4782391195597799 0.608949027927098 
0.4787393696848424 0.6098407371529048 
0.4792396198099049 0.6107229005350232 
0.4797398699349674 0.6115953682851138 
0.48024012006003 0.6124579900743927 
0.4807403701850925 0.6133106150525645 
0.481240620310155 0.6141530918684803 
0.48174087043521757 0.6149852686925438 
0.4822411205602801 0.61580699324087 
0.4827413706853426 0.6166181128012225 
0.48324162081040517 0.6174184742607275 
0.4837418709354677 0.6182079241353768 
0.4842421210605302 0.6189863086013204 
0.48474237118559277 0.6197534735279457 
0.4852426213106553 0.6205092645127455 
0.4857428714357178 0.621253526917961 
0.48624312156078037 0.621986105908997 
0.48674337168584286 0.6227068464945885 
0.4872436218109054 0.6234155935687127 
0.48774387193596797 0.624112191954213 
0.48824412206103046 0.6247964864481318 
0.488744372186093 0.6254683218687123 
0.48924462231115556 0.6261275431040468 
0.48974487243621806 0.6267739951623449 
0.4902451225612806 0.6274075232237857 
0.49074537268634316 0.6280279726939176 
0.49124562281140566 0.628635189258573 
0.4917458729364682 0.6292290189402521 
0.4922461230615307 0.6298093081559403 
0.49274637318659326 0.6303759037763067 
0.4932466233116558 0.6309286531862465 
0.4937468734367183 0.6314674043467098 
0.49424712356178085 0.6319920058577745 
0.4947473736868434 0.6325023070229044 
0.4952476238119059 0.6329981579143434 
0.49574787393696845 0.6334794094395858 
0.496248124062031 0.6339459134088703 
0.4967483741870935 0.6343975226036342 
0.49724862431215605 0.6348340908458715 
0.49774887443721855 0.6352554730683295 
0.4982491245622811 0.6356615253854851 
0.49874937468734365 0.6360521051652342 
0.49924962481240615 0.6364270711012283 
0.4997498749374687 0.6367862832857965 
0.5002501250625312 0.6371296032833801 
0.5007503751875938 0.6374568942044154 
0.5012506253126563 0.6377680207795975 
0.5017508754377188 0.6380628494344495 
0.5022511255627814 0.6383412483641309 
0.5027513756878439 0.6386030876084171 
0.5032516258129064 0.6388482391267719 
0.503751875937969 0.6390765768734455 
0.5042521260630315 0.6392879768725241 
0.504752376188094 0.6394823172928593 
0.5052526263131566 0.6396594785228025 
0.5057528764382191 0.639819343244673 
0.5062531265632816 0.639961796508882 
0.5067533766883441 0.6400867258076455 
0.5072536268134067 0.6401940211482032 
0.5077538769384692 0.6402835751254765 
0.5082541270635317 0.6403552829940892 
0.5087543771885943 0.6404090427396736 
0.5092546273136568 0.6404447551493923 
0.5097548774387193 0.640462323881597 
0.5102551275637819 0.6404616555345567 
0.5107553776888444 0.6404426597141728 
0.5112556278139069 0.6404052491006141 
0.5117558779389695 0.640349339513797 
0.512256128064032 0.6402748499776353 
0.5127563781890945 0.6401817027829866 
0.5132566283141571 0.6400698235492305 
0.5137568784392196 0.6399391412843932 
0.5142571285642821 0.6397895884437609 
0.5147573786893447 0.6396211009869007 
0.5152576288144072 0.6394336184330244 
0.5157578789394697 0.6392270839146227 
0.5162581290645323 0.6390014442293045 
0.5167583791895948 0.6387566498897669 
0.5172586293146573 0.6384926551718355 
0.5177588794397199 0.6382094181605044 
0.5182591295647824 0.637906900793909 
0.5187593796898449 0.6375850689051755 
0.5192596298149074 0.6372438922620728 
0.51975987993997 0.6368833446044112 
0.5202601300650325 0.6365034036791276 
0.520760380190095 0.6361040512729959 
0.5212606303151576 0.635685273242905 
0.5217608804402201 0.6352470595436465 
0.5222611305652826 0.6347894042531617 
0.5227613806903452 0.6343123055951919 
0.5232616308154077 0.6338157659592795 
0.5237618809404702 0.6332997919180727 
0.5242621310655328 0.6327643942418911 
0.5247623811905953 0.6322095879104939 
0.5252626313156578 0.6316353921220259 
0.5257628814407204 0.6310418302990841 
0.5262631315657829 0.6304289300918786 
0.5267633816908454 0.6297967233784475 
0.527263631815908 0.62914524626189 
0.5277638819409705 0.6284745390645964 
0.528264132066033 0.6277846463194403 
0.5287643821910956 0.6270756167579112 
0.5292646323161581 0.6263475032951668 
0.5297648824412206 0.6256003630119882 
0.530265132566283 0.6248342571336197 
0.5307653826913457 0.6240492510054899 
0.5312656328164082 0.6232454140657953 
0.5317658829414706 0.6224228198149538 
0.5322661330665333 0.621581545781919 
0.5327663831915957 0.6207216734873661 
0.5332666333166582 0.61984328840375 
0.5337668834417209 0.618946479912253 
0.5342671335667833 0.6180313412566348 
0.5347673836918458 0.6170979694940028 
0.5352676338169085 0.6161464654425309 
0.535767883941971 0.6151769336261512 
0.5362681340670334 0.6141894822162529 
0.536768384192096 0.6131842229704223 
0.5372686343171585 0.6121612711682719 
0.537768884442221 0.6111207455443954 
0.5382691345672836 0.6100627682185031 
0.5387693846923461 0.6089874646227954 
0.5392696348174086 0.6078949634266259 
0.5397698849424712 0.606785396458525 
0.5402701350675337 0.6056588986256455 
0.5407703851925962 0.6045156078307091 
0.5412706353176588 0.6033556648865246 
0.5417708854427213 0.6021792134281623 
0.5422711355677838 0.6009863998228713 
0.5427713856928463 0.5997773730778261 
0.5432716358179089 0.598552284745798 
0.5437718859429714 0.5973112888288498 
0.5442721360680339 0.5960545416801583 
0.5447723861930965 0.5947822019040638 
0.545272636318159 0.5934944302544629 
0.5457728864432215 0.5921913895316577 
0.5462731365682841 0.5908732444777729 
0.5467733866933466 0.589540161670868 
0.5472736368184091 0.5881923094178663 
0.5477738869434717 0.5868298576464211 
0.5482741370685342 0.5854529777958596 
0.5487743871935967 0.5840618427073309 
0.5492746373186593 0.5826566265132879 
0.5497748874437218 0.5812375045264531 
0.5502751375687843 0.5798046531283937 
0.5507753876938469 0.5783582496578569 
0.5512756378189094 0.5768984722990014 
0.5517758879439719 0.5754254999696756 
0.5522761380690345 0.5739395122098788 
0.552776388194097 0.5724406890705606 
0.5532766383191595 0.5709292110028985 
0.5537768884442221 0.569405258748202 
0.5542771385692846 0.567869013228594 
0.5547773886943471 0.5663206554386063 
0.5552776388194096 0.5647603663378511 
0.5557778889444722 0.563188326744893 
0.5562781390695347 0.5616047172324861 
0.5567783891945972 0.5600097180243067 
0.5572786393196598 0.558403508893324 
0.5577788894447223 0.5567862690619519 
0.5582791395697848 0.5551581771041173 
0.5587793896948474 0.5535194108493738 
0.5592796398199099 0.551870147289203 
0.5597798899449724 0.5502105624856227 
0.560280140070035 0.5485408314822274 
0.5607803901950975 0.5468611282177884 
0.56128064032016 0.5451716254425266 
0.5617808904452226 0.5434724946371667 
0.5622811405702851 0.5417639059348928 
0.5627813906953476 0.5400460280462971 
0.5632816408204102 0.5383190281874265 
0.5637818909454727 0.5365830720110213 
0.5642821410705352 0.5348383235410319 
0.5647823911955978 0.5330849451104923 
0.5652826413206603 0.531323097302838 
0.5657828914457228 0.5295529388967255 
0.5662831415707853 0.5277746268144259 
0.5667833916958479 0.5259883160738488 
0.5672836418209104 0.5241941597442435 
0.5677838919459729 0.5223923089056299 
0.5682841420710355 0.520582912611988 
0.568784392196098 0.5187661178582401 
0.5692846423211605 0.516942069551056 
0.5697848924462231 0.5151109104834816 
0.5702851425712856 0.513272781313416 
0.5707853926963481 0.5114278205459348 
0.5712856428214107 0.5095761645194434 
0.5717858929464732 0.5077179473956662 
0.5722861430715357 0.5058533011534367 
0.5727863931965983 0.5039823555862679 
0.5732866433216608 0.5021052383036678 
0.5737868934467233 0.5002220747361612 
0.5742871435717859 0.4983329881439596 
0.5747873936968484 0.4964380996292375 
0.5752876438219109 0.4945375281519433 
0.5757878939469735 0.49263139054907473 
0.576288144072036 0.49071980155734973 
0.5767883941970985 0.48880287383918763 
0.5772886443221611 0.4868807180119074 
0.5777888944472236 0.48495344268005697 
0.5782891445722861 0.4830211544707646 
0.5787893946973486 0.4810839580720149 
0.5792896448224112 0.4791419562737285 
0.5797898949474737 0.4771952500115357 
0.5802901450725362 0.47524393841312335 
0.5807903951975988 0.47328811884701905 
0.5812906453226613 0.4713278869736959 
0.5817908954477238 0.4693633367988529 
0.5822911455727864 0.46739456072873586 
0.5827913956978489 0.4654216496273598 
0.5832916458229114 0.4634446928754847 
0.583791895947974 0.46146377843119796 
0.5842921460730365 0.4594789928919552 
0.584792396198099 0.4574904215579297 
0.5852926463231616 0.45549814849650544 
0.5857928964482241 0.45350225660777815 
0.5862931465732866 0.45150282769089245 
0.5867933966983492 0.4494999425110632 
0.5872936468234117 0.44749368086712865 
0.5877938969484742 0.44548412165947787 
0.5882941470735368 0.4434713429581885 
0.5887943971985993 0.4414554220712314 
0.5892946473236618 0.4394364356125842 
0.5897948974487243 0.43741445957009367 
0.5902951475737869 0.4353895693729519 
0.5907953976988494 0.43336183995862565 
0.5912956478239119 0.43133134583909916 
0.5917958979489745 0.4292981611662861 
0.592296148074037 0.4272623597964749 
0.5927963981990995 0.4252240153536692 
0.5932966483241621 0.423183201291691 
0.5937968984492246 0.4211399909549232 
0.5942971485742871 0.419094457637566 
0.5947973986993497 0.4170466746412888 
0.5952976488244122 0.4149967153311665 
0.5957978989494747 0.4129446531897934 
0.5962981490745373 0.41089056186946726 
0.5967983991995998 0.4088345152423516 
0.5972986493246623 0.40677658744852896 
0.5977988994497249 0.40471685294185095 
0.5982991495747874 0.4026553865335136 
0.5987993996998499 0.4005922634332879 
0.5992996498249125 0.3985275592883332 
0.599799899949975 0.39646135021954115 
0.6003001500750375 0.3943937128553569 
0.6008004002001001 0.3923247243630282 
0.6013006503251626 0.39025446247724893 
0.601800900450225 0.3881830055261684 
0.6023011505752875 0.38611043245472854 
0.6028014007003502 0.38403682284533097 
0.6033016508254126 0.3819622569358042 
0.6038019009504751 0.3798868156346865 
0.6043021510755378 0.3778105805338046 
0.6048024012006002 0.37573363391818204 
0.6053026513256627 0.37365605877327807 
0.6058029014507254 0.3715779387895824 
0.6063031515757878 0.3694993583646026 
0.6068034017008503 0.3674204026022732 
0.607303651825913 0.3653411573098277 
0.6078039019509754 0.36326170899218935 
0.6083041520760379 0.3611821448439281 
0.6088044022011005 0.3591025527388416 
0.609304652326163 0.35702302121723406 
0.6098049024512255 0.35494363947095353 
0.6103051525762881 0.3528644973262673 
0.6108054027013506 0.35078568522465575 
0.6113056528264131 0.3487072942016083 
0.6118059029514757 0.34662941586350693 
0.6123061530765382 0.3445521423626938 
0.6128064032016007 0.34247556637081916 
0.6133066533266633 0.3403997810505643 
0.6138069034517258 0.3383248800258468 
0.6143071535767883 0.33625095735061067 
0.6148074037018508 0.3341781074763132 
0.6153076538269134 0.33210642521821093 
0.6158079039519759 0.3300360057205631 
0.6163081540770384 0.32796694442086777 
0.616808404202101 0.3258993370132329 
0.6173086543271635 0.3238332794110143 
0.617808904452226 0.3217688677088285 
0.6183091545772886 0.31970619814405027 
0.6188094047023511 0.3176453670579257 
0.6193096548274136 0.3155864708564103 
0.6198099049524762 0.31352960597084123 
0.6203101550775387 0.3114748688185708 
0.6208104052026012 0.3094223557636682 
0.6213106553276638 0.3073721630777996 
0.6218109054527263 0.30532438690140407 
0.6223111555777888 0.3032791232052693 
0.6228114057028514 0.3012364677526121 
0.6233116558279139 0.2991965160617745 
0.6238119059529764 0.2971593633696313 
0.624312156078039 0.29512510459580593 
0.6248124062031015 0.2930938343077987 
0.625312656328164 0.2910656466871091 
0.6258129064532265 0.28904063549644715 
0.6263131565782891 0.28701889404811975 
0.6268134067033516 0.28500051517366465 
0.6273136568284141 0.2829855911948222 
0.6278139069534767 0.28097421389590477 
0.6283141570785392 0.2789664744976397 
0.6288144072036017 0.2769624636325529 
0.6293146573286643 0.2749622713219425 
0.6298149074537268 0.27296598695450686 
0.6303151575787893 0.27097369926667814 
0.6308154077038519 0.2689854963246973 
0.6313156578289144 0.2670014655084832 
0.6318159079539769 0.2650216934973279 
0.6323161580790395 0.263046266257444 
0.632816408204102 0.2610752690314012 
0.6333166583291645 0.25910878632946727 
0.6338169084542271 0.25714690192286993 
0.6343171585792896 0.2551896988389954 
0.6348174087043521 0.2532372593585325 
0.6353176588294147 0.25128966501455563 
0.6358179089544772 0.24934699659355858 
0.6363181590795397 0.24740933413842287 
0.6368184092046023 0.2454767569533101 
0.6373186593296648 0.24354934361047087 
0.6378189094547273 0.24162717195894148 
0.6383191595797898 0.23971031913511043 
0.6388194097048524 0.2377988615751233 
0.6393196598299149 0.2358928750290961 
0.6398199099549774 0.23399243457710367 
0.64032016008004 0.23209761464689574 
0.6408204102051025 0.23020848903330657 
0.641320660330165 0.22832513091930737 
0.6418209104552276 0.22644761289865056 
0.6423211605802901 0.22457600700005464 
0.6428214107053526 0.22271038471287666 
0.6433216608304152 0.22085081701420595 
0.6438219109554777 0.21899737439732495 
0.6443221610805402 0.2171501269014716 
0.6448224112056028 0.21530914414283192 
0.6453226613306653 0.21347449534670324 
0.6458229114557278 0.21164624938074975 
0.6463231615807904 0.20982447478928304 
0.6468234117058529 0.20800923982848984 
0.6473236618309154 0.20620061250253974 
0.647823911955978 0.20439866060048073 
0.6483241620810405 0.20260345173386393 
0.648824412206103 0.20081505337500571 
0.6493246623311655 0.19903353289580772 
0.6498249124562281 0.19725895760706305 
0.6503251625812906 0.19549139479816063 
0.6508254127063531 0.1937309117771084 
0.6513256628314157 0.19197757591079326 
0.6518259129564782 0.19023145466540015 
0.6523261630815407 0.1884926156469034 
0.6528264132066033 0.18676112664155195 
0.6533266633316658 0.18503705565626988 
0.6538269134567283 0.18332047095888807 
0.6543271635817909 0.1816114411181276 
0.6548274137068534 0.17991003504326025 
0.6553276638319159 0.17821632202336338 
0.6558279139569785 0.17653037176609299 
0.656328164082041 0.17485225443590163 
0.6568284142071035 0.17318204069162343 
0.6573286643321661 0.1715198017233528 
0.6578289144572286 0.1698656092885463 
0.6583291645822911 0.16821953574727627 
0.6588294147073537 0.1665816540965665 
0.6593296648324162 0.16495203800374053 
0.6598299149574787 0.16333076183872328 
0.6603301650825413 0.16171790070522352 
0.6608304152076038 0.16011353047073865 
0.6613306653326663 0.15851772779532564 
0.6618309154577288 0.15693057015907116 
0.6623311655827914 0.1553521358882108 
0.6628314157078539 0.15378250417984177 
0.6633316658329164 0.1522217551251776 
0.663831915957979 0.1506699697312886 
0.6643321660830415 0.14912722994129074 
0.664832416208104 0.1475936186529313 
0.6653326663331666 0.14606921973552386 
0.6658329164582291 0.14455411804520188 
0.6663331665832916 0.1430483994384447 
0.6668334167083542 0.14155215078383948 
0.6673336668334167 0.1400654599720503 
0.6678339169584792 0.1385884159239595 
0.6683341670835418 0.137121108596949 
0.6688344172086043 0.13566362898930306 
0.6693346673336668 0.13421606914270098 
0.6698349174587294 0.13277852214277922 
0.6703351675837919 0.1313510821177479 
0.6708354177088544 0.12993384423504054 
0.671335667833917 0.12852690469598102 
0.6718359179589795 0.12713036072846323 
0.672336168084042 0.12574431057762683 
0.6728364182091046 0.12436885349452267 
0.673336668334167 0.12300408972277026 
0.6738369184592296 0.1216501204831947 
0.674337168584292 0.120307047956454 
0.6748374187093547 0.11897497526365015 
0.6753376688344171 0.11765400644493625 
0.6758379189594796 0.11634424643612548 
0.6763381690845423 0.1150458010433086 
0.6768384192096047 0.11375877691549643 
0.6773386693346672 0.11248328151530454 
0.6778389194597298 0.11121942308768656 
0.6783391695847923 0.10996731062674941 
0.6788394197098548 0.10872705384066507 
0.6793396698349174 0.10749876311469996 
0.6798399199599799 0.10628254947239628 
0.6803401700850424 0.1050785245349319 
0.680840420210105 0.1038868004786811 
0.6813406703351675 0.10270748999102404 
0.68184092046023 0.10154070622442864 
0.6823411705852926 0.10038656274884564 
0.6828414207103551 0.09924517350245812 
0.6833416708354176 0.09811665274082747 
0.6838419209604802 0.09700111498447171 
0.6843421710855427 0.09589867496493462 
0.6848424212106052 0.09480944756938083 
0.6853426713356677 0.09373354778377224 
0.6858429214607303 0.09267109063467724 
0.6863431715857928 0.09162219112976178 
0.6868434217108553 0.09058696419702034 
0.6873436718359179 0.08956552462280067 
0.6878439219609804 0.08855798698868082 
0.6883441720860429 0.08756446560725831 
0.6888444222111055 0.0865850744569107 
0.689344672336168 0.08561992711558984 
0.6898449224612305 0.08466913669371534 
0.6903451725862931 0.08373281576622864 
0.6908454227113556 0.0828110763038747 
0.6913456728364181 0.0819040296037808 
0.6918459229614807 0.08101178621939462 
0.6923461730865432 0.08013445588985652 
0.6928464232116057 0.07927214746887302 
0.6933466733366683 0.07842496885315925 
0.6938469234617308 0.07759302691052775 
0.6943471735867933 0.07677642740769049 
0.6948474237118559 0.07597527493784755 
0.6953476738369184 0.07518967284813613 
0.6958479239619809 0.07441972316701369 
0.6963481740870435 0.07366552653164501 
0.696848424212106 0.0729271821153722 
0.6973486743371685 0.07220478755533571 
0.697848924462231 0.07149843888032505 
0.6983491745872936 0.07080823043892813 
0.6988494247123561 0.07013425482805691 
0.6993496748374186 0.06947660282191959 
0.6998499249624812 0.06883536330151184 
0.7003501750875437 0.06821062318470274 
0.7008504252126062 0.06760246735698257 
0.7013506753376688 0.06701097860294827 
0.7018509254627313 0.06643623753859143 
0.7023511755877938 0.06587832254446402 
0.7028514257128564 0.06533730969978745 
0.7033516758379189 0.0648132727175711 
0.7038519259629814 0.06430628288081347 
0.704352176088044 0.06381640897984146 
0.7048524262131065 0.06334371725086108 
0.705352676338169 0.06288827131577882 
0.7058529264632316 0.06245013212335413 
0.7063531765882941 0.06202935789174519 
0.7068534267133566 0.06162600405250607 
0.7073536768384192 0.06124012319609176 
0.7078539269634817 0.060871765018926646 
0.7083541770885442 0.06052097627209134 
0.7088544272136067 0.0601878007116773 
0.7093546773386693 0.05987227905086188 
0.7098549274637318 0.059574448913749606 
0.7103551775887943 0.05929434479102985 
0.7108554277138569 0.05903199799748863 
0.7113556778389194 0.058787436631423676 
0.7118559279639819 0.05856068553599951 
0.7123561780890445 0.058351766262579416 
0.712856428214107 0.05816069703607433 
0.7133566783391695 0.05798749272233803 
0.7138569284642321 0.057832164797642395 
0.7143571785892946 0.05769472132026256 
0.7148574287143571 0.057575166904198345 
0.7153576788394197 0.057473502695054884 
0.7158579289644822 0.05738972634810909 
0.7163581790895447 0.05732383200857766 
0.7168584292146073 0.057275810294107846 
0.7173586793396698 0.05724564827950565 
0.7178589294647323 0.05723332948371298 
0.7183591795897949 0.05723883385904651 
0.7188594297148574 0.05726213778270739 
0.7193596798399199 0.057303214050565536 
0.7198599299649825 0.05736203187322458 
0.720360180090045 0.05743855687436766 
0.7208604302151075 0.05753275109138491 
0.72136068034017 0.05764457297827889 
0.7218609304652326 0.0577739774108408 
0.7223611805902951 0.05792091569409327 
0.7228614307153576 0.05808533557198808 
0.7233616808404202 0.0582671812393474 
0.7238619309654827 0.05846639335603303 
0.7243621810905452 0.05868290906332863 
0.7248624312156078 0.058916662002517405 
0.7253626813406703 0.05916758233563238 
0.7258629314657328 0.05943559676835673 
0.7263631815907954 0.05972062857505231 
0.7268634317158579 0.060022597625886576 
0.7273636818409204 0.06034142041602957 
0.727863931965983 0.060677010096892456 
0.7283641820910455 0.06102927650937312 
0.728864432216108 0.061398126219073944 
0.7293646823411706 0.061783462553458034 
0.7298649324662331 0.062185185640903286 
0.7303651825912956 0.06260319245161647 
0.7308654327163582 0.06303737684036373 
0.7313656828414207 0.06348762959097817 
0.7318659329664832 0.0639538384625945 
0.7323661830915458 0.06443588823757086 
0.7328664332166083 0.06493366077104429 
0.7333666833416708 0.06544703504207511 
0.7338669334667333 0.06597588720632659 
0.7343671835917959 0.06652009065023087 
0.7348674337168584 0.06707951604658738 
0.7353676838419209 0.06765403141153493 
0.7358679339669835 0.06824350216285162 
0.736368184092046 0.06884779117951612 
0.7368684342171085 0.06946675886247797 
0.7373686843421711 0.07010026319658055 
0.7378689344672336 0.07074815981356918 
0.7383691845922961 0.0714103020561323 
0.7388694347173587 0.0720865410429117 
0.7393696848424212 0.07277672573441986 
0.7398699349674837 0.07348070299979922 
0.7403701850925463 0.07419831768436785 
0.7408704352176088 0.07492941267788042 
0.7413706853426713 0.07567382898344518 
0.7418709354677339 0.0764314057870309 
0.7423711855927964 0.07720198052750073 
0.7428714357178589 0.07798538896710515 
0.7433716858429215 0.07878146526237555 
0.743871935967984 0.07959004203534648 
0.7443721860930465 0.08041095044504473 
0.744872436218109 0.08124402025918454 
0.7453726863431716 0.08208907992599691 
0.745872936468234 0.0829459566461353 
0.7463731865932965 0.083814476444591 
0.7468734367183592 0.08469446424255463 
0.7473736868434216 0.08558574392916411 
0.7478739369684841 0.08648813843307031 
0.7483741870935467 0.08740146979376957 
0.7488744372186092 0.08832555923263004 
0.7493746873436717 0.08926022722356074 
0.7498749374687343 0.090205293563263 
0.7503751875937968 0.09116057744100343 
0.7508754377188593 0.09212589750785397 
0.751375687843922 0.09310107194534327 
0.7518759379689844 0.09408591853346579 
0.7523761880940469 0.09508025471799214 
0.7528764382191095 0.09608389767703614 
0.753376688344172 0.09709666438682041 
0.7538769384692345 0.09811837168659651 
0.7543771885942971 0.09914883634267527 
0.7548774387193596 0.10018787511151522 
0.7553776888444221 0.1012353048018321 
0.7558779389694847 0.10229094233568382 
0.7563781890945472 0.10335460480849508 
0.7568784392196097 0.1044261095479784 
0.7573786893446722 0.10550527417192243 
0.7578789394697348 0.10659191664480831 
0.7583791895947973 0.10768585533322482 
0.7588794397198598 0.1087869090600524 
0.7593796898449224 0.10989489715739076 
0.7598799399699849 0.11100963951819909 
0.7603801900950474 0.11213095664663238 
0.76088044022011 0.11325866970705005 
0.7613806903451725 0.11439260057167633 
0.761880940470235 0.11553257186690086 
0.7623811905952976 0.11667840701820059 
0.7628814407203601 0.11782993029367532 
0.7633816908454226 0.11898696684618124 
0.7638819409704852 0.12014934275406561 
0.7643821910955477 0.12131688506048466 
0.7648824412206102 0.12248942181130976 
0.7653826913456728 0.12366678209162142 
0.7658829414707353 0.12484879606078866 
0.7663831915957978 0.126035294986137 
0.7668834417208604 0.12722611127521524 
0.7673836918459229 0.12842107850666457 
0.7678839419709854 0.1296200314596982 
0.7683841920960479 0.13082280614220923 
0.7688844422211105 0.1320292398175116 
0.769384692346173 0.13323917102973573 
0.7698849424712355 0.13445243962788958 
0.7703851925962981 0.1356688867886114 
0.7708854427213606 0.13688835503762448 
0.7713856928464231 0.13811068826991968 
0.7718859429714857 0.1393357317686921 
0.7723861930965482 0.14056333222304593 
0.7728864432216107 0.14179333774450253 
0.7733866933466733 0.14302559788233085 
0.7738869434717358 0.14425996363772967 
0.7743871935967983 0.14549628747688928 
0.7748874437218609 0.1467344233429636 
0.7753876938469234 0.14797422666697563 
0.7758879439719859 0.14921555437769254 
0.7763881940970485 0.15045826491049868 
0.776888444222111 0.15170221821529423 
0.7773886943471735 0.1529472757634556 
0.7778889444722361 0.15419330055388436 
0.7783891945972986 0.15544015711817685 
0.7788894447223611 0.15668771152494587 
0.7793896948474237 0.1579358313833286 
0.7798899449724862 0.1591843858457014 
0.7803901950975487 0.16043324560964503 
0.7808904452226112 0.16168228291917924 
0.7813906953476738 0.1629313715653023 
0.7818909454727363 0.16418038688586187 
0.7823911955977988 0.16542920576478243 
0.7828914457228614 0.1666777066306847 
0.7833916958479239 0.1679257694549137 
0.7838919459729864 0.16917327574900715 
0.784392196098049 0.17042010856162754 
0.7848924462231115 0.17166615247497974 
0.785392696348174 0.17291129360073687 
0.7858929464732366 0.17415541957550018 
0.7863931965982991 0.1753984195558065 
0.7868934467233616 0.17664018421270394 
0.7873936968484242 0.1778806057259205 
0.7878939469734867 0.17911957777763188 
0.7883941970985492 0.18035699554585036 
0.7888944472236118 0.18159275569744934 
0.7893946973486743 0.1828267563808319 
0.7898949474737368 0.1840588972182583 
0.7903951975987994 0.18528907929784552 
0.7908954477238619 0.18651720516524126 
0.7913956978489244 0.1877431788149863 
0.791895947973987 0.18896690568157232 
0.7923961980990495 0.19018829263019577 
0.792896448224112 0.19140724794722114 
0.7933966983491745 0.19262368133034946 
0.7938969484742371 0.19383750387849996 
0.7943971985992996 0.19504862808140855 
0.7948974487243621 0.19625696780893714 
0.7953976988494247 0.19746243830010488 
0.7958979489744872 0.1986649561518327 
0.7963981990995497 0.19986443930740472 
0.7968984492246123 0.2010608070446457 
0.7973986993496748 0.20225397996381417 
0.7978989494747373 0.20344387997520194 
0.7983991995997999 0.2046304302864526 
0.7988994497248624 0.20581355538958215 
0.7993996998499249 0.20699318104770786 
0.7998999499749875 0.2081692342814832 
0.80040020010005 0.2093416433552341 
0.8009004502251125 0.2105103377627944 
0.8014007003501751 0.2116752482130452 
0.8019009504752376 0.2128363066151506 
0.8024012006003001 0.21399344606348836 
0.8029014507253627 0.21514660082228695 
0.8034017008504252 0.2162957063099542 
0.8039019509754877 0.21744069908311056 
0.8044022011005502 0.2185815168203248 
0.8049024512256128 0.2197180983055564 
0.8054027013506753 0.2208503834113064 
0.8059029514757378 0.22197831308148544 
0.8064032016008004 0.22310182931400527 
0.8069034517258629 0.2242208751430947 
0.8074037018509254 0.22533539462135596 
0.807903951975988 0.22644533280156853 
0.8084042021010505 0.22755063571824966 
0.808904452226113 0.22865125036898382 
0.8094047023511756 0.22974712469553654 
0.8099049524762381 0.2308382075647667 
0.8104052026013006 0.23192444874934867 
0.8109054527263632 0.23300579890832918 
0.8114057028514257 0.23408220956752984 
0.8119059529764882 0.23515363309981774 
0.8124062031015508 0.23622002270526607 
0.8129064532266133 0.2372813323912251 
0.8134067033516758 0.23833751695232475 
0.8139069534767384 0.23938853195043577 
0.8144072036018009 0.24043433369461326 
0.8149074537268634 0.24147487922104535 
0.815407703851926 0.24251012627304178 
0.8159079539769885 0.24354003328107887 
0.816408204102051 0.24456455934293825 
0.8169084542271134 0.2455836642039615 
0.817408704352176 0.24659730823745843 
0.8179089544772385 0.24760545242528553 
0.818409204602301 0.24860805833863894 
0.8189094547273637 0.24960508811908247 
0.8194097048524261 0.25059650445984233 
0.8199099549774886 0.25158227058740373 
0.8204102051025512 0.25256235024343415 
0.8209104552276137 0.2535367076670629 
0.8214107053526762 0.25450530757755196 
0.8219109554777388 0.25546811515738194 
0.8224112056028013 0.25642509603577995 
0.8229114557278638 0.2573762162727242 
0.8234117058529264 0.25832144234344473 
0.8239119559779889 0.2592607411234473 
0.8244122061030514 0.26019407987409027 
0.824912456228114 0.2611214262287279 
0.8254127063531765 0.2620427481794533 
0.825912956478239 0.2629580140644503 
0.8264132066033016 0.2638671925559828 
0.8269134567283641 0.26477025264903187 
0.8274137068534266 0.2656671636505988 
0.8279139569784892 0.26655789516968753 
0.8284142071035517 0.26744241710797984 
0.8289144572286142 0.2683206996512084 
0.8294147073536767 0.26919271326123745 
0.8299149574787393 0.27005842866885976 
0.8304152076038018 0.27091781686730854 
0.8309154577288643 0.2717708491064857 
0.8314157078539269 0.2726174968879072 
0.8319159579789894 0.2734577319603628 
0.8324162081040519 0.2742915263162765 
0.8329164582291145 0.2751188521887729 
0.833416708354177 0.2759396820494246 
0.8339169584792395 0.27675398860667494 
0.8344172086043021 0.27756174480492357 
0.8349174587293646 0.2783629238242476 
0.8354177088544271 0.27915749908074866 
0.8359179589794897 0.2799454442274969 
0.8364182091045522 0.28072673315604946 
0.8369184592296147 0.28150133999851795 
0.8374187093546773 0.2822692391301565 
0.8379189594797398 0.28303040517243777 
0.8384192096048023 0.2837848129965867 
0.8389194597298649 0.2845324377275385 
0.8394197098549274 0.2852732547482813 
0.8399199599799899 0.2860072397045511 
0.8404202101050524 0.2867343685098376 
0.840920460230115 0.28745461735065964 
0.8414207103551775 0.2881679626920731 
0.84192096048024 0.2888743812833643 
0.8424212106053026 0.2895738501638887 
0.8429214607303651 0.29026634666901086 
0.8434217108554276 0.2909518484360971 
0.8439219609804902 0.2916303334105242 
0.8444222111055527 0.2923017798516485 
0.8449224612306152 0.29296616633869516 
0.8454227113556778 0.29362347177652587 
0.8459229614807403 0.29427367540123084 
0.8464232116058028 0.2949167567855036 
0.8469234617308654 0.29555269584376004 
0.8474237118559279 0.29618147283694707 
0.8479239619809904 0.29680306837700215 
0.848424212106053 0.29741746343092607 
0.8489244622311155 0.29802463932441997 
0.849424712356178 0.29862457774504825 
0.8499249624812406 0.2992172607448933 
0.8504252126063031 0.2998026707426577 
0.8509254627313656 0.3003807905251821 
0.8514257128564282 0.3009516032483448 
0.8519259629814907 0.30151509243730684 
0.8524262131065532 0.3020712419860776 
0.8529264632316157 0.302620036156366 
0.8534267133566783 0.30316145957569707 
0.8539269634817408 0.30369549723476497 
0.8544272136068033 0.3042221344840023 
0.8549274637318659 0.3047413570293453 
0.8554277138569284 0.3052531509271798 
0.8559279639819909 0.30575750257844786 
0.8564282141070535 0.3062543987219074 
0.856928464232116 0.3067438264265318 
0.8574287143571785 0.3072257730830434 
0.8579289644822411 0.30770022639457395 
0.8584292146073036 0.3081671743664498 
0.8589294647323661 0.3086266052951025 
0.8594297148574287 0.30907850775610346 
0.8599299649824912 0.30952287059133354 
0.8604302151075537 0.3099596828952845 
0.8609304652326163 0.3103889340005113 
0.8614307153576788 0.3108106134622398 
0.8619309654827413 0.31122471104214533 
0.8624312156078039 0.3116312166913172 
0.8629314657328664 0.3120301205324279 
0.8634317158579289 0.3124214128411214 
0.8639319659829914 0.31280508402665125 
0.864432216108054 0.3131811246117779 
0.8649324662331165 0.31354952521196094 
0.865432716358179 0.3139102765138675 
0.8659329664832416 0.3142633692532219 
0.8664332166083041 0.314608794192028 
0.8669334667333666 0.314946542095193 
0.8674337168584292 0.3152766037065826 
0.8679339669834917 0.3155989697245375 
0.8684342171085542 0.3159136307768853 
0.8689344672336168 0.31622057739548015 
0.8694347173586793 0.31651979999030044 
0.8699349674837418 0.31681128882314197 
0.8704352176088044 0.3170950339809347 
0.8709354677338669 0.3173710253487239 
0.8714357178589294 0.3176392525823425 
0.871935967983992 0.3178997050808091 
0.8724362181090545 0.31815237195849183 
0.872936468234117 0.31839724201705955 
0.8734367183591796 0.31863430371726115 
0.8739369684842421 0.318863545150562 
0.8744372186093046 0.31908495401066767 
0.8749374687343672 0.3192985175649668 
0.8754377188594297 0.31950422262592176 
0.8759379689844922 0.31970205552243575 
0.8764382191095547 0.3198920020712229 
0.8769384692346173 0.3200740475482132 
0.8774387193596798 0.3202481766600095 
0.8779389694847423 0.32041437351542834 
0.8784392196098049 0.32057262159714606 
0.8789394697348674 0.3207229037334697 
0.8794397198599299 0.32086520207025915 
0.8799399699849925 0.32099949804301775 
0.880440220110055 0.32112577234916845 
0.8809404702351175 0.32124400492054 
0.8814407203601801 0.32135417489607376 
0.8819409704852426 0.32145626059477095 
0.882441220610305 0.321550239488893 
0.8829414707353677 0.3216360881774351 
0.8834417208604302 0.3217137823598765 
0.8839419709854927 0.32178329681022916 
0.8844422211105553 0.32184460535139553 
0.8849424712356178 0.3218976808298392 
0.8854427213606803 0.32194249509059275 
0.8859429714857429 0.3219790189526008 
0.8864432216108054 0.3220072221844165 
0.8869434717358678 0.32202707348025933 
0.8874437218609305 0.32203854043644276 
0.887943971985993 0.3220415895281869 
0.8884442221110554 0.32203618608681944 
0.8889444722361179 0.32202229427738277 
0.8894447223611806 0.3219998770766538 
0.889944972486243 0.3219688962515899 
0.8904452226113055 0.32192931233821315 
0.8909454727363681 0.3218810846209468 
0.8914457228614306 0.32182417111241507 
0.8919459729864931 0.3217585285337259 
0.8924462231115557 0.32168411229524874 
0.8929464732366182 0.3216008764779075 
0.8934467233616807 0.3215087738150051 
0.8939469734867433 0.3214077556746019 
0.8944472236118058 0.32129777204246884 
0.8949474737368683 0.32117877150563634 
0.8954477238619309 0.321050701236569 
0.8959479739869934 0.3209135069779862 
0.8964482241120559 0.320767133028362 
0.8969484742371185 0.32061152222813366 
0.897448724362181 0.3204466159466464 
0.8979489744872435 0.320272354069876 
0.8984492246123061 0.32008867498895727 
0.8989494747373686 0.3198955155895613 
0.8994497248624311 0.31969281124215965 
0.8999499749874936 0.31948049579321386 
0.9004502251125562 0.3192585015573404 
0.9009504752376187 0.31902675931048646 
0.9014507253626812 0.31878519828417495 
0.9019509754877438 0.3185337461608532 
0.9024512256128063 0.3182723290704095 
0.9029514757378688 0.3180008715878976 
0.9034517258629314 0.31771929673252824 
0.9039519759879939 0.3174275259679795 
0.9044522261130564 0.3171254792040798 
0.904952476238119 0.31681307479992227 
0.9054527263631815 0.3164902295684647 
0.905952976488244 0.31615685878267413 
0.9064532266133066 0.3158128761832727 
0.9069534767383691 0.3154581939881425 
0.9074537268634316 0.3150927229034497 
0.9079539769884942 0.3147163721365427 
0.9084542271135567 0.31432904941068346 
0.9089544772386192 0.3139306609816717 
0.9094547273636818 0.3135211116564104 
0.9099549774887443 0.3131003048134769 
0.9104552276138068 0.3126681424257468 
0.9109554777388694 0.3122245250851258 
0.9114557278639319 0.3117693520294382 
0.9119559779889944 0.3113025211715241 
0.9124562281140569 0.310823929130586 
0.9129564782391195 0.3103334712658322 
0.913456728364182 0.3098310417124594 
0.9139569784892445 0.3093165334200054 
0.9144572286143071 0.30878983819311573 
0.9149574787393696 0.30825084673474823 
0.9154577288644321 0.30769944869184657 
0.9159579789894947 0.30713553270350336 
0.9164582291145572 0.3065589864516362 
0.9169584792396197 0.30596969671418917 
0.9174587293646823 0.30536754942086836 
0.9179589794897448 0.3047524297114205 
0.9184592296148073 0.30412422199645384 
0.9189594797398699 0.3034828100207963 
0.9194597298649324 0.30282807692938235 
0.9199599799899949 0.3021599053356515 
0.9204602301150575 0.30147817739244037 
0.92096048024012 0.30078277486534016 
0.9214607303651825 0.3000735792084881 
0.9219609804902451 0.2993504716427539 
0.9224612306153076 0.298613333236279 
0.9229614807403701 0.29786204498731866 
0.9234617308654326 0.2970964879093304 
0.9239619809904952 0.29631654311824485 
0.9244622311155577 0.29552209192185785 
0.9249624812406202 0.2947130159112629 
0.9254627313656828 0.29388919705424976 
0.9259629814907453 0.2930505177905796 
0.9264632316158078 0.2921968611290489 
0.9269634817408704 0.2913281107462441 
0.9274637318659329 0.29044415108688354 
0.9279639819909954 0.28954486746564234 
0.928464232116058 0.28863014617034116 
0.9289644822411205 0.2876998745663876 
0.929464732366183 0.28675394120234526 
0.9299649824912456 0.285792235916498 
0.9304652326163081 0.2848146499442853 
0.9309654827413706 0.2838210760264682 
0.9314657328664332 0.2828114085178838 
0.9319659829914957 0.2817855434966512 
0.9324662331165582 0.2807433788736757 
0.9329664832416208 0.27968481450230354 
0.9334667333666833 0.2786097522879746 
0.9339669834917458 0.2775180962977198 
0.9344672336168084 0.27640975286933905 
0.9349674837418709 0.2752846307201103 
0.9354677338669334 0.27414264105486336 
0.9359679839919959 0.272983697673257 
0.9364682341170585 0.2718077170761018 
0.936968484242121 0.2706146185705604 
0.9374687343671835 0.26940432437407225 
0.9379689844922461 0.26817675971682936 
0.9384692346173086 0.2669318529426545 
0.9389694847423711 0.26566953560811457 
0.9394697348674337 0.2643897425797165 
0.9399699849924962 0.26309241212902384 
0.9404702351175587 0.26177748602555345 
0.9409704852426213 0.2604449096272861 
0.9414707353676838 0.25909463196865745 
0.9419709854927463 0.2577266058458801 
0.9424712356178089 0.256340787899457 
0.9429714857428714 0.2549371386937542 
0.9434717358679339 0.2535156227935027 
0.9439719859929965 0.2520762088370972 
0.944472236118059 0.25061886960658325 
0.9449724862431215 0.24914358209420803 
0.9454727363681841 0.24765032756543284 
0.9459729864932466 0.24613909161829908 
0.9464732366183091 0.24460986423906153 
0.9469734867433717 0.24306263985398485 
0.9474737368684342 0.24149741737723773 
0.9479739869934967 0.2399142002547968 
0.9484742371185592 0.23831299650429932 
0.9489744872436218 0.23669381875078008 
0.9494747373686843 0.2350566842582438 
0.9499749874937468 0.23340161495702824 
0.9504752376188094 0.2317286374669151 
0.9509754877438719 0.23003778311596684 
0.9514757378689344 0.22832908795506765 
0.951975987993997 0.22660259276814843 
0.9524762381190595 0.22485834307810515 
0.952976488244122 0.22309638914840027 
0.9534767383691846 0.22131678598036747 
0.9539769884942471 0.2195195933062367 
0.9544772386193096 0.21770487557791163 
0.9549774887443722 0.21587270195152858 
0.9554777388694347 0.214023146267846 
0.9559779889944972 0.21215628702852013 
0.9564782391195598 0.21027220736831626 
0.9569784892446223 0.2083709950233311 
0.9574787393696848 0.20645274229530036 
0.9579789894947474 0.20451754601206698 
0.9584792396198099 0.20256550748430588 
0.9589794897448723 0.20059673245859988 
0.9594797398699348 0.19861133106696127 
0.9599799899949975 0.19660941777291835 
0.96048024012006 0.19459111131427032 
0.9609804902451224 0.19255653464264424 
0.961480740370185 0.19050581485995943 
0.9619809904952475 0.18843908315195126 
0.96248124062031 0.1863564747188745 
0.9629814907453726 0.1842581287035317 
0.9634817408704351 0.18214418811676986 
0.9639819909954976 0.18001479976059373 
0.9644822411205602 0.1778701141490413 
0.9649824912456227 0.17571028542698464 
0.9654827413706852 0.17353547128700433 
0.9659829914957478 0.17134583288449948 
0.9664832416208103 0.16914153475119403 
0.9669834917458728 0.16692274470720328 
0.9674837418709354 0.16468963377181808 
0.9679839919959979 0.16244237607317963 
0.9684842421210604 0.16018114875700282 
0.968984492246123 0.15790613189451155 
0.9694847423711855 0.15561750838975677 
0.969984992496248 0.15331546388647652 
0.9704852426213106 0.1510001866746578 
0.9709854927463731 0.1486718675969647 
0.9714857428714356 0.14633069995519274 
0.9719859929964981 0.14397687941690163 
0.9724862431215607 0.14161060392238256 
0.9729864932466232 0.13923207359211107 
0.9734867433716857 0.13684149063484008 
0.9739869934967483 0.1344390592564578 
0.9744872436218108 0.1320249855697802 
0.9749874937468733 0.12959947750538936 
0.9754877438719359 0.12716274472366088 
0.9759879939969984 0.12471499852810565 
0.9764882441220609 0.1222564517801571 
0.9769884942471235 0.11978731881549744 
0.977488744372186 0.11730781536206529 
0.9779889944972485 0.11481815845982885 
0.9784892446223111 0.1123185663824316 
0.9789894947473736 0.10980925856080608 
0.9794897448724361 0.10729045550885 
0.9799899949974987 0.10476237875122468 
0.9804902451225612 0.10222525075338093 
0.9809904952476237 0.09967929485386003 
0.9814907453726863 0.09712473519893525 
0.9819909954977488 0.0945617966796576 
0.9824912456228113 0.09199070487134535 
0.9829914957478738 0.08941168597555987 
0.9834917458729364 0.08682496676460945 
0.9839919959979989 0.08423077452859763 
0.9844922461230614 0.0816293370250463 
0.984992496248124 0.07902088243109733 
0.9854927463731865 0.07640563929830871 
0.985992996498249 0.07378383651004035 
0.9864932466233116 0.07115570324141696 
0.9869934967483741 0.06852146892186357 
0.9874937468734366 0.06588136320018502 
0.9879939969984992 0.06323561591216566 
0.9884942471235617 0.06058445705064926 
0.9889944972486242 0.05792811673807364 
0.9894947473736868 0.05526682520138499 
0.9899949974987493 0.052600812749312185 
0.9904952476238118 0.04993030975191802 
0.9909954977488744 0.04725554662236862 
0.9914957478739369 0.044576753800854754 
0.9919959979989994 0.041894161740590304 
0.992496248124062 0.03920800089579227 
0.9929964982491245 0.036518501711578485 
0.993496748374187 0.033825894615674715 
0.9939969984992496 0.031130410011841005 
0.9944972486243121 0.028432278274920637 
0.9949974987493746 0.025731729747407554 
0.9954977488744371 0.023028994737420774 
0.9959979989994997 0.020324303517976167 
0.9964982491245622 0.017617886327447787 
0.9969984992496247 0.01490997337109497 
0.9974987493746873 0.012200794823536781 
0.9979989994997498 0.00949058083205334 
0.9984992496248123 0.006779561520594854 
0.9989994997498749 0.004067966994362185 
0.9994997498749374 0.0013560273448410766 
1.0 0.0 
