xdata ydata 
0.0 0.004546760340129203 
0.0005002501250625312 0.004573519069532918 
0.0010005002501250625 0.004627073308164832 
0.0015007503751875936 0.004707496387295781 
0.002001000500250125 0.0048148977336717295 
0.0025012506253126563 0.004949422187513987 
0.003001500750375187 0.005111249096834965 
0.0035017508754377185 0.00530059119118433 
0.00400200100050025 0.005517693238704297 
0.004502251125562781 0.005762830491127284 
0.0050025012506253125 0.006036306922087919 
0.005502751375687844 0.006338453264849242 
0.006003001500750374 0.006669624856258812 
0.006503251625812906 0.007030199294432981 
0.007003501750875437 0.007420573918352076 
0.007503751875937968 0.007841163118193002 
0.0080040020010005 0.008292395485851629 
0.00850425212606303 0.008774710815718642 
0.009004502251125562 0.009288556966332606 
0.009504752376188093 0.009834386594091077 
0.010005002501250625 0.010412653770705516 
0.010505252626313155 0.011023810496571447 
0.011005502751375688 0.011668303122670825 
0.011505752876438218 0.012346568694032426 
0.012006003001500749 0.013059031228150301 
0.01250625312656328 0.013806097942095037 
0.013006503251625811 0.014588155442345192 
0.013506753376688344 0.015405565891618072 
0.014007003501750874 0.016258663167190067 
0.014507253626813406 0.017147749025357872 
0.015007503751875937 0.018073089286818163 
0.015507753876938469 0.019034910057810432 
0.016008004002001 0.02003339400190046 
0.01650825412706353 0.021068676677258254 
0.01700850425212606 0.022140842954218407 
0.017508754377188594 0.02324992352779096 
0.018009004502251125 0.024395891539627547 
0.018509254627313655 0.025578659323731243 
0.019009504752376186 0.026798075289935407 
0.01950975487743872 0.02805392095886152 
0.02001000500250125 0.029345908161707467 
0.02051025512756378 0.03067367641780386 
0.02101050525262631 0.03203679050241942 
0.02151075537768884 0.0334347382167936 
0.022011005502751375 0.03486692837181678 
0.022511255627813906 0.03633268899619027 
0.023011505752876436 0.037831265779250826 
0.023511755877938967 0.039361820757966556 
0.024012006003001497 0.04092343125688652 
0.02451225612806403 0.04251508908906069 
0.02501250625312656 0.04413570002515374 
0.025512756378189092 0.045784083537135735 
0.026013006503251623 0.04745897282206828 
0.026513256628314157 0.04915901511060918 
0.027013506753376687 0.05088277226392885 
0.027513756878439218 0.05262872166178691 
0.028014007003501748 0.05439525738354264 
0.02851425712856428 0.05618069168288327 
0.029014507253626812 0.0579832567560479 
0.029514757378689343 0.059801106802304646 
0.030015007503751873 0.06163232037441337 
0.030515257628814404 0.0634749030157697 
0.031015507753876938 0.06532679017989484 
0.03151575787893947 0.06718585042689652 
0.032016008004002 0.06904988889050591 
0.03251625812906453 0.07091665100827066 
0.03301650825412706 0.07278382650648127 
0.03351675837918959 0.07464905363042088 
0.03401700850425212 0.0765099236095602 
0.03451725862931466 0.07836398534637587 
0.03501750875437719 0.08020875031656027 
0.03551775887943972 0.0820416976675059 
0.03601800900450225 0.08386027950110472 
0.03651825912956478 0.08566192632609947 
0.03701850925462731 0.08744405266445708 
0.03751875937968984 0.08920406279552774 
0.03801900950475237 0.09093935662108278 
0.0385192596298149 0.09264733563371798 
0.03901950975487744 0.09432540897055355 
0.03951975987993997 0.09597099953366946 
0.0400200100050025 0.09758155015828097 
0.04052026013006503 0.09915452980929486 
0.04102051025512756 0.10068743978658531 
0.04152076038019009 0.10217781991909579 
0.04202101050525262 0.10362325472771734 
0.04252126063031515 0.10502137953680343 
0.04302151075537768 0.10636988651416547 
0.04352176088044022 0.10766653061945929 
0.04402201100550275 0.10890913544100234 
0.04452226113056528 0.11009559890127665 
0.04502251125562781 0.1112238988116611 
0.04552276138069034 0.11229209825729342 
0.04602301150575287 0.11329835079340672 
0.0465232616308154 0.11424090543499447 
0.047023511755877934 0.11511811142223971 
0.047523761880940464 0.1159284227448071 
0.048024012006002995 0.11667040240881456 
0.04852426213106553 0.11734272643110107 
0.04902451225612806 0.11794418754626057 
0.04952476238119059 0.1184736986128356 
0.05002501250625312 0.11893029570603925 
0.050525262631315654 0.1193131408854173 
0.051025512756378184 0.11962152462694019 
0.051525762881440715 0.11985486791015804 
0.052026013006503245 0.12001272395222755 
0.052526263131565776 0.12009477958184096 
0.05302651325662831 0.12010085624734347 
0.053526763381690844 0.12003091065460533 
0.054027013506753374 0.11988503503153483 
0.054527263631815905 0.11966345701743991 
0.055027513756878435 0.11936653917679707 
0.055527763881940966 0.11899477813834206 
0.056028014007003496 0.11854880336175476 
0.056528264132066026 0.11802937553556718 
0.05702851425712856 0.1174373846112788 
0.057528764382191094 0.11677384747999711 
0.058029014507253625 0.11603990529924399 
0.058529264632316155 0.11523682047886104 
0.059029514757378686 0.11436597333621544 
0.059529764882441216 0.1134288584321375 
0.06003001500750375 0.11242708060021071 
0.06053026513256628 0.11136235068318032 
0.06103051525762881 0.11023648099133912 
0.06153076538269134 0.10905138049878693 
0.062031015507753876 0.10780904979443809 
0.0625312656328164 0.10651157580556145 
0.06303151575787894 0.10516112631248234 
0.06353176588294146 0.10375994427384423 
0.064032016008004 0.10231034198251877 
0.06453226613306653 0.1008146950728707 
0.06503251625812906 0.09927543640060676 
0.0655327663831916 0.09769504981688462 
0.06603301650825412 0.09607606385871342 
0.06653326663331666 0.09442104537793962 
0.06703351675837918 0.09273259313128804 
0.06753376688344172 0.09101333135400602 
0.06803401700850424 0.08926590333964697 
0.06853426713356678 0.08749296504842302 
0.06903451725862932 0.08569717876635348 
0.06953476738369184 0.08388120683714588 
0.07003501750875438 0.08204770548835666 
0.0705352676338169 0.08019931877290634 
0.07103551775887944 0.07833867264645157 
0.07153576788394196 0.07646836920047372 
0.0720360180090045 0.0745909810701982 
0.07253626813406702 0.07270904603564696 
0.07303651825912956 0.07082506183323008 
0.0735367683841921 0.06894148119431173 
0.07403701850925462 0.06706070712615318 
0.07453726863431716 0.06518508844952285 
0.07503751875937968 0.06331691560610912 
0.07553776888444222 0.06145841674764674 
0.07603801900950474 0.059611754117398795 
0.07653826913456728 0.057779020733329245 
0.0770385192596298 0.055962237380940215 
0.07753876938469234 0.05416334992237515 
0.07803901950975488 0.052384226926971846 
0.0785392696348174 0.05062665762702455 
0.07903951975987994 0.04889235020107269 
0.07953976988494246 0.047182930385583355 
0.080040020010005 0.04549994041445003 
0.08054027013506752 0.0438448382842862 
0.08104052026013006 0.04221899734206835 
0.08154077038519258 0.040623706190273744 
0.08204102051025512 0.039060168903280346 
0.08254127063531766 0.037529505547446426 
0.08304152076038018 0.03603275299598645 
0.08354177088544272 0.03457086602849011 
0.08404202101050524 0.03314471870373096 
0.08454227113556778 0.031755105993250474 
0.0850425212606303 0.030402745662121776 
0.08554277138569284 0.029088280382270376 
0.08604302151075537 0.02781228006278408 
0.0865432716358179 0.02657524438077324 
0.08704352176088044 0.025377605495552753 
0.08754377188594296 0.024219730928213903 
0.0880440220110055 0.023101926588039553 
0.08854427213606803 0.022024439926694474 
0.08904452226113056 0.020987463200689362 
0.08954477238619309 0.019991136822292678 
0.09004502251125562 0.019035552778822344 
0.09054527263631815 0.018120758100118137 
0.09104552276138068 0.01724675835396359 
0.09154577288644322 0.01641352114928122 
0.09204602301150575 0.015620979627103952 
0.09254627313656828 0.014869035919573666 
0.0930465232616308 0.01415756455759228 
0.09354677338669334 0.013486415808199656 
0.09404702351175587 0.012855418923307292 
0.0945472736368184 0.012264385282058164 
0.09504752376188093 0.011713111409811003 
0.09554777388694347 0.01120138185756683 
0.09604802401200599 0.010728971926541979 
0.09654827413706853 0.010295650223570757 
0.09704852426213106 0.009901181034056362 
0.09754877438719359 0.0095453265002985 
0.09804902451225612 0.009227848594196852 
0.09854927463731865 0.008948510874545798 
0.09904952476238119 0.008707080020414643 
0.09954977488744371 0.008503327133416453 
0.10005002501250625 0.008337028803020686 
0.10055027513756877 0.00820796793044238 
0.10105052526263131 0.00811593430804038 
0.10155077538769385 0.008060724952577961 
0.10205102551275637 0.008042144192115085 
0.1025512756378189 0.008060003507734816 
0.10305152576288143 0.008114121132718682 
0.10355177588794397 0.008204321413194264 
0.10405202601300649 0.008330433935661446 
0.10455227613806903 0.008492292428160816 
0.10505252626313155 0.008689733443170627 
0.10555277638819409 0.008922594831599328 
0.10605302651325663 0.009190714018473803 
0.10655327663831915 0.009493926092103724 
0.10705352676338169 0.009832061719620904 
0.10755377688844421 0.01020494490284516 
0.10805402701350675 0.01061239058941132 
0.10855427713856927 0.011054202154996156 
0.10905452726363181 0.011530168773308511 
0.10955477738869433 0.01204006269124474 
0.11005502751375687 0.012583636427259551 
0.11055527763881941 0.013160619911558147 
0.11105552776388193 0.013770717587178943 
0.11155577788894447 0.014413605491391427 
0.11205602801400699 0.015088928337099584 
0.11255627813906953 0.015796296614099564 
0.11305652826413205 0.016535283730090455 
0.11355677838919459 0.017305423211296824 
0.11405702851425711 0.018106205982401136 
0.11455727863931965 0.018937077745235658 
0.11505752876438219 0.019797436475320347 
0.11555777888944471 0.0206866300548773 
0.11605802901450725 0.021603954060394975 
0.11655827913956977 0.022548649722161376 
0.11705852926463231 0.023519902072438096 
0.11755877938969483 0.0245168382981111 
0.11805902951475737 0.025538526312734053 
0.1185592796398199 0.02658397356187294 
0.11905952976488243 0.02765212607458286 
0.11955977988994497 0.028741867772697324 
0.1200600300150075 0.02985202004838965 
0.12056028014007003 0.03098134161919401 
0.12106053026513255 0.03212852866833647 
0.12156078039019509 0.033292215276855504 
0.12206103051525762 0.03447097415256514 
0.12256128064032015 0.03566331765946741 
0.12306153076538268 0.036867699149739135 
0.12356178089044521 0.03808251459892134 
0.12406203101550775 0.03930610454342839 
0.12456228114057027 0.04053675631798065 
0.1250625312656328 0.04177270658905442 
0.12556278139069535 0.043012144178938276 
0.12606303151575787 0.04425321317350786 
0.1265632816408204 0.04549401630536949 
0.12706353176588292 0.04673261860259998 
0.12756378189094547 0.04796705129192428 
0.128064032016008 0.049195315943835125 
0.12856428214107052 0.05041538884587299 
0.12906453226613307 0.051625225589057834 
0.1295647823911956 0.052822765851306304 
0.13006503251625812 0.054005938360579146 
0.13056528264132064 0.05517266601949049 
0.1310655327663832 0.056320871172187564 
0.13156578289144572 0.0574484809934577 
0.13206603301650824 0.058553432979280194 
0.13256628314157076 0.05963368051737519 
0.1330665332666333 0.06068719851575099 
0.13356678339169584 0.06171198906678992 
0.13406703351675836 0.06270608712406547 
0.1345672836418209 0.06366756616883372 
0.13506753376688344 0.06459454384300158 
0.13556778389194596 0.06548518752534498 
0.13606803401700848 0.06633771982782469 
0.13656828414207103 0.06715042398903116 
0.13706853426713356 0.06792164914208221 
0.13756878439219608 0.06864981543469234 
0.13806903451725863 0.0693334189796401 
0.13856928464232116 0.06997103661445118 
0.13906953476738368 0.07056133044983134 
0.1395697848924462 0.07110305218717144 
0.14007003501750875 0.07159504718634221 
0.14057028514257128 0.07203625826597271 
0.1410705352676338 0.07242572921946824 
0.14157078539269632 0.0727626080311666 
0.14207103551775888 0.07304614977824003 
0.1425712856428214 0.07327571920523572 
0.14307153576788392 0.0734507929594849 
0.14357178589294647 0.07357096147701171 
0.144072036018009 0.07363593051001505 
0.14457228614307152 0.07364552228848559 
0.14507253626813404 0.07359967631003785 
0.1455727863931966 0.07349844975359159 
0.14607303651825912 0.07334201751409955 
0.14657328664332164 0.07313067185710424 
0.1470735367683842 0.07286482169349037 
0.14757378689344672 0.07254499147638684 
0.14807403701850924 0.07217181972374648 
0.14857428714357176 0.07174605717168617 
0.14907453726863432 0.071268564565214 
0.14957478739369684 0.07074031009446029 
0.15007503751875936 0.07016236648600656 
0.1505752876438219 0.069535907760318 
0.15107553776888444 0.06886220566765786 
0.15157578789394696 0.0681426258161742 
0.15207603801900949 0.06737862350709381 
0.15257628814407204 0.06657173929314014 
0.15307653826913456 0.06572359427739492 
0.15357678839419708 0.06483588517084883 
0.1540770385192596 0.063910379127828 
0.15457728864432216 0.06294890837933792 
0.15507753876938468 0.061953364685125877 
0.1555777888944472 0.06092569362593598 
0.15607803901950976 0.059867888757995764 
0.15657828914457228 0.05878198565224949 
0.1570785392696348 0.057670055841222326 
0.15757878939469733 0.05653420069666474 
0.15807903951975988 0.055376545261294714 
0.1585792896448224 0.05419923205801649 
0.15907953976988493 0.0530044148999503 
0.15957978989494745 0.05179425272446621 
0.16008004002001 0.050570903474171744 
0.16058029014507252 0.04933651804745258 
0.16108054027013505 0.04809323434073526 
0.1615807903951976 0.04684317140409083 
0.16208104052026012 0.045588423731188335 
0.16258129064532265 0.04433105570387566 
0.16308154077038517 0.04307309621088179 
0.16358179089544772 0.04181653345924393 
0.16408204102051024 0.04056330999611906 
0.16458229114557277 0.03931531795761204 
0.16508254127063532 0.03807439456016677 
0.16558279139569784 0.03684231784891842 
0.16608304152076037 0.035620802716209106 
0.1665832916458229 0.03441149720221704 
0.16708354177088544 0.03321597908836513 
0.16758379189594796 0.03203575279285295 
0.1680840420210105 0.030872246576301023 
0.168584292146073 0.02972681006412866 
0.16908454227113556 0.028600712090896135 
0.1695847923961981 0.02749513887044863 
0.1700850425212606 0.026411192494299456 
0.17058529264632316 0.025349889759299127 
0.17108554277138568 0.02431216132425508 
0.1715857928964482 0.023298851193801155 
0.17208604302151073 0.022310716526479247 
0.17258629314657328 0.021348427762681324 
0.1730865432716358 0.02041256906682905 
0.17358679339669833 0.0195036390769315 
0.17408704352176088 0.018622051953476763 
0.1745872936468234 0.017768138718477294 
0.17508754377188593 0.016942148874410753 
0.17558779389694845 0.016144252291776767 
0.176088044022011 0.015374541353041284 
0.17658829414707353 0.014633033339850759 
0.17708854427213605 0.013919673049588164 
0.17758879439719857 0.01323433562660249 
0.17808904452226113 0.012576829592782661 
0.17858929464732365 0.011946900061563381 
0.17908954477238617 0.011344232118951691 
0.17958979489744872 0.010768454354739929 
0.18009004502251125 0.010219142526736693 
0.18059029514757377 0.009695823340596158 
0.1810905452726363 0.00919797832764897 
0.18159079539769885 0.008725047803061646 
0.18209104552276137 0.008276434886635257 
0.1825912956478239 0.007851509568636252 
0.18309154577288644 0.007449612803205189 
0.18359179589794897 0.0070700606121165376 
0.1840920460230115 0.006712148181973744 
0.18459229614807401 0.006375153938296018 
0.18509254627313657 0.0060583435803989545 
0.1855927963981991 0.005760974061488048 
0.1860930465232616 0.005482297498943711 
0.18659329664832414 0.005221565000419723 
0.1870935467733867 0.0049780303920496215 
0.1875937968984492 0.004750953835790717 
0.18809404702351173 0.004539605323712077 
0.18859429714857429 0.004343268037845291 
0.1890945472736368 0.004161241565069762 
0.18959479739869933 0.003992844957380292 
0.19009504752376186 0.0038374196287924408 
0.1905952976488244 0.003694332081061765 
0.19109554777388693 0.0035629764513323914 
0.19159579789894945 0.0034427768757774755 
0.19209604802401198 0.003333189664243469 
0.19259629814907453 0.003233705281866148 
0.19309654827413705 0.00314385013456307 
0.19359679839919958 0.0030631881562489813 
0.19409704852426213 0.002991322196535227 
0.19459729864932465 0.0029278952085772135 
0.19509754877438718 0.0028725912376068637 
0.1955977988994497 0.0028251362115383136 
0.19609804902451225 0.0027852985358454954 
0.19659829914957477 0.0027528894957030594 
0.1970985492746373 0.002727763469107821 
0.19759879939969985 0.002709817955415004 
0.19809904952476237 0.0026989934243698793 
0.1985992996498249 0.002695272991328734 
0.19909954977488742 0.002698681924925536 
0.19959979989994997 0.002709286993948791 
0.2001000500250125 0.0027271956606517793 
0.20060030015007502 0.0027525551281302727 
0.20110055027513754 0.002785551249743765 
0.2016008004002001 0.002826407308865192 
0.20210105052526262 0.002875382677476673 
0.20260130065032514 0.002932771362329333 
0.2031015507753877 0.002998900447508575 
0.2036018009004502 0.0030741284423412545 
0.20410205102551274 0.003158843543604856 
0.20460230115057526 0.0032534618209839393 
0.2051025512756378 0.0033584253346525396 
0.20560280140070034 0.0034742001937486592 
0.20610305152576286 0.003601274564350733 
0.2066033016508254 0.003740156635366554 
0.20710355177588793 0.0038913725505122965 
0.20760380190095046 0.004055464314283429 
0.20810405202601298 0.004232987679517585 
0.20860430215107553 0.004424510023812355 
0.20910455227613806 0.004630608221701237 
0.20960480240120058 0.004851866519111477 
0.2101050525262631 0.005088874416217381 
0.21060530265132565 0.005342224564394017 
0.21110555277638818 0.0056125106825374175 
0.2116058029014507 0.005900325497586445 
0.21210605302651325 0.0062062587136318985 
0.21260630315157578 0.00653089501356136 
0.2131065532766383 0.0068748120967361 
0.21360680340170082 0.007238578755770246 
0.21410705352676337 0.007622752995046804 
0.2146073036518259 0.00802788019319405 
0.21510755377688842 0.008454491311340705 
0.21560780390195097 0.008903101148592952 
0.2161080540270135 0.00937420664580281 
0.21660830415207602 0.00986828523836967 
0.21710855427713854 0.010385793258495334 
0.2176088044022011 0.010927164387026912 
0.21810905452726362 0.01149280815476554 
0.21860930465232614 0.012083108492891317 
0.21910955477738867 0.012698422331954994 
0.21960980490245122 0.013339078248729198 
0.22011005502751374 0.014005375160075384 
0.22061030515257626 0.014697581062892193 
0.22111055527763882 0.015415931819142544 
0.22161080540270134 0.016160629984932576 
0.22211105552776386 0.01693184368261447 
0.22261130565282639 0.017729705514929157 
0.22311155577788894 0.018554311520262667 
0.22361180590295146 0.019405720168200052 
0.22411205602801398 0.020283951394678416 
0.22461230615307654 0.021188985676204013 
0.22511255627813906 0.02212076314276755 
0.22561280640320158 0.02307918272930872 
0.2261130565282641 0.02406410136579148 
0.22661330665332666 0.02507533320620362 
0.22711355677838918 0.026112648897046457 
0.2276138069034517 0.027175774886153074 
0.22811405702851423 0.02826439277295646 
0.22861430715357678 0.029378138701610372 
0.2291145572786393 0.03051660279866391 
0.22961480740370183 0.03167932865727865 
0.23011505752876438 0.0328658128702664 
0.2306153076538269 0.03407550461451045 
0.23111555777888942 0.03530780528960968 
0.23161580790395195 0.036562068213840004 
0.2321160580290145 0.03783759838078368 
0.23261630815407702 0.03913365228019997 
0.23311655827913955 0.040449437786918827 
0.2336168084042021 0.041784114121725204 
0.23411705852926462 0.0431367918883543 
0.23461730865432714 0.044506533190850434 
0.23511755877938967 0.04589235183563424 
0.23561780890445222 0.04729321362268702 
0.23611805902951474 0.048708036730287 
0.23661830915457727 0.05013569219772431 
0.2371185592796398 0.05157500451036827 
0.23761880940470234 0.05302475229137739 
0.23811905952976486 0.05448366910420553 
0.2386193096548274 0.05595044436989567 
0.23911955977988994 0.057423724402932766 
0.23961980990495246 0.05890211356917781 
0.240120060030015 0.060384175569108106 
0.2406203101550775 0.06186843484924859 
0.24112056028014006 0.06335337814431466 
0.24162081040520259 0.0648374561521521 
0.2421210605302651 0.06631908534312796 
0.24262131065532766 0.06779664990512195 
0.24312156078039018 0.06926850382475296 
0.2436218109054527 0.07073297310492094 
0.24412206103051523 0.07218835811815864 
0.24462231115557778 0.07363293609468335 
0.2451225612806403 0.07506496374340266 
0.24562281140570283 0.07648268000347709 
0.24612306153076535 0.07788430892337628 
0.2466233116558279 0.07926806266368111 
0.24712356178089043 0.08063214461919428 
0.24762381190595295 0.081974752655226 
0.2481240620310155 0.08329408245222338 
0.24862431215607803 0.08458833095222032 
0.24912456228114055 0.08585569989989165 
0.24962481240620307 0.08709439947032507 
0.2501250625312656 0.08830265197496001 
0.25062531265632815 0.08947869563650077 
0.2511255627813907 0.09062078842299812 
0.2516258129064532 0.09172721193069788 
0.25212606303151575 0.09279627530470538 
0.2526263131565783 0.09382631918598501 
0.2531265632816408 0.09481571967274177 
0.25362681340670334 0.09576289228378668 
0.25412706353176584 0.09666629591109983 
0.2546273136568284 0.09752443674846838 
0.25512756378189094 0.09833587218278074 
0.25562781390695344 0.09909921463433677 
0.256128064032016 0.09981313533235592 
0.25662831415707854 0.10047636801175684 
0.25712856428214104 0.10108771251722969 
0.2576288144072036 0.10164603830064722 
0.25812906453226614 0.10215028779793241 
0.25862931465732864 0.10259947967165593 
0.2591295647823912 0.10299271190585567 
0.2596298149074537 0.10332916473984675 
0.26013006503251623 0.10360810342814981 
0.2606303151575788 0.10382888081408216 
0.2611305652826413 0.10399093970504107 
0.26163081540770383 0.10409381503806095 
0.2621310655327664 0.10413713582483854 
0.2626313156578289 0.10412062686609862 
0.26313156578289143 0.10404411022590473 
0.263631815907954 0.10390750645731572 
0.2641320660330165 0.10371083557162827 
0.26463231615807903 0.10345421774434678 
0.2651325662831415 0.10313787375196368 
0.2656328164082041 0.10276212513461411 
0.2661330665332666 0.10232739408069791 
0.2666333166583291 0.10183420303061784 
0.2671335667833917 0.10128317399786937 
0.2676338169084542 0.10067502760682871 
0.2681340670335167 0.1000105818477213 
0.26863431715857927 0.09929075055039177 
0.2691345672836418 0.09851654157965287 
0.2696348174087043 0.09768905475615208 
0.27013506753376687 0.09680947950784179 
0.2706353176588294 0.0958790922582905 
0.2711355677838919 0.09489925355920478 
0.27163581790895447 0.09387140497564145 
0.27213606803401696 0.0927970657334849 
0.2726363181590795 0.09167782913981201 
0.27313656828414207 0.09051535878779915 
0.27363681840920456 0.08931138455879839 
0.2741370685342671 0.08806769843514681 
0.27463731865932967 0.08678615013815079 
0.27513756878439216 0.08546864260652388 
0.2756378189094547 0.08411712733130104 
0.27613806903451726 0.0827335995639718 
0.27663831915957976 0.08132009341519467 
0.2771385692846423 0.0798786768620102 
0.2776388194097048 0.07841144668195375 
0.27813906953476736 0.07692052333287687 
0.2786393196598299 0.07540804579758861 
0.2791395697848924 0.07387616641268574 
0.27963981990995496 0.07232704570106449 
0.2801400700350175 0.070762847227695 
0.28064032016008 0.06918573249819121 
0.28114057028514255 0.06759785591960507 
0.2816408204102051 0.06600135984266542 
0.2821410705352676 0.06439836970439068 
0.28264132066033015 0.06279098928962035 
0.28314157078539265 0.061181296129542345 
0.2836418209104552 0.05957133705474679 
0.28414207103551775 0.057963123919686214 
0.28464232116058025 0.05635862951472262 
0.2851425712856428 0.0547597836811326 
0.28564282141070535 0.05316846964358513 
0.28614307153576785 0.05158652057365519 
0.2866433216608304 0.050015716396944854 
0.28714357178589295 0.048457780855303646 
0.28764382191095544 0.04691437883452245 
0.288144072036018 0.04538711396669714 
0.28864432216108055 0.043877526515231566 
0.28914457228614304 0.042387091549192304 
0.2896448224112056 0.04091721741241628 
0.2901450725362681 0.03946924449145943 
0.29064532266133064 0.038044444285104284 
0.2911455727863932 0.03664401877679434 
0.2916458229114557 0.03526910010997096 
0.29214607303651824 0.03392075056491693 
0.2926463231615808 0.03259996283432389 
0.2931465732866433 0.03130766059344168 
0.29364682341170584 0.030044699359309018 
0.2941470735367684 0.02881186763223573 
0.2946473236618309 0.027609888311417162 
0.29514757378689344 0.02643942037528223 
0.29564782391195593 0.025301060815973008 
0.2961480740370185 0.0241953468161652 
0.29664832416208103 0.023122758155329316 
0.29714857428714353 0.022083719831472826 
0.2976488244122061 0.021078604883398976 
0.29814907453726863 0.02010773739760717 
0.29864932466233113 0.019171395683096552 
0.2991495747873937 0.01826981559657196 
0.29964982491245623 0.017403193999852698 
0.3001500750375187 0.0165716923306925 
0.3006503251625813 0.01577544026769444 
0.3011505752876438 0.015014539469590311 
0.3016508254127063 0.014289067368822033 
0.3021510755377689 0.013599080999131721 
0.30265132566283137 0.01294462083673625 
0.3031515757878939 0.012325714634615667 
0.3036518259129565 0.011742381229523858 
0.30415207603801897 0.011194634301468226 
0.3046523261630815 0.010682486065687143 
0.3051525762881441 0.010205950877485536 
0.30565282641320657 0.009765048730760704 
0.3061530765382691 0.009359808631573324 
0.30665332666333167 0.008990271828766183 
0.30715357678839417 0.008656494884351662 
0.3076538269134567 0.008358552567182062 
0.3081540770385192 0.008096540554323947 
0.30865432716358177 0.007870577925497953 
0.3091545772886443 0.007680809436993183 
0.3096548274137068 0.007527407562557447 
0.31015507753876936 0.007410574289931147 
0.3106553276638319 0.007330542662905407 
0.3111555777888944 0.007287578060054382 
0.31165582791395696 0.007281979202603459 
0.3121560780390195 0.007314078885241941 
0.312656328164082 0.007384244425069154 
0.31315657828914456 0.00749287782526563 
0.31365682841420706 0.007640415651507419 
0.3141570785392696 0.00782732862056547 
0.31465732866433216 0.008054120901979248 
0.31515757878939465 0.008321329135112458 
0.3156578289144572 0.008629521165340732 
0.31615807903951976 0.00897929450450494 
0.31665832916458225 0.00937127452216698 
0.3171585792896448 0.009806112375541624 
0.31765882941470736 0.010284482687300023 
0.31815907953976985 0.010807080981713776 
0.3186593296648324 0.011374620890820973 
0.3191595797898949 0.01198783114347753 
0.31965982991495745 0.012647452351246423 
0.32016008004002 0.013354233606132693 
0.3206603301650825 0.014108928906128432 
0.32116058029014505 0.014912293425432347 
0.3216608304152076 0.01576507964701697 
0.3221610805402701 0.016668033375947598 
0.32266133066533265 0.017621889652497332 
0.3231615807903952 0.018627368584652786 
0.3236618309154577 0.019685171120063082 
0.32416208104052024 0.02079597477784772 
0.32466233116558274 0.02196042936094883 
0.3251625812906453 0.0231791526698676 
0.32566283141570784 0.02445272623871531 
0.32616308154077034 0.025781691114458626 
0.3266633316658329 0.027166543700125154 
0.32716358179089544 0.028607731682503502 
0.32766383191595794 0.030105650064546352 
0.3281640820410205 0.03166063732227665 
0.32866433216608304 0.03327297170547666 
0.32916458229114554 0.03494286770084423 
0.3296648324162081 0.036670472675611195 
0.33016508254127064 0.03845586371884985 
0.33066533266633313 0.04029904469683258 
0.3311655827913957 0.04219994353789788 
0.3316658329164582 0.04415840976125908 
0.33216608304152073 0.04617421226314079 
0.3326663331665833 0.048247037372499454 
0.3331665832916458 0.05037648718739031 
0.33366683341670833 0.05256207820183266 
0.3341670835417709 0.05480324023173045 
0.3346673336668334 0.05709931564709957 
0.33516758379189593 0.05944955891651039 
0.3356678339169585 0.06185313646827933 
0.336168084042021 0.0643091268715532 
0.3366683341670835 0.06681652133903462 
0.337168584292146 0.06937422455168923 
0.3376688344172086 0.0719810558043618 
0.3381690845422711 0.07463575046984713 
0.3386693346673336 0.07733696177756001 
0.3391695847923962 0.08008326290160538 
0.3396698349174587 0.0828731493516982 
0.3401700850425212 0.08570504165908989 
0.34067033516758377 0.08857728834839373 
0.3411705852926463 0.09148816918498479 
0.3416708354177088 0.09443589868647352 
0.34217108554277137 0.09741862988565571 
0.34267133566783387 0.10043445833127664 
0.3431715857928964 0.10348142631195982 
0.34367183591795897 0.10655752728774985 
0.34417208604302146 0.10966071051284965 
0.344672336168084 0.11278888583238746 
0.34517258629314657 0.11593992863534631 
0.34567283641820906 0.11911168494518586 
0.3461730865432716 0.12230197662917597 
0.34667333666833416 0.12550860670701194 
0.34717358679339666 0.12872936473894442 
0.3476738369184592 0.13196203227340164 
0.34817408704352176 0.13520438833391427 
0.34867433716858426 0.1384542149250613 
0.3491745872936468 0.14170930253720124 
0.3496748374187093 0.14496745562981508 
0.35017508754377186 0.14822649807350893 
0.3506753376688344 0.15148427853098162 
0.3511755877938969 0.15473867575762634 
0.35167583791895946 0.1579876038028852 
0.352176088044022 0.1612290170939846 
0.3526763381690845 0.1644609153842848 
0.35317658829414705 0.16768134854914327 
0.3536768384192096 0.17088842121293923 
0.3541770885442721 0.17408029719168783 
0.35467733866933465 0.17725520373657308 
0.35517758879439715 0.18041143556461153 
0.3556778389194597 0.18354735866365834 
0.35617808904452225 0.186661413859976 
0.35667833916958475 0.18975212013763634 
0.3571785892946473 0.1928180777001427 
0.35767883941970985 0.19585797076576383 
0.35817908954477234 0.1988705700892345 
0.3586793396698349 0.20185473520364158 
0.35917958979489745 0.2048094163775044 
0.35967983991995994 0.20773365628323479 
0.3601800900450225 0.21062659137437748 
0.360680340170085 0.2134874529702038 
0.36118059029514754 0.2163155680474181 
0.3616808404202101 0.21911035973991394 
0.3621810905452726 0.22187134754864624 
0.36268134067033514 0.22459814726483307 
0.3631815907953977 0.22729047061077198 
0.3636818409204602 0.22994812460363576 
0.36418209104552274 0.2325710106486206 
0.3646823411705853 0.2351591233688112 
0.3651825912956478 0.23771254918004495 
0.36568284142071034 0.24023146461995737 
0.3661830915457729 0.24271613444120663 
0.3666833416708354 0.24516690947964295 
0.36718359179589793 0.2475842243089254 
0.36768384192096043 0.249968594693697 
0.368184092046023 0.25232061485406 
0.36868434217108553 0.2546409545545736 
0.36918459229614803 0.25693035603147646 
0.3696848424212106 0.25918963077219864 
0.37018509254627313 0.2614196561615642 
0.3706853426713356 0.2636213720093061 
0.3711855927963982 0.2657957769737089 
0.37168584292146073 0.26794392489629876 
0.3721860930465232 0.27006692106252417 
0.3726863431715858 0.2721659184033652 
0.3731865932966483 0.2742421136526876 
0.3736868434217108 0.2762967434750194 
0.3741870935467734 0.27833108057819655 
0.37468734367183587 0.28034642982503905 
0.3751875937968984 0.28234412435788475 
0.375687843921961 0.2843255217494119 
0.37618809404702347 0.28629200019273277 
0.376688344172086 0.2882449547432436 
0.37718859429714857 0.2901857936241868 
0.37768884442221107 0.292115934607277 
0.3781890945472736 0.29403680147914735 
0.3786893446723361 0.2959498206036977 
0.37918959479739867 0.29785641758974785 
0.3796898449224612 0.29975801407270103 
0.3801900950475237 0.3016560246181564 
0.38069034517258626 0.30355185375469823 
0.3811905952976488 0.305446893142294 
0.3816908454227113 0.30734251888197 
0.38219109554777386 0.30924008897165495 
0.3826913456728364 0.3111409409122949 
0.3831915957978989 0.3130463894675623 
0.38369184592296146 0.31495772457971444 
0.38419209604802396 0.31687620944338757 
0.3846923461730865 0.3188030787383626 
0.38519259629814906 0.3207395370216148 
0.38569284642321155 0.32268675727823304 
0.3861930965482741 0.3246458796301204 
0.38669334667333666 0.3266180102007154 
0.38719359679839915 0.32860422013334817 
0.3876938469234617 0.33060554476023934 
0.38819409704852426 0.33262298291858816 
0.38869434717358675 0.3346574964096622 
0.3891945972986493 0.3367100095963119 
0.38969484742371185 0.3387814091338792 
0.39019509754877435 0.3408725438290543 
0.3906953476738369 0.342984224620878 
0.3911955977988994 0.3451172246777377 
0.39169584792396195 0.34727227960394397 
0.3921960980490245 0.34945008774922326 
0.392696348174087 0.35165131061426025 
0.39319659829914955 0.35387657334528533 
0.3936968484242121 0.35612646531057895 
0.3941970985492746 0.35840154075169345 
0.39469734867433715 0.36070231950218884 
0.3951975987993997 0.36302928776665794 
0.3956978489244622 0.3653828989528909 
0.39619809904952474 0.36776357455011593 
0.39669834917458724 0.3701717050463617 
0.3971985992996498 0.3726076508781612 
0.39769884942471234 0.37507174340599536 
0.39819909954977484 0.3775642859090932 
0.3986993496748374 0.3800855545934564 
0.39919959979989994 0.38263579960723376 
0.39969984992496244 0.385215246057873 
0.400200100050025 0.3878240950257834 
0.40070035017508754 0.39046252456956787 
0.40120060030015003 0.39313069071822754 
0.4017008504252126 0.39582872844609246 
0.4022011005502751 0.39855675262660073 
0.40270135067533763 0.4013148589613995 
0.4032016008004002 0.40410312488163574 
0.4037018509254627 0.40692161041865316 
0.40420210105052523 0.40977035904170167 
0.4047023511755878 0.412649398460623 
0.4052026013006503 0.4155587413918296 
0.40570285142571283 0.4184983862862645 
0.4062031015507754 0.4214683180183502 
0.4067033516758379 0.4244685085352761 
0.4072036018009004 0.42749891746627955 
0.407703851925963 0.43055949269188115 
0.4082041020510255 0.4336501708732988 
0.408704352176088 0.4367708779425487 
0.4092046023011505 0.4399215295539508 
0.4097048524262131 0.4431020314980055 
0.4102051025512756 0.4463122800787805 
0.4107053526763381 0.4495521624561264 
0.41120560280140067 0.45282155695419746 
0.4117058529264632 0.4561203333378674 
0.4122061030515257 0.45944835305873355 
0.41270635317658827 0.4628054694724909 
0.4132066033016508 0.46619152802949604 
0.4137068534267133 0.46960636644038384 
0.41420710355177587 0.47304981481860103 
0.41470735367683836 0.47652169580171594 
0.4152076038019009 0.4800218246533128 
0.41570785392696347 0.48355000934724424 
0.41620810405202596 0.4871060506359285 
0.4167083541770885 0.49068974210429334 
0.41720860430215106 0.4943008702108604 
0.41770885442721356 0.4979392143173412 
0.4182091045522761 0.5016045467079834 
0.41870935467733866 0.5052966325997673 
0.41920960480240116 0.5090152301443782 
0.4197098549274637 0.5127600904227435 
0.4202101050525262 0.5165309574327404 
0.42071035517758876 0.5203275680704974 
0.4212106053026513 0.524149652105577 
0.4217108554277138 0.5279969321500979 
0.42221110555277636 0.5318691236217344 
0.4227113556778389 0.5357659347003301 
0.4232116058029014 0.5396870662777028 
0.42371185592796395 0.5436322119000735 
0.4242121060530265 0.5476010577023946 
0.424712356178089 0.5515932823337115 
0.42521260630315155 0.5556085568725723 
0.4257128564282141 0.5596465447313863 
0.4262131065532766 0.5637069015485282 
0.42671335667833915 0.5677892750669115 
0.42721360680340165 0.5718933049976695 
0.4277138569284642 0.5760186228675588 
0.42821410705352675 0.5801648518486491 
0.42871435717858924 0.5843316065688555 
0.4292146073036518 0.5885184929018861 
0.42971485742871435 0.5927251077351954 
0.43021510755377684 0.5969510387145794 
0.4307153576788394 0.6011958639641249 
0.43121560780390195 0.6054591517803083 
0.43171585792896444 0.6097404602991321 
0.432216108054027 0.6140393371353394 
0.4327163581790895 0.6183553189928586 
0.43321660830415204 0.622687931245815 
0.4337168584292146 0.6270366874896167 
0.4342171085542771 0.6314010890618035 
0.43471735867933964 0.6357806245325758 
0.4352176088044022 0.640174769165125 
0.4357178589294647 0.644582984346127 
0.43621810905452724 0.6490047169870001 
0.4367183591795898 0.6534393988967885 
0.4372186093046523 0.6578864461277772 
0.43771885942971483 0.6623452582952248 
0.43821910955477733 0.6668152178728604 
0.4387193596798399 0.6712956894660568 
0.43921960980490243 0.6757860190648761 
0.43971985992996493 0.6802855332794365 
0.4402201100550275 0.684793538560327 
0.44072036018009003 0.6893093204070445 
0.4412206103051525 0.6938321425676846 
0.4417208604302151 0.6983612462333582 
0.44222111055527763 0.7028958492310406 
0.4427213606803401 0.707435145218763 
0.4432216108054027 0.7119783028872745 
0.44372186093046523 0.7165244651724885 
0.4442221110555277 0.7210727484831728 
0.4447223611805903 0.7256222419485319 
0.44522261130565277 0.7301720066904117 
0.4457228614307153 0.7347210751250044 
0.4462231115557779 0.7392684502989889 
0.44672336168084037 0.7438131052651035 
0.4472236118059029 0.7483539825022003 
0.44772386193096547 0.7528899933848157 
0.44822411205602797 0.7574200177072841 
0.4487243621810905 0.761942903267385 
0.44922461230615307 0.7664574655144337 
0.44972486243121557 0.7709624872666216 
0.4502251125562781 0.7754567185023126 
0.4507253626813406 0.7799388762298138 
0.45122561280640316 0.7844076444400051 
0.4517258629314657 0.7888616741459666 
0.4522261130565282 0.7932995835135421 
0.45272636318159076 0.7977199580865185 
0.4532266133066533 0.8021213511098222 
0.4537268634317158 0.8065022839538319 
0.45422711355677836 0.8108612466426026 
0.4547273636818409 0.8151966984884471 
0.4552276138069034 0.819507068834964 
0.45572786393196596 0.8237907579102359 
0.45622811405702846 0.828046137791538 
0.456728364182091 0.8322715534824763 
0.45722861430715356 0.8364653241031019 
0.45772886443221605 0.8406257441930797 
0.4582291145572786 0.8447510851276123 
0.45872936468234116 0.8488395966453568 
0.45922961480740365 0.8528895084871374 
0.4597298649324662 0.856899032143848 
0.46023011505752875 0.8608663627114733 
0.46073036518259125 0.8647896808507469 
0.4612306153076538 0.8686671548485305 
0.4617308654327163 0.8724969427775896 
0.46223111555777885 0.8762771947510175 
0.4627313656828414 0.8800060552671857 
0.4632316158079039 0.8836816656406913 
0.46373186593296645 0.8873021665144267 
0.464232116058029 0.8908657004475349 
0.4647323661830915 0.894370414573678 
0.46523261630815405 0.8978144633237529 
0.4657328664332166 0.9011960112068831 
0.4662331165582791 0.9045132356432509 
0.46673336668334164 0.9077643298421052 
0.4672336168084042 0.9109475057180498 
0.4677338669334667 0.9140609968385363 
0.46823411705852924 0.9171030613953196 
0.46873436718359174 0.9200719851924994 
0.4692346173086543 0.9229660846436695 
0.46973486743371684 0.9257837097706137 
0.47023511755877934 0.9285232471959404 
0.4707353676838419 0.9311831231220327 
0.47123561780890444 0.9337618062886978 
0.47173586793396693 0.9362578109019317 
0.4722361180590295 0.9386696995262935 
0.47273636818409204 0.9409960859334711 
0.47323661830915453 0.9432356378997379 
0.4737368684342171 0.9453870799451576 
0.4742371185592796 0.947449196007555 
0.47473736868434213 0.9494208320444805 
0.4752376188094047 0.9513008985566016 
0.4757378689344672 0.9530883730262099 
0.47623811905952973 0.9547823022647813 
0.4767383691845923 0.9563818046638201 
0.4772386193096548 0.9578860723435015 
0.47773886943471733 0.959294373193954 
0.4782391195597799 0.9606060528043383 
0.4787393696848424 0.9618205362752259 
0.4792396198099049 0.962937329910129 
0.4797398699349674 0.9639560227823838 
0.48024012006003 0.9648762881739673 
0.4807403701850925 0.96569788488318 
0.481240620310155 0.9664206583985124 
0.48174087043521757 0.9670445419363851 
0.4822411205602801 0.967569557340811 
0.4827413706853426 0.9679958158434171 
0.48324162081040517 0.9683235186826161 
0.4837418709354677 0.9685529575810846 
0.4842421210605302 0.9686845150810521 
0.48474237118559277 0.9687186647372547 
0.4852426213106553 0.9686559711677373 
0.4857428714357178 0.9684970899630095 
0.48624312156078037 0.9682427674543771 
0.48674337168584286 0.9678938403425535 
0.4872436218109054 0.9674512351879458 
0.48774387193596797 0.9669159677642772 
0.48824412206103046 0.9662891422774469 
0.488744372186093 0.9655719504517657 
0.48924462231115556 0.9647656704859163 
0.48974487243621806 0.963871665881189 
0.4902451225612806 0.9628913841447161 
0.49074537268634316 0.9618263553705854 
0.49124562281140566 0.9606781907018609 
0.4917458729364682 0.9594485806766622 
0.4922461230615307 0.9581392934615466 
0.49274637318659326 0.956752172975547 
0.4932466233116558 0.9552891369082688 
0.4937468734367183 0.9537521746355216 
0.49424712356178085 0.9521433450359879 
0.4947473736868434 0.9504647742124585 
0.4952476238119059 0.9487186531211861 
0.49574787393696845 0.9469072351128943 
0.496248124062031 0.9450328333889639 
0.4967483741870935 0.9430978183763175 
0.49724862431215605 0.9411046150244563 
0.49774887443721855 0.9390557000280942 
0.4982491245622811 0.9369535989787678 
0.49874937468734365 0.9348008834487528 
0.49924962481240615 0.9326001680105634 
0.4997498749374687 0.9303541071952516 
0.5002501250625312 0.928065392392655 
0.5007503751875938 0.9257367486967001 
0.5012506253126563 0.9233709316987755 
0.5017508754377188 0.9209707242321822 
0.5022511255627814 0.9185389330705573 
0.5027513756878439 0.9160783855831718 
0.5032516258129064 0.9135919263499316 
0.503751875937969 0.9110824137388825 
0.5042521260630315 0.9085527164490014 
0.504752376188094 0.9060057100210308 
0.5052526263131566 0.9034442733191104 
0.5057528764382191 0.9008712849859598 
0.5062531265632816 0.8982896198743927 
0.5067533766883441 0.8957021454579369 
0.5072536268134067 0.8931117182234231 
0.5077538769384692 0.8905211800483991 
0.5082541270635317 0.8879333545663338 
0.5087543771885943 0.8853510435226142 
0.5092546273136568 0.8827770231244519 
0.5097548774387193 0.8802140403878952 
0.5102551275637819 0.8776648094852497 
0.5107553776888444 0.8751320080963485 
0.5112556278139069 0.8726182737672196 
0.5117558779389695 0.8701262002798448 
0.512256128064032 0.867658334036858 
0.5127563781890945 0.8652171704651707 
0.5132566283141571 0.8628051504426779 
0.5137568784392196 0.8604246567523718 
0.5142571285642821 0.8580780105683349 
0.5147573786893447 0.8557674679782804 
0.5152576288144072 0.8534952165474632 
0.5157578789394697 0.8512633719289581 
0.5162581290645323 0.8490739745254713 
0.5167583791895948 0.8469289862080164 
0.5172586293146573 0.8448302870969461 
0.5177588794397199 0.8427796724109694 
0.5182591295647824 0.8407788493899492 
0.5187593796898449 0.838829434297392 
0.5192596298149074 0.8369329495086578 
0.51975987993997 0.8350908206910392 
0.5202601300650325 0.8333043740819412 
0.520760380190095 0.8315748338714667 
0.5212606303151576 0.8299033196957666 
0.5217608804402201 0.8282908442475588 
0.5222611305652826 0.826738311010231 
0.5227613806903452 0.8252465121219165 
0.5232616308154077 0.8238161263759425 
0.5237618809404702 0.8224477173639498 
0.5242621310655328 0.8211417317679345 
0.5247623811905953 0.819898497807333 
0.5252626313156578 0.8187182238471625 
0.5257628814407204 0.8176009971730378 
0.5262631315657829 0.8165467829387231 
0.5267633816908454 0.8155554232916477 
0.527263631815908 0.8146266366815682 
0.5277638819409705 0.813760017357298 
0.528264132066033 0.8129550350561108 
0.5287643821910956 0.8122110348901118 
0.5292646323161581 0.811527237433507 
0.5297648824412206 0.8109027390143194 
0.530265132566283 0.8103365122137126 
0.5307653826913457 0.80982740657563 
0.5312656328164082 0.8093741495290269 
0.5317658829414706 0.8089753475244946 
0.5322661330665333 0.8086294873865721 
0.5327663831915957 0.8083349378825527 
0.5332666333166582 0.808089951508046 
0.5337668834417209 0.8078926664890307 
0.5342671335667833 0.8077411089995609 
0.5347673836918458 0.8076331955937501 
0.5352676338169085 0.8075667358500636 
0.535767883941971 0.8075394352253785 
0.5362681340670334 0.8075488981156983 
0.536768384192096 0.8075926311198086 
0.5372686343171585 0.8076680465015964 
0.537768884442221 0.807772465846166 
0.5382691345672836 0.8079031239043174 
0.5387693846923461 0.8080571726193886 
0.5392696348174086 0.8082316853299184 
0.5397698849424712 0.80842366114103 
0.5402701350675337 0.8086300294569373 
0.5407703851925962 0.8088476546664527 
0.5412706353176588 0.8090733409729012 
0.5417708854427213 0.8093038373593863 
0.5422711355677838 0.8095358426799074 
0.5427713856928463 0.8097660108664357 
0.5432716358179089 0.809990956241664 
0.5437718859429714 0.8102072589268011 
0.5442721360680339 0.8104114703334685 
0.5447723861930965 0.8106001187284678 
0.545272636318159 0.8107697148599529 
0.5457728864432215 0.8109167576333096 
0.5462731365682841 0.8110377398248995 
0.5467733866933466 0.8111291538216683 
0.5472736368184091 0.8111874973745311 
0.5477738869434717 0.8112092793533988 
0.5482741370685342 0.8111910254916759 
0.5487743871935967 0.8111292841081101 
0.5492746373186593 0.8110206317939084 
0.5497748874437218 0.8108616790531604 
0.5502751375687843 0.8106490758847472 
0.5507753876938469 0.8103795172940854 
0.5512756378189094 0.8100497487232878 
0.5517758879439719 0.8096565713885734 
0.5522761380690345 0.8091968475140473 
0.552776388194097 0.8086675054512977 
0.5532766383191595 0.8080655446746272 
0.5537768884442221 0.8073880406420948 
0.5542771385692846 0.8066321495130042 
0.5547773886943471 0.80579511271288 
0.5552776388194096 0.8048742613374706 
0.5557778889444722 0.8038670203877988 
0.5562781390695347 0.8027709128287904 
0.5567783891945972 0.8015835634645622 
0.5572786393196598 0.8003027026239685 
0.5577788894447223 0.7989261696505995 
0.5582791395697848 0.7974519161919705 
0.5587793896948474 0.795878009283234 
0.5592796398199099 0.7942026342213296 
0.5597798899449724 0.7924240972260762 
0.560280140070035 0.7905408278852878 
0.5607803901950975 0.7885513813816067 
0.56128064032016 0.7864544404992981 
0.5617808904452226 0.7842488174098405 
0.5622811405702851 0.7819334552357178 
0.5627813906953476 0.7795074293923517 
0.5632816408204102 0.7769699487086638 
0.5637818909454727 0.7743203563272767 
0.5642821410705352 0.7715581303858646 
0.5647823911955978 0.7686828844816385 
0.5652826413206603 0.7656943679214302 
0.5657828914457228 0.7625924657602613 
0.5662831415707853 0.7593771986316841 
0.5667833916958479 0.756048722373603 
0.5672836418209104 0.752607327453602 
0.5677838919459729 0.7490534381981583 
0.5682841420710355 0.7453876118304051 
0.568784392196098 0.741610537321396 
0.5692846423211605 0.7377230340600502 
0.5697848924462231 0.7337260503471528 
0.5702851425712856 0.7296206617190057 
0.5707853926963481 0.7254080691064367 
0.5712856428214107 0.7210895968349887 
0.5717858929464732 0.7166666904722516 
0.5722861430715357 0.7121409145283019 
0.5727863931965983 0.7075139500152778 
0.5732866433216608 0.7027875918721346 
0.5737868934467233 0.6979637462605865 
0.5742871435717859 0.6930444277382074 
0.5747873936968484 0.6880317563146073 
0.5752876438219109 0.6829279543965184 
0.5757878939469735 0.677735343627485 
0.576288144072036 0.6724563416278019 
0.5767883941970985 0.6670934586401387 
0.5772886443221611 0.6616492940861808 
0.5777888944472236 0.6561265330394483 
0.5782891445722861 0.6505279426192853 
0.5787893946973486 0.6448563683108363 
0.5792896448224112 0.6391147302156399 
0.5797898949474737 0.6333060192373106 
0.5802901450725362 0.6274332932065747 
0.5807903951975988 0.6214996729497442 
0.5812906453226613 0.615508338304565 
0.5817908954477238 0.6094625240871814 
0.5822911455727864 0.6033655160137824 
0.5827913956978489 0.5972206465803984 
0.5832916458229114 0.5910312909041187 
0.583791895947974 0.5848008625288957 
0.5842921460730365 0.5785328091990054 
0.584792396198099 0.5722306086031187 
0.5852926463231616 0.5658977640918506 
0.5857928964482241 0.5595378003716398 
0.5862931465732866 0.5531542591777187 
0.5867933966983492 0.5467506949289435 
0.5872936468234117 0.5403306703672641 
0.5877938969484742 0.5338977521846187 
0.5882941470735368 0.5274555066400752 
0.5887943971985993 0.5210074951701539 
0.5892946473236618 0.5145572699953063 
0.5897948974487243 0.50810836972564 
0.5902951475737869 0.5016643149691634 
0.5907953976988494 0.4952286039458865 
0.5912956478239119 0.48880470811137744 
0.5917958979489745 0.4823960677934675 
0.592296148074037 0.4760060878460932 
0.5927963981990995 0.4696381333244121 
0.5932966483241621 0.46329552518558115 
0.5937968984492246 0.456981536019856 
0.5942971485742871 0.45069938581688773 
0.5947973986993497 0.4444522377723552 
0.5952976488244122 0.43824319414037 
0.5957978989494747 0.43207529213732515 
0.5962981490745373 0.42595149990312237 
0.5967983991995998 0.4198747125260221 
0.5972986493246623 0.4138477481375801 
0.5977988994497249 0.40787334408439063 
0.5982991495747874 0.4019541531836336 
0.5987993996998499 0.3960927400696257 
0.5992996498249125 0.3902915776387869 
0.599799899949975 0.3845530436006622 
0.6003001500750375 0.3788794171427982 
0.6008004002001001 0.3732728757174047 
0.6013006503251626 0.3677354919579203 
0.601800900450225 0.36226923073365 
0.6023011505752875 0.3568759463507191 
0.6028014007003502 0.35155737990766955 
0.6033016508254126 0.3463151568139686 
0.6038019009504751 0.3411507844797267 
0.6043021510755378 0.336065650184784 
0.6048024012006002 0.3310610191353036 
0.6053026513256627 0.3261380327157726 
0.6058029014507254 0.3212977069441723 
0.6063031515757878 0.31654093113784054 
0.6068034017008503 0.31186846679725233 
0.607303651825913 0.30728094671463196 
0.6078039019509754 0.30277887431396067 
0.6083041520760379 0.29836262322851664 
0.6088044022011005 0.29403243712162735 
0.609304652326163 0.28978842975585084 
0.6098049024512255 0.28563058531523366 
0.6103051525762881 0.28155875898472293 
0.6108054027013506 0.27757267779022055 
0.6113056528264131 0.27367194170207126 
0.6118059029514757 0.26985602500411826 
0.6123061530765382 0.266124277929728 
0.6128064032016007 0.2624759285654325 
0.6133066533266633 0.2589100850220442 
0.6138069034517258 0.255425737872312 
0.6143071535767883 0.2520217628533368 
0.6148074037018508 0.24869692383112832 
0.6153076538269134 0.24544987602380475 
0.6158079039519759 0.24227916947907885 
0.6163081540770384 0.23918325280077296 
0.616808404202101 0.23616047711820906 
0.6173086543271635 0.23320910029145475 
0.617808904452226 0.23032729134449229 
0.6183091545772886 0.22751313511749688 
0.6188094047023511 0.22476463712857186 
0.6193096548274136 0.22207972863440142 
0.6198099049524762 0.2194562718784629 
0.6203101550775387 0.21689206551464196 
0.6208104052026012 0.21438485019330622 
0.6213106553276638 0.2119323142961368 
0.6218109054527263 0.2095320998053356 
0.6223111555777888 0.20718180829213448 
0.6228114057028514 0.20487900700891307 
0.6233116558279139 0.20262123506866953 
0.6238119059529764 0.20040600969505223 
0.624312156078039 0.19823083252569493 
0.6248124062031015 0.1960931959511963 
0.625312656328164 0.19399058947172176 
0.6258129064532265 0.19192050605293606 
0.6263131565782891 0.18988044846274252 
0.6268134067033516 0.18786793557016343 
0.6273136568284141 0.18588050858760907 
0.6278139069534767 0.18391573723777405 
0.6283141570785392 0.18197122582646377 
0.6288144072036017 0.18004461920279424 
0.6293146573286643 0.1781336085883997 
0.6298149074537268 0.17623593725758932 
0.6303151575787893 0.17434940605074042 
0.6308154077038519 0.17247187870363456 
0.6313156578289144 0.17060128697597074 
0.6318159079539769 0.16873563556283805 
0.6323161580790395 0.166873006773584 
0.632816408204102 0.16501156496322655 
0.6333166583291645 0.1631495607023275 
0.6338169084542271 0.1612853346720794 
0.6343171585792896 0.15941732127226177 
0.6348174087043521 0.15754405193067453 
0.6353176588294147 0.15566415810364811 
0.6358179089544772 0.15377637395830712 
0.6363181590795397 0.151879538728342 
0.6368184092046023 0.14997259873618843 
0.6373186593296648 0.148054609075699 
0.6378189094547273 0.1461247349505824 
0.6383191595797898 0.14418225266512533 
0.6388194097048524 0.14222655026496017 
0.6393196598299149 0.14025712782691974 
0.6398199099549774 0.13827359739828346 
0.64032016008004 0.1362756825870161 
0.6408204102051025 0.13426321780587092 
0.641320660330165 0.13223614717451732 
0.6418209104552276 0.13019452308510515 
0.6423211605802901 0.1281385044379296 
0.6428214107053526 0.12606835455508983 
0.6433216608304152 0.12398443878120813 
0.6438219109554777 0.12188722178147193 
0.6443221610805402 0.11977726454834689 
0.6448224112056028 0.11765522112940745 
0.6453226613306653 0.11552183508975983 
0.6458229114557278 0.11337793572349474 
0.6463231615807904 0.11122443402953855 
0.6468234117058529 0.10906231846811043 
0.6473236618309154 0.10689265051480012 
0.647823911955978 0.10471656002996983 
0.6483241620810405 0.10253524046186338 
0.648824412206103 0.10034994390234565 
0.6493246623311655 0.0981619760146869 
0.6498249124562281 0.09597269085323375 
0.6503251625812906 0.09378348559510825 
0.6508254127063531 0.091595795204328 
0.6513256628314157 0.08941108704888687 
0.6518259129564782 0.08723085549140822 
0.6523261630815407 0.08505661647395465 
0.6528264132066033 0.08288990211746544 
0.6533266633316658 0.08073225535611223 
0.6538269134567283 0.07858522462656138 
0.6543271635817909 0.07645035863177763 
0.6548274137068534 0.07432920119855062 
0.6553276638319159 0.0722232862473952 
0.6558279139569785 0.07013413289285647 
0.656328164082041 0.06806324069158494 
0.6568284142071035 0.06601208505476888 
0.6573286643321661 0.06398211284068969 
0.6578289144572286 0.06197473814227901 
0.6583291645822911 0.05999133828359072 
0.6588294147073537 0.058033250038096965 
0.6593296648324162 0.05610176608064747 
0.6598299149574787 0.05419813168383068 
0.6603301650825413 0.05232354166830228 
0.6608304152076038 0.050479137615478994 
0.6613306653326663 0.04866600534976261 
0.6618309154577288 0.046885172696206075 
0.6623311655827914 0.045137607518282066 
0.6628314157078539 0.04342421603912126 
0.6633316658329164 0.041745841448309555 
0.663831915957979 0.04010326279502761 
0.6643321660830415 0.03849719416704782 
0.664832416208104 0.03692828415382242 
0.6653326663331666 0.03539711559061828 
0.6658329164582291 0.03390420557945061 
0.6663331665832916 0.0324500057813224 
0.6668334167083542 0.031034902973116736 
0.6673336668334167 0.029659219861352656 
0.6678339169584792 0.0283232161439067 
0.6683341670835418 0.027027089809763094 
0.6688344172086043 0.025770978665866147 
0.6693346673336668 0.024554962079207116 
0.6698349174587294 0.023379062921399418 
0.6703351675837919 0.022243249702212788 
0.6708354177088544 0.021147438877763897 
0.671335667833917 0.020091497318430837 
0.6718359179589795 0.01907524492094777 
0.672336168084042 0.018098457348639487 
0.6728364182091046 0.017160868883313925 
0.673336668334167 0.01626217537199561 
0.6738369184592296 0.015402037251409104 
0.674337168584292 0.014580082632946089 
0.6748374187093547 0.013795910430754108 
0.6753376688344171 0.013049093515576055 
0.6758379189594796 0.012339181877041385 
0.6763381690845423 0.011665705777269877 
0.6768384192096047 0.011028178878894354 
0.6773386693346672 0.010426101330924024 
0.6778389194597298 0.009858962796273437 
0.6783391695847923 0.009326245405268892 
0.6788394197098548 0.008827426619988366 
0.6793396698349174 0.008361981994914206 
0.6798399199599799 0.007929387820079889 
0.6803401700850424 0.007529123633642603 
0.680840420210105 0.00716067459162231 
0.6813406703351675 0.006823533683442091 
0.68184092046023 0.006517203782801671 
0.6823411705852926 0.006241199524408719 
0.6828414207103551 0.005995048998093048 
0.6833416708354176 0.005778295252881882 
0.6838419209604802 0.005590497604689663 
0.6843421710855427 0.005431232742394471 
0.6848424212106052 0.005300095628175947 
0.6853426713356677 0.005196700189156927 
0.6858429214607303 0.005120679798518737 
0.6863431715857928 0.005071687545424552 
0.6868434217108553 0.00504939629422795 
0.6873436718359179 0.005053498534590973 
0.6878439219609804 0.005083706025260741 
0.6883441720860429 0.005139749235357318 
0.6888444222111055 0.005221376588121491 
0.689344672336168 0.00532835351310793 
0.6898449224612305 0.005460461313840575 
0.6903451725862931 0.005617495858922417 
0.6908454227113556 0.005799266105516505 
0.6913456728364181 0.0060055924650137685 
0.6918459229614807 0.006236305021522347 
0.6923461730865432 0.006491241614594446 
0.6928464232116057 0.006770245798316062 
0.6933466733366683 0.007073164689534892 
0.6938469234617308 0.007399846718586007 
0.6943471735867933 0.007750139296385532 
0.6948474237118559 0.008123886412202738 
0.6953476738369184 0.008520926176790752 
0.6958479239619809 0.008941088325847642 
0.6963481740870435 0.009384191698988761 
0.696848424212106 0.009850041709565998 
0.6973486743371685 0.010338427820706072 
0.697848924462231 0.010849121042950136 
0.6983491745872936 0.011381871468764092 
0.6988494247123561 0.01193640585902833 
0.6993496748374186 0.012512425296368035 
0.6998499249624812 0.01310960291986876 
0.7003501750875437 0.013727581755331154 
0.7008504252126062 0.014365972654753851 
0.7013506753376688 0.015024352358221535 
0.7018509254627313 0.015702261690760246 
0.7023511755877938 0.016399203906097413 
0.7028514257128564 0.017114643188534635 
0.7033516758379189 0.01784800332338186 
0.7038519259629814 0.018598666545599215 
0.704352176088044 0.0193659725754172 
0.7048524262131065 0.02014921784881661 
0.705352676338169 0.02094765494980851 
0.7058529264632316 0.021760492250488806 
0.7063531765882941 0.02258689376382898 
0.7068534267133566 0.023425979213173447 
0.7073536768384192 0.024276824321348492 
0.7078539269634817 0.025138461321254333 
0.7083541770885442 0.026009879688751566 
0.7088544272136067 0.02689002709759347 
0.7093546773386693 0.027777810595099366 
0.7098549274637318 0.028672097996216235 
0.7103551775887943 0.029571719492581364 
0.7108554277138569 0.030475469472182964 
0.7113556778389194 0.031382108544209426 
0.7118559279639819 0.03229036576273171 
0.7123561780890445 0.03319894104189826 
0.712856428214107 0.03410650775445056 
0.7133566783391695 0.03501171550447694 
0.7138569284642321 0.03591319306453176 
0.7143571785892946 0.036809551466459006 
0.7148574287143571 0.037699387234540575 
0.7153576788394197 0.03858128574893878 
0.7158579289644822 0.039453824726770594 
0.7163581790895447 0.04031557780761946 
0.7168584292146073 0.04116511822979043 
0.7173586793396698 0.042001022583189704 
0.7178589294647323 0.042821874624349617 
0.7183591795897949 0.04362626913882351 
0.7188594297148574 0.04441281583594393 
0.7193596798399199 0.04518014326077504 
0.7198599299649825 0.04592690270799994 
0.720360180090045 0.04665177212245117 
0.7208604302151075 0.047353459971035676 
0.72136068034017 0.04803070907091644 
0.7218609304652326 0.04868230035897424 
0.7223611805902951 0.04930705658781933 
0.7228614307153576 0.04990384593392471 
0.7233616808404202 0.05047158550379671 
0.7238619309654827 0.05100924472453571 
0.7243621810905452 0.05151584860560142 
0.7248624312156078 0.05199048085913376 
0.7253626813406703 0.052432286866755766 
0.7258629314657328 0.05284047648140858 
0.7263631815907954 0.05321432665344787 
0.7268634317158579 0.053553183870938464 
0.7273636818409204 0.05385646640482871 
0.727863931965983 0.05412366635048383 
0.7283641820910455 0.05435435145785399 
0.728864432216108 0.05454816674340052 
0.7293646823411706 0.05470483587777089 
0.7298649324662331 0.05482416234407657 
0.7303651825912956 0.054906030362537196 
0.7308654327163582 0.054950405578143145 
0.7313656828414207 0.05495733550891205 
0.7318659329664832 0.05492694975320625 
0.7323661830915458 0.054859459955510025 
0.7328664332166083 0.054755159530937944 
0.7333666833416708 0.05461442314966635 
0.7338669334667333 0.05443770598333573 
0.7343671835917959 0.05422554271634071 
0.7348674337168584 0.05397854632577005 
0.7353676838419209 0.053697406634552386 
0.7358679339669835 0.05338288864318086 
0.736368184092046 0.053035830646121586 
0.7368684342171085 0.0526571421397438 
0.7373686843421711 0.05224780152930341 
0.7378689344672336 0.051808853643149924 
0.7383691845922961 0.05134140706294545 
0.7388694347173587 0.0508466312792453 
0.7393696848424212 0.050325753682318494 
0.7398699349674837 0.049780056398553096 
0.7403701850925463 0.04921087298323979 
0.7408704352176088 0.0486195849808929 
0.7413706853426713 0.048007618364609275 
0.7418709354677339 0.047376439866255046 
0.7423711855927964 0.04672755320949811 
0.7428714357178589 0.04606249525790099 
0.7433716858429215 0.045382832090413903 
0.743871935967984 0.04469015501671265 
0.7443721860930465 0.04398607654484936 
0.744872436218109 0.04327222631369259 
0.7453726863431716 0.04255024700257613 
0.745872936468234 0.041821790230473006 
0.7463731865932965 0.04108851245687623 
0.7468734367183592 0.04035207089638101 
0.7473736868434216 0.03961411945874996 
0.7478739369684841 0.038876304725961236 
0.7483741870935467 0.038140261977461835 
0.7488744372186092 0.03740761127450494 
0.7493746873436717 0.036679953614086824 
0.7498749374687343 0.035958867162607495 
0.7503751875937968 0.03524590357896047 
0.7508754377188593 0.03454258443630136 
0.751375687843922 0.033850397751285025 
0.7518759379689844 0.033170794629072596 
0.7523761880940469 0.032505186031899294 
0.7528764382191095 0.03185493967847813 
0.753376688344172 0.031221377080978625 
0.7538769384692345 0.030605770725782647 
0.7543771885942971 0.030009341403667462 
0.7548774387193596 0.02943325569450711 
0.7553776888444221 0.028878623611045918 
0.7558779389694847 0.02834649640571014 
0.7563781890945472 0.02783786454391074 
0.7568784392196097 0.027353655846697095 
0.7573786893446722 0.0268947338051213 
0.7578789394697348 0.02646189606810057 
0.7583791895947973 0.026055873105068166 
0.7588794397198598 0.025677327044177575 
0.7593796898449224 0.025326850686325897 
0.7598799399699849 0.025004966694783436 
0.7603801900950474 0.024712126959748913 
0.76088044022011 0.024448712136683256 
0.7613806903451725 0.024215031356871992 
0.761880940470235 0.02401132210822208 
0.7623811905952976 0.023837750283925194 
0.7628814407203601 0.023694410396243256 
0.7633816908454226 0.023581325952313614 
0.7638819409704852 0.023498449988551558 
0.7643821910955477 0.02344566575990676 
0.7648824412206102 0.023422787579958592 
0.7653826913456728 0.023429561807555184 
0.7658829414707353 0.023465667975467962 
0.7663831915957978 0.023530720056307675 
0.7668834417208604 0.023624267860740174 
0.7673836918459229 0.0237457985628724 
0.7678839419709854 0.02389473834750606 
0.7683841920960479 0.02407045417382006 
0.7688844422211105 0.024272255649918136 
0.769384692346173 0.024499397012570756 
0.7698849424712355 0.02475107920639847 
0.7703851925962981 0.025026452056662155 
0.7708854427213606 0.02532461652977966 
0.7713856928464231 0.02564462707562944 
0.7718859429714857 0.02598549404569596 
0.7723861930965482 0.0263461861810713 
0.7728864432216107 0.026725633164339933 
0.7733866933466733 0.027122728229367513 
0.7738869434717358 0.027536330823039593 
0.7743871935967983 0.02796526931301174 
0.7748874437218609 0.02840834373557206 
0.7753876938469234 0.028864328577752413 
0.7758879439719859 0.02933197558786923 
0.7763881940970485 0.029810016608734866 
0.776888444222111 0.030297166427819978 
0.7773886943471735 0.030792125638734395 
0.7778889444722361 0.031293583508428945 
0.7783891945972986 0.03180022084461106 
0.7788894447223611 0.03231071285793057 
0.7793896948474237 0.03282373201356369 
0.7798899449724862 0.03333795086689675 
0.7803901950975487 0.0338520448781038 
0.7808904452226112 0.03436469520047063 
0.7813906953476738 0.034874591437416315 
0.7818909454727363 0.03538043436323904 
0.7823911955977988 0.0358809386027 
0.7828914457228614 0.0363748352646476 
0.7833916958479239 0.03686087452497114 
0.7838919459729864 0.037337828154268365 
0.784392196098049 0.037804491985704694 
0.7848924462231115 0.038259688318634334 
0.785392696348174 0.03870226825366784 
0.7858929464732366 0.03913111395495968 
0.7863931965982991 0.039545140835609616 
0.7868934467233616 0.03994329966217901 
0.7873936968484242 0.040324578574446754 
0.7878939469734867 0.04068800501665205 
0.7883941970985492 0.04103264757659732 
0.7888944472236118 0.04135761772913179 
0.7893946973486743 0.04166207148066728 
0.7898949474737368 0.04194521091154226 
0.7903951975987994 0.04220628561319875 
0.7908954477238619 0.0424445940173116 
0.7913956978489244 0.04265948461417932 
0.791895947973987 0.042850357057878985 
0.7923961980990495 0.04301666315586987 
0.792896448224112 0.0431579077409479 
0.7933966983491745 0.04327364942365401 
0.7938969484742371 0.043363501223461755 
0.7943971985992996 0.04342713107731584 
0.7948974487243621 0.04346426222431265 
0.7953976988494247 0.04347467346557864 
0.7958979489744872 0.04345819929865946 
0.7963981990995497 0.04341472992599151 
0.7968984492246123 0.04334421113731489 
0.7973986993496748 0.043246644066164366 
0.7978989494747373 0.04312208482086 
0.7983991995997999 0.04297064399072957 
0.7988994497248624 0.042792486028584514 
0.7993996998499249 0.04258782851078659 
0.7998999499749875 0.04235694127654388 
0.80040020010005 0.042100145448410016 
0.8009004502251125 0.04181781233624941 
0.8014007003501751 0.04151036222727052 
0.8019009504752376 0.04117826306503665 
0.8024012006003001 0.04082202902067825 
0.8029014507253627 0.040442218959850784 
0.8034017008504252 0.040039434809283056 
0.8039019509754877 0.03961431982707 
0.8044022011005502 0.0391675567811557 
0.8049024512256128 0.03869986604074649 
0.8054027013506753 0.038212003585669195 
0.8059029514757378 0.03770475893895921 
0.8064032016008004 0.03717895302821943 
0.8069034517258629 0.036635435981529255 
0.8074037018509254 0.036075084863922975 
0.807903951975988 0.035498801360647925 
0.8084042021010505 0.03490750941362748 
0.808904452226113 0.03430215281771615 
0.8094047023511756 0.03368369278348986 
0.8099049524762381 0.033053105473458466 
0.8104052026013006 0.03241137951868902 
0.8109054527263632 0.031759513522924596 
0.8114057028514257 0.031098513561347227 
0.8119059529764882 0.030429390681177764 
0.8124062031015508 0.029753158411317863 
0.8129064532266133 0.029070830288237023 
0.8134067033516758 0.028383417405269295 
0.8139069534767384 0.027691925992418407 
0.8144072036018009 0.026997355033701965 
0.8149074537268634 0.026300693928924354 
0.815407703851926 0.02560292020665741 
0.8159079539769885 0.02490499729502041 
0.816408204102051 0.02420787235667402 
0.8169084542271134 0.023512474194218713 
0.817408704352176 0.02281971123195746 
0.8179089544772385 0.022130469579701037 
0.818409204602301 0.0214456111840347 
0.8189094547273637 0.02076597207212642 
0.8194097048524261 0.02009236069284767 
0.8199099549774886 0.01942555635962935 
0.8204102051025512 0.018766307799091272 
0.8209104552276137 0.0181153318091212 
0.8214107053526762 0.01747331202967138 
0.8219109554777388 0.016840897829127573 
0.8224112056028013 0.01621870330868246 
0.8229114557278638 0.015607306426724 
0.8234117058529264 0.015007248244789467 
0.8239119559779889 0.014419032296204394 
0.8244122061030514 0.013843124078070429 
0.824912456228114 0.013279950666802348 
0.8254127063531765 0.012729900456987428 
0.825912956478239 0.01219332302285921 
0.8264132066033016 0.011670529101251626 
0.8269134567283641 0.01116179069445241 
0.8274137068534266 0.010667341290941545 
0.8279139569784892 0.01018737620157734 
0.8284142071035517 0.009722053008389955 
0.8289144572286142 0.009271492122738248 
0.8294147073536767 0.008835777449201195 
0.8299149574787393 0.008414957151231374 
0.8304152076038018 0.00800904451423937 
0.8309154577288643 0.0076180189014511185 
0.8314157078539269 0.007241826797597291 
0.8319159579789894 0.006880382935206084 
0.8324162081040519 0.006533571498018687 
0.8329164582291145 0.006201247395825397 
0.833416708354177 0.005883237604825564 
0.8339169584792395 0.005579342567427386 
0.8344172086043021 0.005289337645290093 
0.8349174587293646 0.005012974619265649 
0.8354177088544271 0.0047499832298479585 
0.8359179589794897 0.00450007275164718 
0.8364182091045522 0.0042629335954189026 
0.8369184592296147 0.0040382389311645174 
0.8374187093546773 0.0038256463258544817 
0.8379189594797398 0.003624799389399947 
0.8384192096048023 0.0034353294225910568 
0.8389194597298649 0.0032568570608330558 
0.8394197098549274 0.003088993907670477 
0.8399199599799899 0.002931344152264446 
0.8404202101050524 0.002783506165178432 
0.840920460230115 0.002645074067060072 
0.8414207103551775 0.002515639265055409 
0.84192096048024 0.0023947919520526193 
0.8424212106053026 0.002282122564135873 
0.8429214607303651 0.002177223191947162 
0.8434217108554276 0.0020796889419608003 
0.8439219609804902 0.001989119244014227 
0.8444222111055527 0.0019051191017846075 
0.8449224612306152 0.0018273002832492643 
0.8454227113556778 0.0017552824485499027 
0.8459229614807403 0.0016886942130197665 
0.8464232116058028 0.0016271741435328637 
0.8469234617308654 0.0015703716866972742 
0.8474237118559279 0.0015179480277783537 
0.8479239619809904 0.0014695768796300257 
0.848424212106053 0.0014249452012593629 
0.8489244622311155 0.0013837538460140801 
0.849424712356178 0.0013457181397361 
0.8499249624812406 0.0013105683895613769 
0.8504252126063031 0.0012780503243715405 
0.8509254627313656 0.0012479254682120876 
0.8514257128564282 0.0012199714482986847 
0.8519259629814907 0.0011939822394994705 
0.8524262131065532 0.0011697683474432472 
0.8529264632316157 0.0011471569326522706 
0.8534267133566783 0.0011259918782987022 
0.8539269634817408 0.0011061338043902836 
0.8544272136068033 0.0010874600313634302 
0.8549274637318659 0.001069864496190791 
0.8554277138569284 0.0010532576242572673 
0.8559279639819909 0.0010375661603348313 
0.8564282141070535 0.0010227329620576223 
0.856928464232116 0.001008716759365542 
0.8574287143571785 0.0009954918833631559 
0.8579289644822411 0.0009830479680797363 
0.8584292146073036 0.0009713896285435216 
0.8589294647323661 0.0009605361185563181 
0.8594297148574287 0.0009505209714505362 
0.8599299649824912 0.0009413916270310265 
0.8604302151075537 0.0009332090477495447 
0.8609304652326163 0.0009260473270374526 
0.8614307153576788 0.000919993292544238 
0.8619309654827413 0.000915146106836694 
0.8624312156078039 0.000911616867930347 
0.8629314657328664 0.0009095282117900758 
0.8634317158579289 0.0009090139187089626 
0.8639319659829914 0.0009102185252435629 
0.864432216108054 0.0009132969431142674 
0.8649324662331165 0.0009184140862321902 
0.865432716358179 0.0009257445067375944 
0.8659329664832416 0.0009354720406748989 
0.8664332166083041 0.0009477894636488996 
0.8669334667333666 0.0009628981565404719 
0.8674337168584292 0.000981007781087786 
0.8679339669834917 0.0010023359648775657 
0.8684342171085542 0.0010271079950315161 
0.8689344672336168 0.0010555565196210138 
0.8694347173586793 0.0010879212556137077 
0.8699349674837418 0.0011244487019152856 
0.8704352176088044 0.001165391855869649 
0.8709354677338669 0.0012110099313838326 
0.8714357178589294 0.0012615680766545137 
0.871935967983992 0.0013173370893297038 
0.8724362181090545 0.0013785931267901131 
0.872936468234117 0.0014456174091217002 
0.8734367183591796 0.0015186959122583507 
0.8739369684842421 0.0015981190486992136 
0.8744372186093046 0.0016841813331724936 
0.8749374687343672 0.0017771810305805158 
0.8754377188594297 0.001877419783584198 
0.8759379689844922 0.001985202217210566 
0.8764382191095547 0.0021008355179257805 
0.8769384692346173 0.002224628984705032 
0.8774387193596798 0.0023568935497440074 
0.8779389694847423 0.0024979412665918944 
0.8784392196098049 0.0026480847636492777 
0.8789394697348674 0.002807636661166713 
0.8794397198599299 0.0029769089500887905 
0.8799399699849925 0.0031562123313238852 
0.880440220110055 0.0033458555142664628 
0.8809404702351175 0.0035461444737015023 
0.8814407203601801 0.003757381664476443 
0.8819409704852426 0.003979865193671048 
0.882441220610305 0.004213887950303294 
0.8829414707353677 0.004459736692951985 
0.8834417208604302 0.004717691096030661 
0.8839419709854927 0.00498802275579771 
0.8844422211105553 0.005270994157570565 
0.8849424712356178 0.0055668576059503426 
0.8854427213606803 0.0058758541202745766 
0.8859429714857429 0.00619821229785098 
0.8864432216108054 0.006534147147914363 
0.8869434717358678 0.006883858899606013 
0.8874437218609305 0.007247531787621608 
0.887943971985993 0.007625332819538128 
0.8884442221110554 0.008017410529132825 
0.8889444722361179 0.008423893720352073 
0.8894447223611806 0.00884489020686671 
0.889944972486243 0.009280485552437871 
0.8904452226113055 0.009730741817575453 
0.8909454727363681 0.010195696318198406 
0.8914457228614306 0.010675360402217525 
0.8919459729864931 0.011169718250137444 
0.8924462231115557 0.01167872570592902 
0.8929464732366182 0.01220230914453352 
0.8934467233616807 0.012740364382450567 
0.8939469734867433 0.013292755637916284 
0.8944472236118058 0.013859314547191717 
0.8949474737368683 0.01443983924345579 
0.8954477238619309 0.015034093504765256 
0.8959479739869934 0.015641805977419623 
0.8964482241120559 0.016262669480971787 
0.8969484742371185 0.01689634040094042 
0.897448724362181 0.01754243817507805 
0.8979489744872435 0.018200544878825498 
0.8984492246123061 0.01887020491528285 
0.8989494747373686 0.019550924814744085 
0.8994497248624311 0.020242173148474863 
0.8999499749874936 0.020943380561048983 
0.9004502251125562 0.021653939925148667 
0.9009504752376187 0.022373206622287076 
0.9014507253626812 0.023100498952455202 
0.9019509754877438 0.023835098675191412 
0.9024512256128063 0.024576251684066033 
0.9029514757378688 0.025323168816022697 
0.9034517258629314 0.02607502679646925 
0.9039519759879939 0.026830969320433624 
0.9044522261130564 0.02759010826950263 
0.904952476238119 0.028351525063681642 
0.9054527263631815 0.02911427214668364 
0.905952976488244 0.029877374602554452 
0.9064532266133066 0.03063983190092685 
0.9069534767383691 0.031400619767571684 
0.9074537268634316 0.032158692176319836 
0.9079539769884942 0.032912983457808805 
0.9084542271135567 0.03366241051992683 
0.9089544772386192 0.03440587517424587 
0.9094547273636818 0.03514226656216836 
0.9099549774887443 0.03587046367398155 
0.9104552276138068 0.03658933795347474 
0.9109554777388694 0.03729775598030006 
0.9114557278639319 0.03799458222178245 
0.9119559779889944 0.03867868184544596 
0.9124562281140569 0.039348923583135055 
0.9129564782391195 0.040004182637227145 
0.913456728364182 0.04064334361912725 
0.9139569784892445 0.04126530350992354 
0.9144572286143071 0.0418689746328617 
0.9149574787393696 0.04245328762708402 
0.9154577288644321 0.043017194411914754 
0.9159579789894947 0.043559671130885755 
0.9164582291145572 0.04407972106461227 
0.9169584792396197 0.0445763775016313 
0.9174587293646823 0.04504870655633673 
0.9179589794897448 0.045495809923242043 
0.9184592296148073 0.045916827556920316 
0.9189594797398699 0.04631094026716672 
0.9194597298649324 0.04667737221914545 
0.9199599799899949 0.047015393328570784 
0.9204602301150575 0.047324321542291034 
0.92096048024012 0.04760352499501157 
0.9214607303651825 0.04785242403331286 
0.9219609804902451 0.048070493098568264 
0.9224612306153076 0.04825726246086948 
0.9229614807403701 0.048412319796595625 
0.9234617308654326 0.048535311602839436 
0.9239619809904952 0.04862594444249891 
0.9244622311155577 0.04868398601449199 
0.9249624812406202 0.04870926604420113 
0.9254627313656828 0.04870167698995223 
0.9259629814907453 0.04866117456203839 
0.9264632316158078 0.04858777805153216 
0.9269634817408704 0.04848157046686938 
0.9274637318659329 0.04834269847695009 
0.9279639819909954 0.04817137216026497 
0.928464232116058 0.04796786456031891 
0.9289644822411205 0.047732511048408435 
0.929464732366183 0.04746570849556835 
0.9299649824912456 0.0471679142562655 
0.9304652326163081 0.046839644967178164 
0.9309654827413706 0.046481475165133686 
0.9314657328664332 0.04609403572900459 
0.9319659829914957 0.0456780121510646 
0.9324662331165582 0.04523414264398866 
0.9329664832416208 0.04476321609033408 
0.9334667333666833 0.0442660698419639 
0.9339669834917458 0.04374358737746836 
0.9344672336168084 0.043196695826193655 
0.9349674837418709 0.042626363368006945 
0.9354677338669334 0.04203359651840802 
0.9359679839919959 0.041419437309029535 
0.9364682341170585 0.04078496037396216 
0.936968484242121 0.040131269952684394 
0.9374687343671835 0.039459496820679 
0.9379689844922461 0.038770795159056175 
0.9384692346173086 0.0380663393747123 
0.9389694847423711 0.03734732088269335 
0.9394697348674337 0.036614944862530245 
0.9399699849924962 0.03587042700035175 
0.9404702351175587 0.035114990228583706 
0.9409704852426213 0.03434986147496549 
0.9414707353676838 0.03357626843251809 
0.9419709854927463 0.03279543636192852 
0.9424712356178089 0.03200858493760051 
0.9429714857428714 0.031216925148376092 
0.9434717358679339 0.03042165626360093 
0.9439719859929965 0.029623962874873466 
0.944472236118059 0.028825012023417432 
0.9449724862431215 0.028025950422573803 
0.9454727363681841 0.027227901784440563 
0.9459729864932466 0.026431964259162586 
0.9464732366183091 0.02563920799485098 
0.9469734867433717 0.024850672825501723 
0.9474737368684342 0.024067366093711788 
0.9479739869934967 0.023290260614329834 
0.9484742371185592 0.022520292784551265 
0.9489744872436218 0.021758360845275194 
0.9494747373686843 0.021005323297874436 
0.9499749874937468 0.02026199747982169 
0.9504752376188094 0.019529158301901838 
0.9509754877438719 0.018807537149052058 
0.9514757378689344 0.018097820946136656 
0.951975987993997 0.01740065138926748 
0.9524762381190595 0.016716624342573445 
0.952976488244122 0.016046289399626427 
0.9534767383691846 0.015390149608046053 
0.9539769884942471 0.014748661355148667 
0.9544772386193096 0.01412223441184535 
0.9549774887443722 0.01351123213136864 
0.9554777388694347 0.012915971798817866 
0.9559779889944972 0.01233672512691863 
0.9564782391195598 0.011773718892863962 
0.9569784892446223 0.011227135710570301 
0.9574787393696848 0.010697114932233609 
0.9579789894947474 0.010183753672590747 
0.9584792396198099 0.009687107948914126 
0.9589794897448723 0.009207193929392921 
0.9594797398699348 0.008743989282220727 
0.9599799899949975 0.008297434617444501 
0.96048024012006 0.007867435013373718 
0.9609804902451224 0.007453861619162126 
0.961480740370185 0.007056553325015409 
0.9619809904952475 0.006675318491375589 
0.96248124062031 0.006309936728364642 
0.9629814907453726 0.005960160716750816 
0.9634817408704351 0.005625718061721393 
0.9639819909954976 0.005306313170813144 
0.9644822411205602 0.005001629147454102 
0.9649824912456227 0.004711329691722899 
0.9654827413706852 0.0044350610001110576 
0.9659829914957478 0.004172453656294486 
0.9664832416208103 0.003923124505184479 
0.9669834917458728 0.0036866785028187264 
0.9674837418709354 0.0034627105349662323 
0.9679839919959979 0.003250807197684559 
0.9684842421210604 0.003050548533437464 
0.968984492246123 0.002861509716781907 
0.9694847423711855 0.002683262684065192 
0.969984992496248 0.0025153777020124083 
0.9704852426213106 0.002357424870536644 
0.9709854927463731 0.0022089755555852893 
0.9714857428714356 0.0020696037483158127 
0.9719859929964981 0.0019388873473810677 
0.9724862431215607 0.0018164093616031718 
0.9729864932466232 0.001701759030805722 
0.9734867433716857 0.0015945328630801595 
0.9739869934967483 0.001494335587234278 
0.9744872436218108 0.001400781019681348 
0.9749874937468733 0.001313492845479183 
0.9754877438719359 0.0012321053137078508 
0.9759879939969984 0.0011562638478130468 
0.9764882441220609 0.0010856255719935838 
0.9769884942471235 0.0010198597550901837 
0.977488744372186 0.0009586481738697539 
0.9779889944972485 0.00090168539792721 
0.9784892446223111 0.0008486789988082485 
0.9789894947473736 0.0007993496862402853 
0.9794897448724361 0.0007534313746872831 
0.9799899949974987 0.0007106711836664147 
0.9804902451225612 0.000670829375542174 
0.9809904952476237 0.0006336792346732125 
0.9814907453726863 0.0005990068919823517 
0.9819909954977488 0.0005666110991647374 
0.9824912456228113 0.0005363029568268335 
0.9829914957478738 0.0005079056009616932 
0.9834917458729364 0.0004812538521877647 
0.9839919959979989 0.0004561938321886226 
0.9844922461230614 0.00043258255178826817 
0.984992496248124 0.00041028747504263116 
0.9854927463731865 0.00038918606364832036 
0.985992996498249 0.0003691653058655683 
0.9864932466233116 0.00035012123402838804 
0.9869934967483741 0.000331958434555044 
0.9874937468734366 0.0003145895541898306 
0.9879939969984992 0.00029793480601663193 
0.9884942471235617 0.00028192147855210937 
0.9889944972486242 0.00026648345100330065 
0.9894947473736868 0.00025156071749929865 
0.9899949974987493 0.00023709892287375044 
0.9904952476238118 0.00022304891225487147 
0.9909954977488744 0.00020936629646808543 
0.9914957478739369 0.00019601103494098425 
0.9919959979989994 0.00018294703751526263 
0.992496248124062 0.0001701417862546 
0.9929964982491245 0.00015756597805842312 
0.993496748374187 0.00014519318857158972 
0.9939969984992496 0.00013299955760670372 
0.9944972486243121 0.00012096349599126024 
0.9949974987493746 0.00010906541350599874 
0.9954977488744371 9.728746727166401e-05 
0.9959979989994997 8.561332973345116e-05 
0.9964982491245622 7.402797513227091e-05 
0.9969984992496247 6.251748313283333e-05 
0.9974987493746873 5.106885809098377e-05 
0.9979989994997498 3.9669862247965264e-05 
0.9984992496248123 2.8308860985274694e-05 
0.9989994997498749 1.6974678146942644e-05 
0.9994997498749374 5.656459293888612e-06 
1.0 -5.6564592932422815e-06 
