xdata ydata 
0.0 0.056220944298248046 
0.0005002501250625312 0.055876073059688516 
0.0010005002501250625 0.055188309829142655 
0.0015007503751875936 0.05416160219695655 
0.002001000500250125 0.05280184435003954 
0.0025012506253126563 0.051116844596725164 
0.003001500750375187 0.049116282337647504 
0.0035017508754377185 0.046811654713150005 
0.00400200100050025 0.04421621321309277 
0.004502251125562781 0.041344890588783684 
0.0050025012506253125 0.0382142184588235 
0.005502751375687844 0.03484223605067037 
0.006003001500750374 0.031248390567458997 
0.006503251625812906 0.02745342971467786 
0.007003501750875437 0.023479286963700347 
0.007503751875937968 0.019348960168411547 
0.0080040020010005 0.015086384187220036 
0.00850425212606303 0.010716298195429283 
0.009004502251125562 0.006264108401875985 
0.009504752376188093 0.0017557469090969963 
0.010005002501250625 0.0 
0.010505252626313155 0.0 
0.011005502751375688 0.0 
0.011505752876438218 0.0 
0.012006003001500749 0.0 
0.01250625312656328 0.0 
0.013006503251625811 0.0 
0.013506753376688344 0.0 
0.014007003501750874 0.0 
0.014507253626813406 0.0 
0.015007503751875937 0.0 
0.015507753876938469 0.0 
0.016008004002001 0.0 
0.01650825412706353 0.0 
0.01700850425212606 0.0 
0.017508754377188594 0.0 
0.018009004502251125 0.0 
0.018509254627313655 0.0 
0.019009504752376186 0.0 
0.01950975487743872 0.0 
0.02001000500250125 0.0 
0.02051025512756378 0.0 
0.02101050525262631 0.0 
0.02151075537768884 0.0 
0.022011005502751375 0.0 
0.022511255627813906 0.0 
0.023011505752876436 0.0 
0.023511755877938967 0.0 
0.024012006003001497 0.0 
0.02451225612806403 0.0 
0.02501250625312656 0.0 
0.025512756378189092 0.0 
0.026013006503251623 0.0 
0.026513256628314157 0.0 
0.027013506753376687 0.0 
0.027513756878439218 0.0 
0.028014007003501748 0.0 
0.02851425712856428 0.0 
0.029014507253626812 0.0 
0.029514757378689343 0.0 
0.030015007503751873 0.0 
0.030515257628814404 0.004288976721752851 
0.031015507753876938 0.009493905791982303 
0.03151575787893947 0.01469545329451994 
0.032016008004002 0.01986453793803691 
0.03251625812906453 0.024972074229252066 
0.03301650825412706 0.029989131042728552 
0.03351675837918959 0.03488709007251828 
0.03401700850425212 0.03963780331876575 
0.03451725862931466 0.044213748764502174 
0.03501750875437719 0.04858818340450452 
0.03551775887943972 0.052735292799087743 
0.03601800900450225 0.056630336341093344 
0.03651825912956478 0.06024978744406986 
0.03701850925462731 0.0635714678835339 
0.03751875937968984 0.06657467555126004 
0.03801900950475237 0.06924030491454403 
0.0385192596298149 0.0715509595082179 
0.03901950975487744 0.07349105582666704 
0.03951975987993997 0.07504691802602799 
0.0400200100050025 0.07620686289291463 
0.04052026013006503 0.07696127458519134 
0.04102051025512756 0.077302668702265 
0.04152076038019009 0.07722574529678743 
0.04202101050525262 0.0767274304963686 
0.04252126063031515 0.07580690646248286 
0.04302151075537768 0.07446562947402695 
0.04352176088044022 0.07270733598458044 
0.04402201100550275 0.07053803656502729 
0.04452226113056528 0.06796599770651959 
0.04502251125562781 0.06500171152245779 
0.04552276138069034 0.0616578534518711 
0.04602301150575287 0.057949228130056915 
0.0465232616308154 0.05389270365514077 
0.047023511755877934 0.04950713454111411 
0.047523761880940464 0.04481327370852353 
0.048024012006002995 0.039833673922991295 
0.04852426213106553 0.034592579148896734 
0.04902451225612806 0.029115806340451335 
0.04952476238119059 0.023430618244832602 
0.05002501250625312 0.017565587841675535 
0.050525262631315654 0.011550455089854864 
0.051025512756378184 0.005415976695751549 
0.051525762881440715 0.0 
0.052026013006503245 0.0 
0.052526263131565776 0.0 
0.05302651325662831 0.0 
0.053526763381690844 0.0 
0.054027013506753374 0.0 
0.054527263631815905 0.0 
0.055027513756878435 0.0 
0.055527763881940966 0.0 
0.056028014007003496 0.0 
0.056528264132066026 0.0 
0.05702851425712856 0.0 
0.057528764382191094 0.0 
0.058029014507253625 0.0 
0.058529264632316155 0.0 
0.059029514757378686 0.0 
0.059529764882441216 0.0 
0.06003001500750375 0.0 
0.06053026513256628 0.0 
0.06103051525762881 0.0 
0.06153076538269134 0.0 
0.062031015507753876 0.0 
0.0625312656328164 0.0 
0.06303151575787894 0.0 
0.06353176588294146 0.0 
0.064032016008004 0.0 
0.06453226613306653 0.0 
0.06503251625812906 0.0 
0.0655327663831916 0.0 
0.06603301650825412 0.0 
0.06653326663331666 0.0 
0.06703351675837918 0.0 
0.06753376688344172 0.0 
0.06803401700850424 0.0 
0.06853426713356678 0.0 
0.06903451725862932 0.0 
0.06953476738369184 0.0 
0.07003501750875438 0.0 
0.0705352676338169 0.0 
0.07103551775887944 0.0 
0.07153576788394196 0.0 
0.0720360180090045 0.0 
0.07253626813406702 0.0 
0.07303651825912956 0.0 
0.0735367683841921 0.001974633498012482 
0.07403701850925462 0.009533154753706521 
0.07453726863431716 0.017104722436886828 
0.07503751875937968 0.02465060419100116 
0.07553776888444222 0.03213192304264124 
0.07603801900950474 0.03950985645290861 
0.07653826913456728 0.046745836308384414 
0.0770385192596298 0.0538017488290926 
0.07753876938469234 0.060640133365931194 
0.07803901950975488 0.06722437906024079 
0.0785392696348174 0.07351891834367599 
0.07903951975987994 0.07948941626735603 
0.07953976988494246 0.08510295466521008 
0.080040020010005 0.09032821017765308 
0.08054027013506752 0.0951356251879498 
0.08104052026013006 0.09949757075488376 
0.08154077038519258 0.10338850066143981 
0.08204102051025512 0.10678509573994116 
0.08254127063531766 0.10966639767939322 
0.08304152076038018 0.11201393157030304 
0.08354177088544272 0.11381181649585784 
0.08404202101050524 0.11504686353576561 
0.08454227113556778 0.11570866060998206 
0.0850425212606303 0.11578964365371258 
0.08554277138569284 0.11528515368217981 
0.08604302151075537 0.11419347937330127 
0.0865432716358179 0.11251588486837903 
0.08704352176088044 0.1102566225646943 
0.08754377188594296 0.1074229307492721 
0.0880440220110055 0.10402501599957609 
0.08854427213606803 0.10007602035414238 
0.08904452226113056 0.09559197333382291 
0.08954477238619309 0.0905917289719241 
0.09004502251125562 0.08509688808873746 
0.09054527263631815 0.07913170612235733 
0.09104552276138068 0.07272298690291054 
0.09154577288644322 0.06589996283089379 
0.09204602301150575 0.05869416199201723 
0.09254627313656828 0.051139262810190204 
0.0930465232616308 0.043270936906938125 
0.09354677338669334 0.03512668089902583 
0.09404702351175587 0.02674563792623106 
0.0945472736368184 0.018168409757602276 
0.09504752376188093 0.009436860376945575 
0.09554777388694347 0.0005939119963699613 
0.09604802401200599 0.0 
0.09654827413706853 0.0 
0.09704852426213106 0.0 
0.09754877438719359 0.0 
0.09804902451225612 0.0 
0.09854927463731865 0.0 
0.09904952476238119 0.0 
0.09954977488744371 0.0 
0.10005002501250625 0.0 
0.10055027513756877 0.0 
0.10105052526263131 0.0 
0.10155077538769385 0.0 
0.10205102551275637 0.0 
0.1025512756378189 0.0 
0.10305152576288143 0.0 
0.10355177588794397 0.0 
0.10405202601300649 0.0 
0.10455227613806903 0.0 
0.10505252626313155 0.0 
0.10555277638819409 0.0 
0.10605302651325663 0.0 
0.10655327663831915 0.0 
0.10705352676338169 0.0 
0.10755377688844421 0.0 
0.10805402701350675 0.0 
0.10855427713856927 0.0 
0.10905452726363181 0.0 
0.10955477738869433 0.0 
0.11005502751375687 0.0 
0.11055527763881941 0.0 
0.11105552776388193 0.0 
0.11155577788894447 0.0 
0.11205602801400699 0.0 
0.11255627813906953 0.0 
0.11305652826413205 0.0 
0.11355677838919459 0.0 
0.11405702851425711 0.0 
0.11455727863931965 0.0 
0.11505752876438219 0.0 
0.11555777888944471 0.0 
0.11605802901450725 0.0 
0.11655827913956977 0.0 
0.11705852926463231 0.0 
0.11755877938969483 0.0 
0.11805902951475737 0.0029703161684899344 
0.1185592796398199 0.013343547197539305 
0.11905952976488243 0.0237185467149652 
0.11955977988994497 0.03404379895336267 
0.1200600300150075 0.044267726090789584 
0.12056028014007003 0.054338945201858696 
0.12106053026513255 0.06420652564663754 
0.12156078039019509 0.0738202456110673 
0.12206103051525762 0.08313084651040939 
0.12256128064032015 0.09209028397150447 
0.12306153076538268 0.10065197412032431 
0.12356178089044521 0.1087710339185256 
0.12406203101550775 0.11640451431619957 
0.12456228114057027 0.12351162501794208 
0.1250625312656328 0.13005394969534326 
0.12556278139069535 0.13599565052105644 
0.12606303151575787 0.1413036609475402 
0.1265632816408204 0.14594786570701762 
0.12706353176588292 0.14990126706814527 
0.12756378189094547 0.15314013644886995 
0.128064032016008 0.15564415055377645 
0.12856428214107052 0.15739651127753237 
0.12906453226613307 0.15838404869349781 
0.1295647823911956 0.158597306527771 
0.13006503251625812 0.15803060960356377 
0.13056528264132064 0.1566821128283469 
0.1310655327663832 0.1545538313863554 
0.13156578289144572 0.15165165189123925 
0.13206603301650824 0.1479853243475399 
0.13256628314157076 0.143568434864738 
0.1330665332666333 0.1384183591633972 
0.13356678339169584 0.1325561970089609 
0.13406703351675836 0.1260066878045568 
0.1345672836418209 0.11879810766922118 
0.13506753376688344 0.11096214842184438 
0.13556778389194596 0.1025337789833421 
0.13606803401700848 0.09355108979960736 
0.13656828414207103 0.08405512097527351 
0.13706853426713356 0.07408967489273426 
0.13756878439219608 0.06370111417177032 
0.13806903451725863 0.052938145902195574 
0.13856928464232116 0.04185159315461075 
0.13906953476738368 0.030494154842414266 
0.1395697848924462 0.018920155071189385 
0.14007003501750875 0.007185283169173447 
0.14057028514257128 0.0 
0.1410705352676338 0.0 
0.14157078539269632 0.0 
0.14207103551775888 0.0 
0.1425712856428214 0.0 
0.14307153576788392 0.0 
0.14357178589294647 0.0 
0.144072036018009 0.0 
0.14457228614307152 0.0 
0.14507253626813404 0.0 
0.1455727863931966 0.0 
0.14607303651825912 0.0 
0.14657328664332164 0.0 
0.1470735367683842 0.0 
0.14757378689344672 0.0 
0.14807403701850924 0.0 
0.14857428714357176 0.0 
0.14907453726863432 0.0 
0.14957478739369684 0.0 
0.15007503751875936 0.0 
0.1505752876438219 0.0 
0.15107553776888444 0.0 
0.15157578789394696 0.0 
0.15207603801900949 0.0 
0.15257628814407204 0.0 
0.15307653826913456 0.0 
0.15357678839419708 0.0 
0.1540770385192596 0.0 
0.15457728864432216 0.0 
0.15507753876938468 0.0 
0.1555777888944472 0.0 
0.15607803901950976 0.0 
0.15657828914457228 0.0 
0.1570785392696348 0.0 
0.15757878939469733 0.0 
0.15807903951975988 0.0 
0.1585792896448224 0.0 
0.15907953976988493 0.0 
0.15957978989494745 0.0 
0.16008004002001 0.0 
0.16058029014507252 0.0 
0.16108054027013505 0.0 
0.1615807903951976 0.0 
0.16208104052026012 0.0 
0.16258129064532265 0.0 
0.16308154077038517 0.004028995067599364 
0.16358179089544772 0.017455305308897703 
0.16408204102051024 0.030867027334562813 
0.16458229114557277 0.04419882010962936 
0.16508254127063532 0.05738541967482699 
0.16558279139569784 0.07036195872432818 
0.16608304152076037 0.08306428564648521 
0.1665832916458229 0.09542928145790822 
0.16708354177088544 0.10739517306536747 
0.16758379189594796 0.1189018413017908 
0.1680840420210105 0.12989112220217336 
0.168584292146073 0.14030710001242486 
0.16908454227113556 0.15009639045883105 
0.1695847923961981 0.15920841284794882 
0.1700850425212606 0.16759564961606133 
0.17058529264632316 0.17521389200357246 
0.17108554277138568 0.18202247059280827 
0.1715857928964482 0.1879844695171107 
0.17208604302151073 0.19306692322478666 
0.17258629314657328 0.19724099476278772 
0.1730865432716358 0.20048213463182107 
0.17358679339669833 0.202770219356346 
0.17408704352176088 0.2040896690092098 
0.1745872936468234 0.2044295430310881 
0.17508754377188593 0.20378361378892854 
0.17558779389694845 0.20215041742467016 
0.176088044022011 0.19953328165527903 
0.17658829414707353 0.19594033029688188 
0.17708854427213605 0.19138446439906143 
0.17758879439719857 0.18588331998967236 
0.17808904452226113 0.17945920254513634 
0.17858929464732365 0.172138998415715 
0.17908954477238617 0.16395406354901226 
0.17958979489744872 0.15494008996743888 
0.18009004502251125 0.14513695056603446 
0.18059029514757377 0.13458852290526704 
0.1810905452726363 0.1233424927787493 
0.18159079539769885 0.11145013843767484 
0.18209104552276137 0.09896609645163593 
0.1825912956478239 0.08594811027888805 
0.18309154577288644 0.07245676270762093 
0.18359179589794897 0.058555193412824225 
0.1840920460230115 0.04430880295063665 
0.18459229614807401 0.02978494458307214 
0.18509254627313657 0.015052605390465025 
0.1855927963981991 0.00018207818656669483 
0.1860930465232616 0.0 
0.18659329664832414 0.0 
0.1870935467733867 0.0 
0.1875937968984492 0.0 
0.18809404702351173 0.0 
0.18859429714857429 0.0 
0.1890945472736368 0.0 
0.18959479739869933 0.0 
0.19009504752376186 0.0 
0.1905952976488244 0.0 
0.19109554777388693 0.0 
0.19159579789894945 0.0 
0.19209604802401198 0.0 
0.19259629814907453 0.0 
0.19309654827413705 0.0 
0.19359679839919958 0.0 
0.19409704852426213 0.0 
0.19459729864932465 0.0 
0.19509754877438718 0.0 
0.1955977988994497 0.0 
0.19609804902451225 0.0 
0.19659829914957477 0.0 
0.1970985492746373 0.0 
0.19759879939969985 0.0 
0.19809904952476237 0.0 
0.1985992996498249 0.0 
0.19909954977488742 0.0 
0.19959979989994997 0.0 
0.2001000500250125 0.0 
0.20060030015007502 0.0 
0.20110055027513754 0.0 
0.2016008004002001 0.0 
0.20210105052526262 0.0 
0.20260130065032514 0.0 
0.2031015507753877 0.0 
0.2036018009004502 0.0 
0.20410205102551274 0.0 
0.20460230115057526 0.0 
0.2051025512756378 0.0 
0.20560280140070034 0.0 
0.20610305152576286 0.0 
0.2066033016508254 0.0 
0.20710355177588793 0.0 
0.20760380190095046 0.0 
0.20810405202601298 0.0 
0.20860430215107553 0.01087169692679471 
0.20910455227613806 0.027364329473973804 
0.20960480240120058 0.04380059304900437 
0.2101050525262631 0.06010177776189703 
0.21060530265132565 0.07618953741219549 
0.21110555277638818 0.09198626763152304 
0.2116058029014507 0.10741548172115911 
0.21210605302651325 0.12240218236391784 
0.21260630315157578 0.13687322740410085 
0.2131065532766383 0.15075768791264688 
0.21360680340170082 0.16398719678665144 
0.21410705352676337 0.17649628617298896 
0.2146073036518259 0.18822271205476862 
0.21510755377688842 0.19910776439647737 
0.21560780390195097 0.2090965613087574 
0.2161080540270135 0.21813832576639636 
0.21660830415207602 0.22618664349309858 
0.21710855427713854 0.23319970071345575 
0.2176088044022011 0.23914050056596123 
0.21810905452726362 0.2439770570703036 
0.21860930465232614 0.24768256564732113 
0.21910955477738867 0.25023554930012076 
0.21960980490245122 0.2516199796796823 
0.22011005502751374 0.25182537237707686 
0.22061030515257626 0.2508468559067433 
0.22111055527763882 0.24868521397048649 
0.22161080540270134 0.24534690071938986 
0.22211105552776386 0.2408440288600245 
0.22261130565282639 0.23519433058165845 
0.22311155577788894 0.22842109141186603 
0.22361180590295146 0.22055305723854635 
0.22411205602801398 0.21162431486603994 
0.22461230615307654 0.20167414660138794 
0.22511255627813906 0.19074685949296727 
0.22561280640320158 0.17889158996734594 
0.2261130565282641 0.16616208473045305 
0.22661330665332666 0.15261645891557066 
0.22711355677838918 0.1383169325726754 
0.2276138069034517 0.12332954670061769 
0.22811405702851423 0.10772386012512024 
0.22861430715357678 0.09157262862107032 
0.2291145572786393 0.07495146776652876 
0.22961480740370183 0.05793850109799119 
0.23011505752876438 0.04061399521106826 
0.2306153076538269 0.023059983517851483 
0.23111555777888942 0.005359880431112206 
0.23161580790395195 0.0 
0.2321160580290145 0.0 
0.23261630815407702 0.0 
0.23311655827913955 0.0 
0.2336168084042021 0.0 
0.23411705852926462 0.0 
0.23461730865432714 0.0 
0.23511755877938967 0.0 
0.23561780890445222 0.0 
0.23611805902951474 0.0 
0.23661830915457727 0.0 
0.2371185592796398 0.0 
0.23761880940470234 0.0 
0.23811905952976486 0.0 
0.2386193096548274 0.0 
0.23911955977988994 0.0 
0.23961980990495246 0.0 
0.240120060030015 0.0 
0.2406203101550775 0.0 
0.24112056028014006 0.0 
0.24162081040520259 0.0 
0.2421210605302651 0.0 
0.24262131065532766 0.0 
0.24312156078039018 0.0 
0.2436218109054527 0.0 
0.24412206103051523 0.0 
0.24462231115557778 0.0 
0.2451225612806403 0.0 
0.24562281140570283 0.0 
0.24612306153076535 0.0 
0.2466233116558279 0.0 
0.24712356178089043 0.0 
0.24762381190595295 0.0 
0.2481240620310155 0.0 
0.24862431215607803 0.0 
0.24912456228114055 0.0 
0.24962481240620307 0.0 
0.2501250625312656 0.0 
0.25062531265632815 0.0 
0.2511255627813907 0.0 
0.2516258129064532 0.0 
0.25212606303151575 0.0 
0.2526263131565783 0.0 
0.2531265632816408 0.0 
0.25362681340670334 0.001511115863840902 
0.25412706353176584 0.0211477753546912 
0.2546273136568284 0.04082957596399161 
0.25512756378189094 0.06046553393943676 
0.25562781390695344 0.07996465535619215 
0.256128064032016 0.09923636813936261 
0.25662831415707854 0.11819095326584142 
0.25712856428214104 0.13673997309709568 
0.2576288144072036 0.15479669480326744 
0.25812906453226614 0.17227650685725152 
0.25862931465732864 0.18909732660556958 
0.2591295647823912 0.20517999696044728 
0.2596298149074537 0.22044867030439552 
0.26013006503251623 0.23483117775475773 
0.2606303151575788 0.24825938200073375 
0.2611305652826413 0.26066951199894367 
0.26163081540770383 0.27200247789567544 
0.2621310655327664 0.28220416463370607 
0.2626313156578289 0.29122570279900484 
0.26313156578289143 0.29902371536707173 
0.263631815907954 0.30556053911965025 
0.2641320660330165 0.3108044196196551 
0.26463231615807903 0.31472967875475877 
0.2651325662831415 0.3173168539876672 
0.2656328164082041 0.31855280858301627 
0.2661330665332666 0.31843081221653313 
0.2666333166583291 0.31695059151088084 
0.2671335667833917 0.3141183501838591 
0.2676338169084542 0.3099467586377056 
0.2681340670335167 0.30445491296239136 
0.26863431715857927 0.2976682634704738 
0.2691345672836418 0.28961851302540137 
0.2696348174087043 0.28034348556870775 
0.27013506753376687 0.26988696539333185 
0.2706353176588294 0.2582985078499388 
0.2711355677838919 0.24563322230976248 
0.27163581790895447 0.23195152834055968 
0.27213606803401696 0.2173188861811059 
0.2726363181590795 0.20180550272366524 
0.27313656828414207 0.18548601433242234 
0.27363681840920456 0.16843914793844472 
0.2741370685342671 0.15074736195769187 
0.27463731865932967 0.1324964686775597 
0.27513756878439216 0.11377523984886004 
0.2756378189094547 0.09467499730344031 
0.27613806903451726 0.07528919049271623 
0.27663831915957976 0.05571296290859608 
0.2771385692846423 0.03604270940530856 
0.2776388194097048 0.01637562648843692 
0.27813906953476736 0.0 
0.2786393196598299 0.0 
0.2791395697848924 0.0 
0.27963981990995496 0.0 
0.2801400700350175 0.0 
0.28064032016008 0.0 
0.28114057028514255 0.0 
0.2816408204102051 0.0 
0.2821410705352676 0.0 
0.28264132066033015 0.0 
0.28314157078539265 0.0 
0.2836418209104552 0.0 
0.28414207103551775 0.0 
0.28464232116058025 0.0 
0.2851425712856428 0.0 
0.28564282141070535 0.0 
0.28614307153576785 0.0 
0.2866433216608304 0.0 
0.28714357178589295 0.0 
0.28764382191095544 0.0 
0.288144072036018 0.0 
0.28864432216108055 0.0 
0.28914457228614304 0.0 
0.2896448224112056 0.0 
0.2901450725362681 0.0 
0.29064532266133064 0.0 
0.2911455727863932 0.0 
0.2916458229114557 0.0 
0.29214607303651824 0.0 
0.2926463231615808 0.0 
0.2931465732866433 0.0 
0.29364682341170584 0.0 
0.2941470735367684 0.0 
0.2946473236618309 0.0 
0.29514757378689344 0.0 
0.29564782391195593 0.0 
0.2961480740370185 0.0 
0.29664832416208103 0.0 
0.29714857428714353 0.0 
0.2976488244122061 0.010548750278772182 
0.29814907453726863 0.033636496034550406 
0.29864932466233113 0.05716674968576663 
0.2991495747873937 0.08104060910425538 
0.29964982491245623 0.1051574691690445 
0.3001500750375187 0.12941549260729912 
0.3006503251625813 0.15371208786857682 
0.3011505752876438 0.17794439180430877 
0.3016508254127063 0.20200975489627263 
0.3021510755377689 0.22580622676027085 
0.30265132566283137 0.24923303964411755 
0.3031515757878939 0.27219108764276 
0.3036518259129565 0.29458339936778766 
0.30415207603801897 0.3163156018334434 
0.3046523261630815 0.33729637335702856 
0.3051525762881441 0.35743788331745197 
0.30565282641320657 0.37665621667194954 
0.3061530765382691 0.39487178119722327 
0.30665332666333167 0.412009695497185 
0.30715357678839417 0.4280001559047408 
0.3076538269134567 0.4427787804993998 
0.3081540770385192 0.4562869285653261 
0.30865432716358177 0.4684719939254746 
0.3091545772886443 0.4792876707060379 
0.3096548274137068 0.4886941902110979 
0.31015507753876936 0.49665852771965946 
0.3106553276638319 0.5031545781552573 
0.3111555777888944 0.5081632997217566 
0.31165582791395696 0.5116728247469977 
0.3121560780390195 0.5136785371278341 
0.312656328164082 0.5141831159252965 
0.31315657828914456 0.513196544816366 
0.31365682841420706 0.5107360872682296 
0.3141570785392696 0.5068262274615223 
0.31465732866433216 0.5014985771497926 
0.31515757878939465 0.4947917488028521 
0.3156578289144572 0.4867511955408191 
0.31615807903951976 0.47742901852280045 
0.31665832916458225 0.4668837426087926 
0.3171585792896448 0.4551800612642909 
0.31765882941470736 0.44238855182413495 
0.31815907953976985 0.42858536237419576 
0.3186593296648324 0.4138518716459767 
0.3191595797898949 0.3982743234496884 
0.31965982991495745 0.3819434372948905 
0.32016008004002 0.3649539969639365 
0.3206603301650825 0.34740441891174395 
0.32116058029014505 0.329396302465069 
0.3216608304152076 0.31103396388518467 
0.3221610805402701 0.29242395643927077 
0.32266133066533265 0.27367457869713624 
0.3231615807903952 0.25489537333123474 
0.3236618309154577 0.23619661874872458 
0.32416208104052024 0.21768881592413988 
0.32466233116558274 0.19948217283033126 
0.3251625812906453 0.18168608888307286 
0.32566283141570784 0.16440864182120302 
0.32616308154077034 0.1477560794394334 
0.3266633316658329 0.13183231857462618 
0.32716358179089544 0.11673845371898794 
0.32766383191595794 0.10257227759482242 
0.3281640820410205 0.0894278159757477 
0.32866433216608304 0.07739487897860949 
0.32916458229114554 0.06655863097917594 
0.3296648324162081 0.05699918122298927 
0.33016508254127064 0.04879119711142102 
0.33066533266633313 0.042003542041797313 
0.3311655827913957 0.036698939570368974 
0.3316658329164582 0.032933665548096284 
0.33216608304152073 0.030757269752362877 
0.3326663331665833 0.03021232840338449 
0.3331665832916458 0.031334228812754564 
0.33366683341670833 0.034150987264086836 
0.3341670835417709 0.03868310107253412 
0.3346673336668334 0.044943435611977854 
0.33516758379189593 0.052937146936501145 
0.3356678339169585 0.0626616404571869 
0.336168084042021 0.07410656596698612 
0.3366683341670835 0.08725384913640696 
0.337168584292146 0.10207775943154562 
0.3376688344172086 0.11854501423451526 
0.3381690845422711 0.13661491877554124 
0.3386693346673336 0.1562395413162751 
0.3391695847923962 0.17736392285659958 
0.3396698349174587 0.19992632047261133 
0.3401700850425212 0.2238584832326729 
0.34067033516758377 0.24908595948221077 
0.3411705852926463 0.27552843413679534 
0.3416708354177088 0.3031000944778596 
0.34217108554277137 0.3317100228070857 
0.34267133566783387 0.3612626141842175 
0.3431715857928964 0.39165801734986855 
0.34367183591795897 0.4227925968204068 
0.34417208604302146 0.45455941403631167 
0.344672336168084 0.4868487253497523 
0.34517258629314657 0.5195484945513382 
0.34567283641820906 0.5525449175608277 
0.3461730865432716 0.5857229568426029 
0.34667333666833416 0.6189668830536127 
0.34717358679339666 0.6521608213903156 
0.3476738369184592 0.6851893000717241 
0.34817408704352176 0.717937798378018 
0.34867433716858426 0.7502932916588357 
0.3491745872936468 0.7821447907322766 
0.3496748374187093 0.8133838731143128 
0.35017508754377186 0.8439052035496626 
0.3506753376688344 0.8736070413581057 
0.3511755877938969 0.9023917321651638 
0.35167583791895946 0.9301661816527396 
0.352176088044022 0.9568423090431638 
0.3526763381690845 0.9823374781189921 
0.35317658829414705 1.006574903680639 
0.3536768384192096 1.0294840314535905 
0.3541770885442721 1.0510008895764633 
0.35467733866933465 1.0710684099299725 
0.35517758879439715 1.0896367177040283 
0.3556778389194597 1.1066633877455987 
0.35617808904452225 1.1221136663825282 
0.35667833916958475 1.1359606575777415 
0.3571785892946473 1.1481854724334937 
0.35767883941970985 1.1587773412355085 
0.35817908954477234 1.1677336874015944 
0.3586793396698349 1.1750601628774289 
0.35917958979489745 1.1807706447031898 
0.35967983991995994 1.1848871926573594 
0.3601800900450225 1.18743996806791 
0.360680340170085 1.188467114064932 
0.36118059029514754 1.1880145977319523 
0.3616808404202101 1.1861360147947901 
0.3621810905452726 1.1828923576659283 
0.36268134067033514 1.1783517478382064 
0.3631815907953977 1.1725891337932277 
0.3636818409204602 1.1656859557566523 
0.36418209104552274 1.1577297787933207 
0.3646823411705853 1.1488138958895215 
0.3651825912956478 1.1390369028167193 
0.36568284142071034 1.128502246709901 
0.3661830915457729 1.11731775042405 
0.3666833416708354 1.1055951148529766 
0.36718359179589793 1.0934494015056884 
0.36768384192096043 1.0809984977356986 
0.368184092046023 1.068362567108106 
0.36868434217108553 1.0556634874668351 
0.36918459229614803 1.0430242793305522 
0.3696848424212106 1.0305685272990652 
0.37018509254627313 1.0184197971933162 
0.3706853426713356 1.0067010516801336 
0.3711855927963982 0.9955340671482316 
0.37168584292146073 0.9850388546041279 
0.3721860930465232 0.9753330873456784 
0.3726863431715858 0.966531538146796 
0.3731865932966483 0.9587455286497965 
0.3736868434217108 0.9520823936116848 
0.3741870935467734 0.9466449625879021 
0.37468734367183587 0.9425310615617635 
0.3751875937968984 0.9398330369402589 
0.375687843921961 0.9386373042378061 
0.37618809404702347 0.9390239236587967 
0.376688344172086 0.941066204668415 
0.37718859429714857 0.9448303415094128 
0.37768884442221107 0.9503750814809906 
0.3781890945472736 0.957751427645413 
0.3786893446723361 0.967002377468968 
0.37918959479739867 0.978162698737202 
0.3796898449224612 0.9912587439109728 
0.3801900950475237 1.0063083039099785 
0.38069034517258626 1.0233205021258005 
0.3811905952976488 1.0422957292770276 
0.3816908454227113 1.0632256195263217 
0.38219109554777386 1.08609306808393 
0.3826913456728364 1.1108722903250523 
0.3831915957978989 1.1375289222507092 
0.38369184592296146 1.166020161924227 
0.38419209604802396 1.196294951318965 
0.3846923461730865 1.2282941978186173 
0.38519259629814906 1.2619510344201785 
0.38569284642321155 1.2971911175021746 
0.3861930965482741 1.3339329608384785 
0.38669334667333666 1.3720883043611092 
0.38719359679839915 1.4115625160054173 
0.3876938469234617 1.4522550248083648 
0.38819409704852426 1.4940597832762121 
0.38869434717358675 1.5368657568924244 
0.3891945972986493 1.5805574385011751 
0.38969484742371185 1.625015385176403 
0.39019509754877435 1.6701167750722459 
0.3906953476738369 1.7157359816483433 
0.3911955977988994 1.7617451625728004 
0.39169584792396195 1.8080148605282782 
0.3921960980490245 1.8544146130817398 
0.392696348174087 1.900813568727215 
0.39319659829914955 1.9470811061735194 
0.3936968484242121 1.9930874539250616 
0.3941970985492746 2.0387043071943434 
0.39469734867433715 2.0838054391895957 
0.3951975987993997 2.1282673038394795 
0.3956978489244622 2.1719696270499327 
0.39619809904952474 2.214795983635283 
0.39669834917458724 2.256634357126404 
0.3971985992996498 2.297377679733299 
0.39769884942471234 2.3369243498271577 
0.39819909954977484 2.3751787244076086 
0.3986993496748374 2.412051584133945 
0.39919959979989994 2.4474605686242663 
0.39969984992496244 2.481330579862793 
0.400200100050025 2.513594151703017 
0.40070035017508754 2.544191783611566 
0.40120060030015003 2.573072236964377 
0.4017008504252126 2.600192792382157 
0.4022011005502751 2.625519466775117 
0.40270135067533763 2.6490271889569788 
0.4032016008004002 2.670699932884355 
0.4037018509254627 2.6905308077786425 
0.40420210105052523 2.7085221045929386 
0.4047023511755878 2.7246852984949057 
0.4052026013006503 2.739041007247084 
0.40570285142571283 2.751618905578049 
0.4062031015507754 2.762457595849651 
0.4067033516758379 2.771604435536641 
0.4072036018009004 2.7791153222441993 
0.407703851925963 2.785054437195034 
0.4082041020510255 2.7894939483200933 
0.408704352176088 2.792513674284326 
0.4092046023011505 2.794200710970419 
0.4097048524262131 2.7946490221281928 
0.4102051025512756 2.793958996074236 
0.4107053526763381 2.7922369704947996 
0.41120560280140067 2.789594727563728 
0.4117058529264632 2.786148961736002 
0.4122061030515257 2.7820207227149933 
0.41270635317658827 2.7773348362175034 
0.4132066033016508 2.7722193052742763 
0.4137068534267133 2.7668046949042964 
0.41420710355177587 2.76122350308845 
0.41470735367683836 2.755609521041366 
0.4152076038019009 2.750097185839249 
0.41570785392696347 2.744820928505895 
0.41620810405202596 2.7399145206885023 
0.4167083541770885 2.7355104230692193 
0.41720860430215106 2.731739138657668 
0.41770885442721356 2.7287285740934544 
0.4182091045522761 2.7266034120565883 
0.41870935467733866 2.7254844978373334 
0.41920960480240116 2.7254882430557146 
0.4197098549274637 2.7267260494451313 
0.4202101050525262 2.72930375552424 
0.42071035517758876 2.733321108877185 
0.4212106053026513 2.738871266644636 
0.4217108554277138 2.7460403266976745 
0.42221110555277636 2.7549068918236754 
0.4227113556778389 2.7655416690989356 
0.4232116058029014 2.7780071064573475 
0.42371185592796395 2.792357068288881 
0.4242121060530265 2.808636551716776 
0.424712356178089 2.826881445008911 
0.42521260630315155 2.8471183293780182 
0.4257128564282141 2.8693643252179135 
0.4262131065532766 2.8936269836098147 
0.42671335667833915 2.9199042237153088 
0.42721360680340165 2.948184316451282 
0.4277138569284642 2.9784459146186477 
0.42821410705352675 3.0106581294317643 
0.42871435717858924 3.044780653170125 
0.4292146073036518 3.080763927449742 
0.42971485742871435 3.1185493563890017 
0.43021510755377684 3.158069563724445 
0.4307153576788394 3.199248692716616 
0.43121560780390195 3.2420027474759032 
0.43171585792896444 3.2862399741343378 
0.432216108054027 3.3318612800926064 
0.4327163581790895 3.378760689382826 
0.43321660830415204 3.4268258320083897 
0.4337168584292146 3.4759384649525793 
0.4342171085542771 3.5259750223891633 
0.43471735867933964 3.5768071924814353 
0.4352176088044022 3.6283025180215875 
0.4357178589294647 3.68032501804103 
0.43621810905452724 3.7327358274147766 
0.4367183591795898 3.7853938513896326 
0.4372186093046523 3.838156431887439 
0.43771885942971483 3.890880022371437 
0.43821910955477733 3.9434208680159566 
0.4387193596798399 3.995635687887742 
0.43921960980490243 4.047382355831412 
0.43971985992996493 4.098520576751621 
0.4402201100550275 4.1489125550009724 
0.44072036018009003 4.198423651615207 
0.4412206103051525 4.246923027185604 
0.4417208604302151 4.29428426722288 
0.44222111055527763 4.34038598694667 
0.4427213606803401 4.385112412529445 
0.4432216108054027 4.428353935933599 
0.44372186093046523 4.470007640604092 
0.4442221110555277 4.509977795416612 
0.4447223611805903 4.548176314431709 
0.44522261130565277 4.584523180168025 
0.4457228614307153 4.618946828282046 
0.4462231115557779 4.651384491726735 
0.44672336168084037 4.681782502655956 
0.4472236118059029 4.710096550545344 
0.44772386193096547 4.736291895211478 
0.44822411205602797 4.760343533629539 
0.4487243621810905 4.782236319673658 
0.44922461230615307 4.801965036132767 
0.44972486243121557 4.8195344185871045 
0.4502251125562781 4.834959130965204 
0.4507253626813406 4.848263692837147 
0.45122561280640316 4.859482358736016 
0.4517258629314657 4.8686589500345265 
0.4522261130565282 4.875846640136665 
0.45272636318159076 4.881107693973754 
0.4532266133066533 4.884513163019342 
0.4537268634317158 4.886142537256822 
0.45422711355677836 4.886083355746305 
0.4547273636818409 4.884430777642513 
0.4552276138069034 4.881287115711391 
0.45572786393196596 4.876761334579801 
0.45622811405702846 4.870968516128392 
0.456728364182091 4.864029294601848 
0.45722861430715356 4.856069264162591 
0.45772886443221605 4.8472183617525735 
0.4582291145572786 4.837610228252479 
0.45872936468234116 4.827381551037936 
0.45922961480740365 4.81667139112733 
0.4597298649324662 4.80562049819542 
0.46023011505752875 4.794370616790429 
0.46073036518259125 4.78306378713945 
0.4612306153076538 4.77184164395765 
0.4617308654327163 4.760844716690471 
0.46223111555777885 4.750211734615036 
0.4627313656828414 4.740078940206975 
0.4632316158079039 4.730579414142204 
0.46373186593296645 4.7218424152497285 
0.464232116058029 4.713992738661775 
0.4647323661830915 4.70715009532171 
0.46523261630815405 4.701428515908505 
0.4657328664332166 4.696935782119983 
0.4662331165582791 4.693772888125384 
0.46673336668334164 4.692033534852541 
0.4672336168084042 4.691803659616229 
0.4677338669334667 4.693161003422819 
0.46823411705852924 4.696174718103564 
0.46873436718359174 4.70090501523483 
0.4692346173086543 4.707402858600095 
0.46973486743371684 4.715709701735827 
0.47023511755877934 4.725857271882959 
0.4707353676838419 4.737867401438654 
0.47123561780890444 4.751751907770094 
0.47173586793396693 4.767512522014849 
0.4722361180590295 4.7851408672518 
0.47273636818409204 4.804618486183819 
0.47323661830915453 4.8259169182297965 
0.4737368684342171 4.848997825680244 
0.4742371185592796 4.873813168328874 
0.47473736868434213 4.900305425753257 
0.4752376188094047 4.928407866182565 
0.4757378689344672 4.9580448606599195 
0.47623811905952973 4.9891322409830865 
0.4767383691845923 5.021577699690308 
0.4772386193096548 5.055281230149916 
0.47773886943471733 5.090135604613366 
0.4782391195597799 5.126026887903061 
0.4787393696848424 5.1628349842290815 
0.4792396198099049 5.2004342144643765 
0.4797398699349674 5.238693921056182 
0.48024012006003 5.277479097613628 
0.4807403701850925 5.316651040088455 
0.481240620310155 5.356068016357395 
0.48174087043521757 5.395585950922852 
0.4822411205602801 5.435059121372106 
0.4827413706853426 5.474340863175986 
0.48324162081040517 5.513284279365282 
0.4837418709354677 5.551742951597773 
0.4842421210605302 5.589571649120406 
0.48474237118559277 5.626627032140609 
0.4852426213106553 5.6627683461468346 
0.4857428714357178 5.69785810376213 
0.48624312156078037 5.731762750775182 
0.48674337168584286 5.764353313070309 
0.4872436218109054 5.795506021271519 
0.48774387193596797 5.825102910025009 
0.48824412206103046 5.853032388969141 
0.488744372186093 5.879189782580209 
0.48924462231115556 5.903477836235681 
0.48974487243621806 5.925807186003057 
0.4902451225612806 5.946096789841486 
0.49074537268634316 5.96427431809381 
0.49124562281140566 5.980276501347624 
0.4917458729364682 5.9940494339547685 
0.4922461230615307 6.005548831717643 
0.49274637318659326 6.014740242477528 
0.4932466233116558 6.021599208572894 
0.4937468734367183 6.026111380373903 
0.49424712356178085 6.028272580341159 
0.4947473736868434 6.028088817301829 
0.4952476238119059 6.025576250882417 
0.49574787393696845 6.020761106284197 
0.496248124062031 6.013679539833167 
0.4967483741870935 6.004377455979753 
0.49724862431215605 5.992910276663973 
0.49774887443721855 5.979342664197292 
0.4982491245622811 5.963748199042381 
0.49874937468734365 5.9462090140949915 
0.49924962481240615 5.926815387287327 
0.4997498749374687 5.905665294538016 
0.5002501250625312 5.882863925269908 
0.5007503751875938 5.858523162901527 
0.5012506253126563 5.832761032890686 
0.5017508754377188 5.805701121069052 
0.5022511255627814 5.777471965152046 
0.5027513756878439 5.748206422440944 
0.5032516258129064 5.718041016850367 
0.503751875937969 5.6871152684956 
0.5042521260630315 5.655571009159293 
0.504752376188094 5.623551687025444 
0.5052526263131566 5.5912016641199855 
0.5057528764382191 5.558665509931965 
0.5062531265632816 5.526087294706182 
0.5067533766883441 5.493609885897753 
0.5072536268134067 5.461374251261635 
0.5077538769384692 5.429518772014877 
0.5082541270635317 5.398178569457308 
0.5087543771885943 5.367484848367485 
0.5092546273136568 5.337564260405155 
0.5097548774387193 5.308538290650049 
0.5102551275637819 5.280522670289658 
0.5107553776888444 5.253626818336782 
0.5112556278139069 5.2279533151112245 
0.5117558779389695 5.203597410060223 
0.512256128064032 5.180646566319678 
0.5127563781890945 5.1591800442338265 
0.5132566283141571 5.139268525855602 
0.5137568784392196 5.120973782244751 
0.5142571285642821 5.104348385166498 
0.5147573786893447 5.089435464571612 
0.5152576288144072 5.076268513009981 
0.5157578789394697 5.06487123789552 
0.5162581290645323 5.055257462301646 
0.5167583791895948 5.047431074724646 
0.5172586293146573 5.041386028008612 
0.5177588794397199 5.037106387380898 
0.5182591295647824 5.0345664273032655 
0.5187593796898449 5.033730776601382 
0.5192596298149074 5.034554611095996 
0.51975987993997 5.036983892723905 
0.5202601300650325 5.040955653906809 
0.520760380190095 5.0463983257026666 
0.5212606303151576 5.053232108058202 
0.5217608804402201 5.061369380273912 
0.5222611305652826 5.0707151495953315 
0.5227613806903452 5.0811675356573 
0.5232616308154077 5.092618288332577 
0.5237618809404702 5.10495333637321 
0.5242621310655328 5.118053364083484 
0.5247623811905953 5.131794413127308 
0.5252626313156578 5.146048506452176 
0.5257628814407204 5.160684291205771 
0.5262631315657829 5.175567697431379 
0.5267633816908454 5.190562609254348 
0.527263631815908 5.205531545214553 
0.5277638819409705 5.220336344359247 
0.528264132066033 5.2348388546871645 
0.5287643821910956 5.248901620528366 
0.5292646323161581 5.2623885654547555 
0.5297648824412206 5.275165667344053 
0.530265132566283 5.28710162226436 
0.5307653826913457 5.298068493907534 
0.5312656328164082 5.307942345377032 
0.5317658829414706 5.316603850228981 
0.5322661330665333 5.323938879773853 
0.5327663831915957 5.329839063769455 
0.5332666333166582 5.334202321773409 
0.5337668834417209 5.33693336257428 
0.5342671335667833 5.33794414928396 
0.5347673836918458 5.337154327849479 
0.5352676338169085 5.334491616928517 
0.535767883941971 5.329892157269157 
0.5362681340670334 5.32330081893968 
0.536768384192096 5.314671464967142 
0.5372686343171585 5.303967170163406 
0.537768884442221 5.291160394142852 
0.5382691345672836 5.276233107766092 
0.5387693846923461 5.259176872477438 
0.5392696348174086 5.239992872239747 
0.5397698849424712 5.218691898006567 
0.5402701350675337 5.195294284908509 
0.5407703851925962 5.169829802565459 
0.5412706353176588 5.142337499168983 
0.5417708854427213 5.112865500208228 
0.5422711355677838 5.081470762936392 
0.5427713856928463 5.048218787892922 
0.5432716358179089 5.013183289007643 
0.5437718859429714 4.976445824015583 
0.5442721360680339 4.93809538710526 
0.5447723861930965 4.898227965906514 
0.545272636318159 4.856946065096892 
0.5457728864432215 4.81435819906636 
0.5462731365682841 4.7705783562281034 
0.5467733866933466 4.725725437698571 
0.5472736368184091 4.679922673190537 
0.5477738869434717 4.633297017069332 
0.5482741370685342 4.5859785276141025 
0.5487743871935967 4.538099732601639 
0.5492746373186593 4.489794984390314 
0.5497748874437218 4.441199807726093 
0.5502751375687843 4.392450243520038 
0.5507753876938469 4.34368219185821 
0.5512756378189094 4.29503075750018 
0.5517758879439719 4.246629601100913 
0.5522761380690345 4.198610299353421 
0.552776388194097 4.1511017171965126 
0.5532766383191595 4.10422939516298 
0.5537768884442221 4.058114954859208 
0.5542771385692846 4.012875525468961 
0.5547773886943471 3.968623194060406 
0.5552776388194096 3.925464482349268 
0.5557778889444722 3.883499852431109 
0.5562781390695347 3.8428232438442973 
0.5567783891945972 3.8035216441619055 
0.5572786393196598 3.765674695137059 
0.5577788894447223 3.729354336243346 
0.5582791395697848 3.6946244872596146 
0.5587793896948474 3.661540771348982 
0.5592796398199099 3.630150279875836 
0.5597798899449724 3.600491379992555 
0.560280140070035 3.572593565811352 
0.5607803901950975 3.546477353757243 
0.56128064032016 3.5221542224757663 
0.5617808904452226 3.4996265974461496 
0.5622811405702851 3.4788878802275427 
0.5627813906953476 3.4599225220436916 
0.5632816408204102 3.442706141191699 
0.5637818909454727 3.4272056835441003 
0.5642821410705352 3.4133796252011943 
0.5647823911955978 3.401178216144025 
0.5652826413206603 3.3905437635382496 
0.5657828914457228 3.381410953146369 
0.5662831415707853 3.373707207121447 
0.5667833916958479 3.36735307628059 
0.5672836418209104 3.362262664791443 
0.5677838919459729 3.358344085051191 
0.5682841420710355 3.355499940395285 
0.568784392196098 3.3536278331432525 
0.5692846423211605 3.352620895372124 
0.5697848924462231 3.3523683397045705 
0.5702851425712856 3.352756027309468 
0.5707853926963481 3.3536670502376027 
0.5712856428214107 3.3549823251548587 
0.5717858929464732 3.356581195489895 
0.5722861430715357 3.3583420389830003 
0.5727863931965983 3.3601428776078146 
0.5732866433216608 3.3618619868376722 
0.5737868934467233 3.3633785012437807 
0.5742871435717859 3.3645730134426377 
0.5747873936968484 3.365328163455351 
0.5752876438219109 3.365529215601193 
0.5757878939469735 3.365064620121421 
0.576288144072036 3.3638265568171835 
0.5767883941970985 3.3617114580858565 
0.5772886443221611 3.3586205088538112 
0.5777888944472236 3.354460121028959 
0.5782891445722861 3.3491423802333316 
0.5787893946973486 3.3425854627233895 
0.5792896448224112 3.3347140205630446 
0.5797898949474737 3.325459533280566 
0.5802901450725362 3.3147606244150647 
0.5807903951975988 3.3025633415396634 
0.5812906453226613 3.2888213985364274 
0.5817908954477238 3.2734963790911307 
0.5822911455727864 3.2565579005733016 
0.5827913956978489 3.2379837376677596 
0.5832916458229114 3.217759905326545 
0.583791895947974 3.1958807008143792 
0.5842921460730365 3.172348704824957 
0.584792396198099 3.1471747418488336 
0.5852926463231616 3.1203778001751106 
0.5857928964482241 3.091984912107848 
0.5862931465732866 3.0620309951728872 
0.5867933966983492 3.0305586552805654 
0.5872936468234117 2.997617952994251 
0.5877938969484742 2.963266134231924 
0.5882941470735368 2.9275673268980493 
0.5887943971985993 2.890592205104794 
0.5892946473236618 2.852417622794103 
0.5897948974487243 2.8131262187147192 
0.5902951475737869 2.7728059948408705 
0.5907953976988494 2.731549870440012 
0.5912956478239119 2.689455214106873 
0.5917958979489745 2.646623356178024 
0.592296148074037 2.603159084026338 
0.5927963981990995 2.5591701228062473 
0.5932966483241621 2.514766604279364 
0.5937968984492246 2.4700605263954 
0.5942971485742871 2.4251652063347175 
0.5947973986993497 2.380194729736742 
0.5952976488244122 2.3352633988429066 
0.5957978989494747 2.290485182273207 
0.5962981490745373 2.2459731691324323 
0.5967983991995998 2.2018390301063215 
0.5972986493246623 2.1581924881581895 
0.5977988994497249 2.1151408013746753 
0.5982991495747874 2.072788260435079 
0.5987993996998499 2.0312357030923427 
0.5992996498249125 1.9905800479559832 
0.599799899949975 1.9509138497591096 
0.6003001500750375 1.9123248781726876 
0.6008004002001001 1.8748957221019449 
0.6013006503251626 1.8387034212628626 
0.601800900450225 1.803819126691321 
0.6023011505752875 1.770307791684687 
0.6028014007003502 1.7382278945169192 
0.6033016508254126 1.7076311941030107 
0.6038019009504751 1.6785625196192826 
0.6043021510755378 1.6510595949120577 
0.6048024012006002 1.625152898351149 
0.6053026513256627 1.6008655586052178 
0.6058029014507254 1.5782132866364476 
0.6063031515757878 1.5572043440314747 
0.6068034017008503 1.5378395476057558 
0.607303651825913 1.5201123100402745 
0.6078039019509754 1.5040087161336433 
0.6083041520760379 1.489507634079863 
0.6088044022011005 1.4765808610133992 
0.609304652326163 1.465193301899603 
0.6098049024512255 1.4553031806903172 
0.6103051525762881 1.4468622825129205 
0.6108054027013506 1.4398162255166336 
0.6113056528264131 1.4341047608631157 
0.6118059029514757 1.4296620992202211 
0.6123061530765382 1.4264172619985058 
0.6128064032016007 1.4242944554605046 
0.6133066533266633 1.4232134657329898 
0.6138069034517258 1.4230900726634224 
0.6143071535767883 1.423836480383347 
0.6148074037018508 1.42536176237423 
0.6153076538269134 1.4275723187755667 
0.6158079039519759 1.4303723436305973 
0.6163081540770384 1.433664299732667 
0.616808404202101 1.437349398714338 
0.6173086543271635 1.4413280840125606 
0.617808904452226 1.4455005143459037 
0.6183091545772886 1.4497670453543723 
0.6188094047023511 1.4540287070782878 
0.6193096548274136 1.4581876749898808 
0.6198099049524762 1.462147732339497 
0.6203101550775387 1.4658147216371602 
0.6208104052026012 1.4690969831594116 
0.6213106553276638 1.471905778450346 
0.6218109054527263 1.474155696874165 
0.6223111555777888 1.4757650433738676 
0.6228114057028514 1.4766562056962038 
0.6233116558279139 1.4767559994564083 
0.6238119059529764 1.475995989536519 
0.624312156078039 1.474312786437952 
0.6248124062031015 1.4716483163415746 
0.625312656328164 1.4679500637660319 
0.6258129064532265 1.463171285857147 
0.6263131565782891 1.457271197486483 
0.6268134067033516 1.4502151264856673 
0.6273136568284141 1.441974638493271 
0.6278139069534767 1.4325276310427808 
0.6283141570785392 1.4218583966723113 
0.6288144072036017 1.4099576549887722 
0.6293146573286643 1.3968225537699728 
0.6298149074537268 1.3824566393376436 
0.6303151575787893 1.366869796581041 
0.6308154077038519 1.350078159154408 
0.6313156578289144 1.332103990511643 
0.6318159079539769 1.3129755365766753 
0.6323161580790395 1.2927268509784022 
0.632816408204102 1.2713975939036644 
0.6333166583291645 1.2490328057399664 
0.6338169084542271 1.225682656791163 
0.6343171585792896 1.201402174453684 
0.6348174087043521 1.1762509493373492 
0.6353176588294147 1.150292821903153 
0.6358179089544772 1.1235955512706397 
0.6363181590795397 1.0962304679184198 
0.6368184092046023 1.0682721120635776 
0.6373186593296648 1.0397978595587893 
0.6378189094547273 1.0108875371892336 
0.6383191595797898 0.98162302928546 
0.6388194097048524 0.9520878775926075 
0.6393196598299149 0.9223668763512527 
0.6398199099549774 0.8925456645500877 
0.64032016008004 0.8627103173063142 
0.6408204102051025 0.8329469383158644 
0.641320660330165 0.8033412552925077 
0.6418209104552276 0.7739782202826984 
0.6423211605802901 0.744941616702463 
0.6428214107053526 0.7163136748931221 
0.6433216608304152 0.6881746979351784 
0.6438219109554777 0.6606026993947 
0.6443221610805402 0.6336730546037538 
0.6448224112056028 0.6074581669969391 
0.6453226613306653 0.582027150940266 
0.6458229114557278 0.557445532396464 
0.6463231615807904 0.5337749686734983 
0.6468234117058529 0.5110729884006802 
0.6473236618309154 0.4893927527701527 
0.647823911955978 0.46878283897070694 
0.6483241620810405 0.44928704662755764 
0.648824412206103 0.43094422794497894 
0.6493246623311655 0.4137881421303089 
0.6498249124562281 0.39784733455814364 
0.6503251625812906 0.3831450410125699 
0.6508254127063531 0.36969911722437276 
0.6513256628314157 0.3575219937994933 
0.6518259129564782 0.34662065651522367 
0.6523261630815407 0.33699665184225663 
0.6528264132066033 0.328646117434473 
0.6533266633316658 0.3215598372145854 
0.6538269134567283 0.3157233205730015 
0.6543271635817909 0.311116905090229 
0.6548274137068534 0.3077158820899176 
0.6553276638319159 0.30549064423105216 
0.6558279139569785 0.30440685425392733 
0.656328164082041 0.30442563390609617 
0.6568284142071035 0.3055037719914281 
0.6573286643321661 0.30759395040854043 
0.6578289144572286 0.31064498697393617 
0.6583291645822911 0.31460209376094866 
0.6588294147073537 0.3194071496279429 
0.6593296648324162 0.32499898555836043 
0.6598299149574787 0.33131368139154493 
0.6603301650825413 0.33828487248657435 
0.6608304152076038 0.3458440648318347 
0.6613306653326663 0.3539209570910133 
0.6618309154577288 0.36244376806101547 
0.6623311655827914 0.3713395680096783 
0.6628314157078539 0.38053461236048436 
0.6633316658329164 0.38995467619786356 
0.663831915957979 0.39952538808005766 
0.6643321660830415 0.4091725616664899 
0.664832416208104 0.41882252369335593 
0.6653326663331666 0.428402436863957 
0.6658329164582291 0.4378406162594857 
0.6663331665832916 0.44706683792077273 
0.6668334167083542 0.4560126383019585 
0.6673336668334167 0.46461160335265383 
0.6678339169584792 0.4727996460456106 
0.6683341670835418 0.48051527123206217 
0.6688344172086043 0.4876998267759472 
0.6693346673336668 0.49429773999125115 
0.6698349174587294 0.5002567384831186 
0.6703351675837919 0.5055280545726185 
0.6708354177088544 0.5100666125670413 
0.671335667833917 0.5138311982217157 
0.6718359179589795 0.5167846098251723 
0.672336168084042 0.5188937904266535 
0.6728364182091046 0.5201299408131953 
0.673336668334167 0.5204686129320393 
0.6738369184592296 0.5198897835430388 
0.674337168584292 0.5183779079740704 
0.6748374187093547 0.5159219539404378 
0.6753376688344171 0.5125154154758997 
0.6758379189594796 0.5081563071084048 
0.6763381690845423 0.5028471384971573 
0.6768384192096047 0.4965948698291822 
0.6773386693346672 0.48941084835261095 
0.6778389194597298 0.4813107265001988 
0.6783391695847923 0.47231436213005257 
0.6788394197098548 0.4624457014804558 
0.6793396698349174 0.4517326455022731 
0.6798399199599799 0.4402069002951864 
0.6803401700850424 0.42790381243287556 
0.680840420210105 0.4148621900167837 
0.6813406703351675 0.40112411034872775 
0.68184092046023 0.38673471515832825 
0.6823411705852926 0.3717419943627634 
0.6828414207103551 0.3561965593730534 
0.6833416708354176 0.34015140699310265 
0.6838419209604802 0.32366167498492715 
0.6843421710855427 0.30678439039608757 
0.6848424212106052 0.2895782117628405 
0.6853426713356677 0.27210316631540993 
0.6858429214607303 0.254420383319971 
0.6863431715857928 0.23659182469518542 
0.6868434217108553 0.21868001403994491 
0.6873436718359179 0.20074776520309767 
0.6878439219609804 0.18285791151581332 
0.6883441720860429 0.16507303679246593 
0.6888444222111055 0.14745520918728464 
0.689344672336168 0.13006571897109484 
0.6898449224612305 0.11296482126586868 
0.6903451725862931 0.09621148474423694 
0.6908454227113556 0.07986314726731217 
0.6913456728364181 0.0639754793968437 
0.6918459229614807 0.04860215667717173 
0.6923461730865432 0.03379464153939707 
0.6928464232116057 0.019601975633819366 
0.6933466733366683 0.006070583348333075 
0.6938469234617308 0.0 
0.6943471735867933 0.0 
0.6948474237118559 0.0 
0.6953476738369184 0.0 
0.6958479239619809 0.0 
0.6963481740870435 0.0 
0.696848424212106 0.0 
0.6973486743371685 0.0 
0.697848924462231 0.0 
0.6983491745872936 0.0 
0.6988494247123561 0.0 
0.6993496748374186 0.0 
0.6998499249624812 0.0 
0.7003501750875437 0.0 
0.7008504252126062 0.0 
0.7013506753376688 0.0 
0.7018509254627313 0.0 
0.7023511755877938 0.0 
0.7028514257128564 0.0 
0.7033516758379189 0.0 
0.7038519259629814 0.0 
0.704352176088044 0.0 
0.7048524262131065 0.0 
0.705352676338169 0.0 
0.7058529264632316 0.0 
0.7063531765882941 0.0 
0.7068534267133566 0.0 
0.7073536768384192 0.0 
0.7078539269634817 0.0 
0.7083541770885442 0.0 
0.7088544272136067 0.009595610418708697 
0.7093546773386693 0.021061572721331405 
0.7098549274637318 0.03280064110544993 
0.7103551775887943 0.04475491949859191 
0.7108554277138569 0.056865783489250143 
0.7113556778389194 0.06907412022823352 
0.7118559279639819 0.08132057009417276 
0.7123561780890445 0.09354576919541689 
0.712856428214107 0.10569059177839879 
0.7133566783391695 0.11769639161314147 
0.7138569284642321 0.12950524143079675 
0.7143571785892946 0.14106016949472588 
0.7148574287143571 0.1523053923970014 
0.7153576788394197 0.16318654318517742 
0.7158579289644822 0.17365089394031133 
0.7163581790895447 0.18364757194632983 
0.7168584292146073 0.1931277686128853 
0.7173586793396698 0.20204494033868292 
0.7178589294647323 0.21035500053001133 
0.7183591795897949 0.21801650201968514 
0.7188594297148574 0.22499080916465297 
0.7193596798399199 0.23124225893635814 
0.7198599299649825 0.2367383103560115 
0.720360180090045 0.24144968166766212 
0.7208604302151075 0.24535047468479515 
0.72136068034017 0.24841828579129166 
0.7218609304652326 0.25063430312474405 
0.7223611805902951 0.25198338951918986 
0.7228614307153576 0.2524541508352652 
0.7233616808404202 0.252038989358248 
0.7238619309654827 0.2507341419986341 
0.7243621810905452 0.24853970308519144 
0.7248624312156078 0.24545963159713324 
0.7253626813406703 0.24150174273963704 
0.7258629314657328 0.23667768382541474 
0.7263631815907954 0.23100289448412314 
0.7268634317158579 0.22449655128115775 
0.7273636818409204 0.21718149688698685 
0.727863931965983 0.2090841539984309 
0.7283641820910455 0.20023442427286228 
0.728864432216108 0.19066557259590527 
0.7293646823411706 0.18041409706212308 
0.7298649324662331 0.1695195851063132 
0.7303651825912956 0.15802455628020098 
0.7308654327163582 0.1459742922252405 
0.7313656828414207 0.13341665444683815 
0.7318659329664832 0.12040189054806821 
0.7323661830915458 0.10698242963199103 
0.7328664332166083 0.0932126676306073 
0.7333666833416708 0.07914874336492927 
0.7338669334667333 0.06484830618486292 
0.7343671835917959 0.05037027607872016 
0.7348674337168584 0.03577459718069233 
0.7353676838419209 0.021121985639696778 
0.7358679339669835 0.006473672844943164 
0.736368184092046 0.0 
0.7368684342171085 0.0 
0.7373686843421711 0.0 
0.7378689344672336 0.0 
0.7383691845922961 0.0 
0.7388694347173587 0.0 
0.7393696848424212 0.0 
0.7398699349674837 0.0 
0.7403701850925463 0.0 
0.7408704352176088 0.0 
0.7413706853426713 0.0 
0.7418709354677339 0.0 
0.7423711855927964 0.0 
0.7428714357178589 0.0 
0.7433716858429215 0.0 
0.743871935967984 0.0 
0.7443721860930465 0.0 
0.744872436218109 0.0 
0.7453726863431716 0.0 
0.745872936468234 0.0 
0.7463731865932965 0.0 
0.7468734367183592 0.0 
0.7473736868434216 0.0 
0.7478739369684841 0.0 
0.7483741870935467 0.0 
0.7488744372186092 0.0 
0.7493746873436717 0.0 
0.7498749374687343 0.0 
0.7503751875937968 0.0 
0.7508754377188593 0.0 
0.751375687843922 0.0 
0.7518759379689844 0.0 
0.7523761880940469 0.0 
0.7528764382191095 0.0 
0.753376688344172 0.0 
0.7538769384692345 0.0 
0.7543771885942971 0.0 
0.7548774387193596 0.0 
0.7553776888444221 0.0 
0.7558779389694847 0.0 
0.7563781890945472 0.0 
0.7568784392196097 0.0 
0.7573786893446722 0.0 
0.7578789394697348 0.0 
0.7583791895947973 0.0027487400095472514 
0.7588794397198598 0.01773694600462012 
0.7593796898449224 0.032743521942595125 
0.7598799399699849 0.047698708709932806 
0.7603801900950474 0.06253262995132902 
0.76088044022011 0.07717561014654681 
0.7613806903451725 0.09155849424335392 
0.761880940470235 0.1056129673932088 
0.7623811905952976 0.11927187332025758 
0.7628814407203601 0.13246952984437094 
0.7633816908454226 0.14514204007627385 
0.7638819409704852 0.15722759780697707 
0.7643821910955477 0.1686667856247393 
0.7648824412206102 0.17940286431116034 
0.7653826913456728 0.18938205209325465 
0.7658829414707353 0.19855379236059736 
0.7663831915957978 0.2068710084961599 
0.7668834417208604 0.2142903445155478 
0.7673836918459229 0.22077239026248358 
0.7678839419709854 0.22628188996795556 
0.7683841920960479 0.2307879330465622 
0.7688844422211105 0.23426412607579233 
0.769384692346173 0.23668874498208484 
0.7698849424712355 0.23804486654138352 
0.7703851925962981 0.23832047839083978 
0.7708854427213606 0.23750856684227303 
0.7713856928464231 0.23560718188648053 
0.7718859429714857 0.23261947888007134 
0.7723861930965482 0.22855373651253807 
0.7728864432216107 0.22342335076085645 
0.7733866933466733 0.21724680465067162 
0.7738869434717358 0.21004761375749667 
0.7743871935967983 0.2018542474969995 
0.7748874437218609 0.19270002637031802 
0.7753876938469234 0.1826229954476639 
0.7758879439719859 0.17166577449077206 
0.7763881940970485 0.1598753852312008 
0.776888444222111 0.1473030564369565 
0.7773886943471735 0.1340040075133586 
0.7778889444722361 0.12003721149502379 
0.7783891945972986 0.10546513839407892 
0.7788894447223611 0.09035347997408011 
0.7793896948474237 0.07477085711937517 
0.7798899449724862 0.05878851106543832 
0.7803901950975487 0.04247997984604209 
0.7808904452226112 0.0259207613976601 
0.7813906953476738 0.009187964840181473 
0.7818909454727363 0.0 
0.7823911955977988 0.0 
0.7828914457228614 0.0 
0.7833916958479239 0.0 
0.7838919459729864 0.0 
0.784392196098049 0.0 
0.7848924462231115 0.0 
0.785392696348174 0.0 
0.7858929464732366 0.0 
0.7863931965982991 0.0 
0.7868934467233616 0.0 
0.7873936968484242 0.0 
0.7878939469734867 0.0 
0.7883941970985492 0.0 
0.7888944472236118 0.0 
0.7893946973486743 0.0 
0.7898949474737368 0.0 
0.7903951975987994 0.0 
0.7908954477238619 0.0 
0.7913956978489244 0.0 
0.791895947973987 0.0 
0.7923961980990495 0.0 
0.792896448224112 0.0 
0.7933966983491745 0.0 
0.7938969484742371 0.0 
0.7943971985992996 0.0 
0.7948974487243621 0.0 
0.7953976988494247 0.0 
0.7958979489744872 0.0 
0.7963981990995497 0.0 
0.7968984492246123 0.0 
0.7973986993496748 0.0 
0.7978989494747373 0.0 
0.7983991995997999 0.0 
0.7988994497248624 0.0 
0.7993996998499249 0.0 
0.7998999499749875 0.0 
0.80040020010005 0.0 
0.8009004502251125 0.0 
0.8014007003501751 0.0 
0.8019009504752376 0.0 
0.8024012006003001 0.0 
0.8029014507253627 0.0 
0.8034017008504252 0.0 
0.8039019509754877 0.0 
0.8044022011005502 0.005435747853545003 
0.8049024512256128 0.023775618941767926 
0.8054027013506753 0.04206513022896739 
0.8059029514757378 0.060214303325491936 
0.8064032016008004 0.0781334571530313 
0.8069034517258629 0.09573365411166712 
0.8074037018509254 0.11292714502231303 
0.807903951975988 0.12962781059703976 
0.8084042021010505 0.1457515971922849 
0.808904452226113 0.1612169446140296 
0.8094047023511756 0.1759452037695874 
0.8099049524762381 0.18986104199768167 
0.8104052026013006 0.20289283395698987 
0.8109054527263632 0.21497303601312945 
0.8114057028514257 0.2260385421346328 
0.8119059529764882 0.2360310193900763 
0.8124062031015508 0.24489722123030055 
0.8129064532266133 0.25258927684147714 
0.8134067033516758 0.2590649549661644 
0.8139069534767384 0.2642879007098452 
0.8144072036018009 0.26822784397933297 
0.8149074537268634 0.2708607783359699 
0.815407703851926 0.27216910919063525 
0.8159079539769885 0.27214177041770427 
0.816408204102051 0.2707743086213844 
0.8169084542271134 0.26806893444889157 
0.817408704352176 0.2640345405102536 
0.8179089544772385 0.2586866856330038 
0.818409204602301 0.25204754535136825 
0.8189094547273637 0.24414582870201063 
0.8194097048524261 0.23501666157198506 
0.8199099549774886 0.22470143701776324 
0.8204102051025512 0.21324763314624556 
0.8209104552276137 0.20070859931896695 
0.8214107053526762 0.18714331160786982 
0.8219109554777388 0.17261609859439075 
0.8224112056028013 0.15719633876256425 
0.8229114557278638 0.1409581308899029 
0.8234117058529264 0.12397993898670008 
0.8239119559779889 0.10634421347416176 
0.8244122061030514 0.08813699042337592 
0.824912456228114 0.06944747080003728 
0.8254127063531765 0.05036758177370146 
0.825912956478239 0.030991522253578166 
0.8264132066033016 0.011415294905835455 
0.8269134567283641 0.0 
0.8274137068534266 0.0 
0.8279139569784892 0.0 
0.8284142071035517 0.0 
0.8289144572286142 0.0 
0.8294147073536767 0.0 
0.8299149574787393 0.0 
0.8304152076038018 0.0 
0.8309154577288643 0.0 
0.8314157078539269 0.0 
0.8319159579789894 0.0 
0.8324162081040519 0.0 
0.8329164582291145 0.0 
0.833416708354177 0.0 
0.8339169584792395 0.0 
0.8344172086043021 0.0 
0.8349174587293646 0.0 
0.8354177088544271 0.0 
0.8359179589794897 0.0 
0.8364182091045522 0.0 
0.8369184592296147 0.0 
0.8374187093546773 0.0 
0.8379189594797398 0.0 
0.8384192096048023 0.0 
0.8389194597298649 0.0 
0.8394197098549274 0.0 
0.8399199599799899 0.0 
0.8404202101050524 0.0 
0.840920460230115 0.0 
0.8414207103551775 0.0 
0.84192096048024 0.0 
0.8424212106053026 0.0 
0.8429214607303651 0.0 
0.8434217108554276 0.0 
0.8439219609804902 0.0 
0.8444222111055527 0.0 
0.8449224612306152 0.0 
0.8454227113556778 0.0 
0.8459229614807403 0.0 
0.8464232116058028 0.0 
0.8469234617308654 0.0 
0.8474237118559279 0.0 
0.8479239619809904 0.0 
0.848424212106053 0.0 
0.8489244622311155 0.00024263132437943313 
0.849424712356178 0.020793197590813287 
0.8499249624812406 0.0412609165261193 
0.8504252126063031 0.06154134126347126 
0.8509254627313656 0.08153079640670582 
0.8514257128564282 0.10112691540949442 
0.8519259629814907 0.1202291725585399 
0.8524262131065532 0.13873940675868668 
0.8529264632316157 0.1565623343512972 
0.8534267133566783 0.17360604824581152 
0.8539269634817408 0.18978250070728156 
0.8544272136068033 0.20500796722014183 
0.8549274637318659 0.21920348893989663 
0.8554277138569284 0.23229529134917704 
0.8559279639819909 0.24421517685269145 
0.8564282141070535 0.2549008891760138 
0.856928464232116 0.2642964475754152 
0.8574287143571785 0.2723524490192172 
0.8579289644822411 0.27902633666502397 
0.8584292146073036 0.2842826331301602 
0.8589294647323661 0.2880931372346022 
0.8594297148574287 0.29043708308506133 
0.8599299649824912 0.2913012605650161 
0.8604302151075537 0.2906800964972613 
0.8609304652326163 0.2885756959519343 
0.8614307153576788 0.2849978433828471 
0.8619309654827413 0.2799639634871458 
0.8624312156078039 0.2734990418969315 
0.8629314657328664 0.26563550602503966 
0.8634317158579289 0.2564130665997738 
0.8639319659829914 0.2458785206338273 
0.864432216108054 0.2340855167797659 
0.8649324662331165 0.22109428422708638 
0.865432716358179 0.20697132649296304 
0.8659329664832416 0.1917890816493426 
0.8664332166083041 0.17562555071192715 
0.8669334667333666 0.15856389609062962 
0.8674337168584292 0.1406920121656683 
0.8679339669834917 0.12210207020743348 
0.8684342171085542 0.10289004000073883 
0.8689344672336168 0.08315519066426744 
0.8694347173586793 0.06299957327355943 
0.8699349674837418 0.04252748799927712 
0.8704352176088044 0.021844938561973296 
0.8709354677338669 0.0010590768793147104 
0.8714357178589294 0.0 
0.871935967983992 0.0 
0.8724362181090545 0.0 
0.872936468234117 0.0 
0.8734367183591796 0.0 
0.8739369684842421 0.0 
0.8744372186093046 0.0 
0.8749374687343672 0.0 
0.8754377188594297 0.0 
0.8759379689844922 0.0 
0.8764382191095547 0.0 
0.8769384692346173 0.0 
0.8774387193596798 0.0 
0.8779389694847423 0.0 
0.8784392196098049 0.0 
0.8789394697348674 0.0 
0.8794397198599299 0.0 
0.8799399699849925 0.0 
0.880440220110055 0.0 
0.8809404702351175 0.0 
0.8814407203601801 0.0 
0.8819409704852426 0.0 
0.882441220610305 0.0 
0.8829414707353677 0.0 
0.8834417208604302 0.0 
0.8839419709854927 0.0 
0.8844422211105553 0.0 
0.8849424712356178 0.0 
0.8854427213606803 0.0 
0.8859429714857429 0.0 
0.8864432216108054 0.0 
0.8869434717358678 0.0 
0.8874437218609305 0.0 
0.887943971985993 0.0 
0.8884442221110554 0.0 
0.8889444722361179 0.0 
0.8894447223611806 0.0 
0.889944972486243 0.0 
0.8904452226113055 0.0 
0.8909454727363681 0.0 
0.8914457228614306 0.0 
0.8919459729864931 0.0 
0.8924462231115557 0.0 
0.8929464732366182 0.0054672610261519705 
0.8934467233616807 0.02563677478898406 
0.8939469734867433 0.04561832970530605 
0.8944472236118058 0.06530613675591082 
0.8949474737368683 0.08459612538047825 
0.8954477238619309 0.10338650547604705 
0.8959479739869934 0.1215783170960193 
0.8964482241120559 0.1390759648334942 
0.8969484742371185 0.15578773395182305 
0.897448724362181 0.17162628542026837 
0.8979489744872435 0.18650912712415096 
0.8984492246123061 0.20035905864497827 
0.8989494747373686 0.2131045871470273 
0.8994497248624311 0.22468031206173442 
0.8999499749874936 0.23502727642895985 
0.9004502251125562 0.2440932829342361 
0.9009504752376187 0.25183317287224155 
0.9014507253626812 0.25820906646806735 
0.9019509754877438 0.2631905631982647 
0.9024512256128063 0.26675490097205096 
0.9029514757378688 0.2688870732581197 
0.9034517258629314 0.2695799034732672 
0.9039519759879939 0.2688340761839879 
0.9044522261130564 0.2666581249101649 
0.904952476238119 0.2630683765597298 
0.9054527263631815 0.2580888527631994 
0.905952976488244 0.2517511286161751 
0.9064532266133066 0.24409414957481368 
0.9069534767383691 0.2351640074825127 
0.9074537268634316 0.22501367693469926 
0.9079539769884942 0.21370271341068542 
0.9084542271135567 0.201296914816718 
0.9089544772386192 0.18786794829063325 
0.9094547273636818 0.1734929443149298 
0.9099549774887443 0.15825406037119186 
0.9104552276138068 0.1422380165421463 
0.9109554777388694 0.12553560562883959 
0.9114557278639319 0.10824118049728462 
0.9119559779889944 0.09045212150131196 
0.9124562281140569 0.07226828694524069 
0.9129564782391195 0.053791449650533354 
0.913456728364182 0.03512472277480308 
0.9139569784892445 0.016371978097887527 
0.9144572286143071 0.0 
0.9149574787393696 0.0 
0.9154577288644321 0.0 
0.9159579789894947 0.0 
0.9164582291145572 0.0 
0.9169584792396197 0.0 
0.9174587293646823 0.0 
0.9179589794897448 0.0 
0.9184592296148073 0.0 
0.9189594797398699 0.0 
0.9194597298649324 0.0 
0.9199599799899949 0.0 
0.9204602301150575 0.0 
0.92096048024012 0.0 
0.9214607303651825 0.0 
0.9219609804902451 0.0 
0.9224612306153076 0.0 
0.9229614807403701 0.0 
0.9234617308654326 0.0 
0.9239619809904952 0.0 
0.9244622311155577 0.0 
0.9249624812406202 0.0 
0.9254627313656828 0.0 
0.9259629814907453 0.0 
0.9264632316158078 0.0 
0.9269634817408704 0.0 
0.9274637318659329 0.0 
0.9279639819909954 0.0 
0.928464232116058 0.0 
0.9289644822411205 0.0 
0.929464732366183 0.0 
0.9299649824912456 0.0 
0.9304652326163081 0.0 
0.9309654827413706 0.0 
0.9314657328664332 0.0 
0.9319659829914957 0.0 
0.9324662331165582 0.0 
0.9329664832416208 0.0 
0.9334667333666833 0.0 
0.9339669834917458 0.0 
0.9344672336168084 0.0 
0.9349674837418709 0.0 
0.9354677338669334 0.00025393708566767703 
0.9359679839919959 0.01601501554268486 
0.9364682341170585 0.031479497115669504 
0.936968484242121 0.046553809714819996 
0.9374687343671835 0.061147263417863224 
0.9379689844922461 0.07517263317155795 
0.9384692346173086 0.08854672408310786 
0.9389694847423711 0.10119091595265184 
0.9394697348674337 0.11303168379785042 
0.9399699849924962 0.1240010912393889 
0.9404702351175587 0.13403725375271067 
0.9409704852426213 0.1430847689442606 
0.9414707353676838 0.15109511118044064 
0.9419709854927463 0.15802698808285603 
0.9424712356178089 0.16384665660336906 
0.9429714857428714 0.16852819660626145 
0.9434717358679339 0.1720537401107352 
0.9439719859929965 0.17441365458458014 
0.944472236118059 0.17560667892724086 
0.9449724862431215 0.17564001103673205 
0.9454727363681841 0.1745293461184747 
0.9459729864932466 0.17229886516359572 
0.9464732366183091 0.16898117329839524 
0.9469734867433717 0.16461718798358455 
0.9474737368684342 0.15925597732071173 
0.9479739869934967 0.15295454900155173 
0.9484742371185592 0.1457775907135299 
0.9489744872436218 0.1377971630881317 
0.9494747373686843 0.1290923465488756 
0.9499749874937468 0.11974884367884424 
0.9504752376188094 0.10985853898371291 
0.9509754877438719 0.09951901817334431 
0.9514757378689344 0.08883304932169875 
0.951975987993997 0.077908028489929 
0.9524762381190595 0.0668553926098014 
0.952976488244122 0.055790002622546464 
0.9534767383691846 0.04482950005109373 
0.9539769884942471 0.034093640350225544 
0.9544772386193096 0.02370360652826109 
0.9549774887443722 0.013781306665036658 
0.9554777388694347 0.004448659062901726 
0.9559779889944972 0.0 
0.9564782391195598 0.0 
0.9569784892446223 0.0 
0.9574787393696848 0.0 
0.9579789894947474 0.0 
0.9584792396198099 0.0 
0.9589794897448723 0.0 
0.9594797398699348 0.0 
0.9599799899949975 0.0 
0.96048024012006 0.0 
0.9609804902451224 0.0 
0.961480740370185 0.0 
0.9619809904952475 0.0 
0.96248124062031 0.0 
0.9629814907453726 0.009815105200812843 
0.9634817408704351 0.023755530428749595 
0.9639819909954976 0.0396865637871362 
0.9644822411205602 0.05761721306222174 
0.9649824912456227 0.07754566104449563 
0.9654827413706852 0.09945907820009081 
0.9659829914957478 0.1233334911082851 
0.9664832416208103 0.14913370784622088 
0.9669834917458728 0.17681330120968308 
0.9674837418709354 0.2063146503599264 
0.9679839919959979 0.237569041183265 
0.9684842421210604 0.27049682534390124 
0.968984492246123 0.30500763770287154 
0.9694847423711855 0.34100067146838353 
0.969984992496248 0.3783650101374142 
0.9704852426213106 0.4169800149864228 
0.9709854927463731 0.4567157665718311 
0.9714857428714356 0.4974335584110189 
0.9719859929964981 0.5389864407322351 
0.9724862431215607 0.5812198119099868 
0.9729864932466232 0.623972054941065 
0.9734867433716857 0.6670752160683079 
0.9739869934967483 0.7103557224250137 
0.9744872436218108 0.7536351353534415 
0.9749874937468733 0.7967309358488379 
0.9754877438719359 0.8394573383952517 
0.9759879939969984 0.8816261292931162 
0.9764882441220609 0.9230475254320769 
0.9769884942471235 0.9635310493362639 
0.977488744372186 1.002886416203938 
0.9779889944972485 1.0409244285801362 
0.9784892446223111 1.077457874240224 
0.9789894947473736 1.1123024228230263 
0.9794897448724361 1.1452775167375076 
0.9799899949974987 1.1762072518739384 
0.9804902451225612 1.2049212436813668 
0.9809904952476237 1.2312554742266657 
0.9814907453726863 1.255053115927002 
0.9819909954977488 1.2761653277461564 
0.9824912456228113 1.294452019766089 
0.9829914957478738 1.309782582187329 
0.9834917458729364 1.3220365749747076 
0.9839919959979989 1.3311043745476652 
0.9844922461230614 1.336887774116447 
0.984992496248124 1.339300534485329 
0.9854927463731865 1.3382688823807034 
0.985992996498249 1.3337319536144956 
0.9864932466233116 1.325642178660358 
0.9869934967483741 1.3139656085000684 
0.9874937468734366 1.2986821788893068 
0.9879939969984992 1.279785911493914 
0.9884942471235617 1.2572850506581554 
0.9889944972486242 1.2312021348842324 
0.9894947473736868 1.2015740024249235 
0.9899949974987493 1.1684517307183544 
0.9904952476238118 1.1319005097222485 
0.9909954977488744 1.091999449534291 
0.9914957478739369 1.048841323013005 
0.9919959979989994 1.0025322444382534 
0.992496248124062 0.9531912855702799 
0.9929964982491245 0.9009500307801933 
0.993496748374187 0.8459520732300672 
0.9939969984992496 0.7883524543768571 
0.9944972486243121 0.7283170493595006 
0.9949974987493746 0.6660219011005235 
0.9954977488744371 0.60165250621181 
0.9959979989994997 0.5354030560369634 
0.9964982491245622 0.4674756363891431 
0.9969984992496247 0.39807938975137236 
0.9974987493746873 0.32742964389575985 
0.9979989994997498 0.25574701104805453 
0.9984992496248123 0.18325646187243594 
0.9989994997498749 0.11018637867852962 
0.9994997498749374 0.03676759235823662 
1.0 0.0 
