xdata ydata 
0.0 0.010468664667335672 
0.0005002501250625312 0.010467960834932892 
0.0010005002501250625 0.010466553112410475 
0.0015007503751875936 0.010464441384890994 
0.002001000500250125 0.01046162548144686 
0.0025012506253126563 0.010458105176762916 
0.003001500750375187 0.010453880193346943 
0.0035017508754377185 0.010448950204281271 
0.00400200100050025 0.010443314836509891 
0.004502251125562781 0.010436973674652704 
0.0050025012506253125 0.01042992626533633 
0.005502751375687844 0.01042217212203009 
0.006003001500750374 0.010413710730378124 
0.006503251625812906 0.010404541554008792 
0.007003501750875437 0.01039466404081224 
0.007503751875937968 0.01038407762966684 
0.0080040020010005 0.010372781757597014 
0.00850425212606303 0.010360775867348815 
0.009004502251125562 0.010348059415357975 
0.009504752376188093 0.010334631880095757 
0.010005002501250625 0.01032049277076867 
0.010505252626313155 0.010305641636350395 
0.011005502751375688 0.010290078074925029 
0.011505752876438218 0.010273801743316806 
0.012006003001500749 0.010256812366981472 
0.01250625312656328 0.010239109750136937 
0.013006503251625811 0.010220693786106254 
0.013506753376688344 0.010201564467847484 
0.014007003501750874 0.010181721898645165 
0.014507253626813406 0.010161166302934612 
0.015007503751875937 0.010139898037235862 
0.015507753876938469 0.010117917601166933 
0.016008004002001 0.010095225648510647 
0.01650825412706353 0.010071822998307976 
0.01700850425212606 0.010047710645950536 
0.017508754377188594 0.010022889774244157 
0.018009004502251125 0.009997361764418556 
0.018509254627313655 0.00997112820705306 
0.019009504752376186 0.009944190912895324 
0.01950975487743872 0.00991655192354421 
0.02001000500250125 0.009888213521971808 
0.02051025512756378 0.009859178242859323 
0.02101050525262631 0.009829448882721283 
0.02151075537768884 0.009799028509794836 
0.022011005502751375 0.009767920473668396 
0.022511255627813906 0.009736128414629081 
0.023011505752876436 0.009703656272703396 
0.023511755877938967 0.009670508296373368 
0.024012006003001497 0.009636689050943855 
0.02451225612806403 0.009602203426542472 
0.02501250625312656 0.00956705664573424 
0.025512756378189092 0.009531254270730592 
0.026013006503251623 0.009494802210176985 
0.026513256628314157 0.009457706725502878 
0.027013506753376687 0.009419974436818504 
0.027513756878439218 0.009381612328344866 
0.028014007003501748 0.009342627753363081 
0.02851425712856428 0.009303028438672523 
0.029014507253626812 0.00926282248854579 
0.029514757378689343 0.00922201838817096 
0.030015007503751873 0.009180625006573916 
0.030515257628814404 0.009138651599010509 
0.031015507753876938 0.00909610780882648 
0.03151575787893947 0.009053003668775135 
0.032016008004002 0.009009349601793122 
0.03251625812906453 0.008965156421228988 
0.03301650825412706 0.008920435330523504 
0.03351675837918959 0.008875197922340643 
0.03401700850425212 0.008829456177151503 
0.03451725862931466 0.008783222461270163 
0.03501750875437719 0.008736509524346079 
0.03551775887943972 0.008689330496316209 
0.03601800900450225 0.008641698883821092 
0.03651825912956478 0.00859362856609192 
0.03701850925462731 0.008545133790313299 
0.03751875937968984 0.008496229166471756 
0.03801900950475237 0.008446929661696072 
0.0385192596298149 0.008397250594101803 
0.03901950975487744 0.008347207626147523 
0.03951975987993997 0.008296816757514902 
0.0400200100050025 0.0082460943175259 
0.04052026013006503 0.008195056957107696 
0.04102051025512756 0.008143721640319502 
0.04152076038019009 0.00809210563545603 
0.04202101050525262 0.00804022650574026 
0.04252126063031515 0.007988102099623424 
0.04302151075537768 0.0079357505407052 
0.04352176088044022 0.007883190217293041 
0.04402201100550275 0.0078304397716146 
0.04452226113056528 0.007777518088702152 
0.04502251125562781 0.007724444284967089 
0.04552276138069034 0.007671237696479727 
0.04602301150575287 0.007617917866975022 
0.0465232616308154 0.007564504535602187 
0.047023511755877934 0.007511017624434564 
0.047523761880940464 0.007457477225762337 
0.048024012006002995 0.007403903589183062 
0.04852426213106553 0.007350317108511407 
0.04902451225612806 0.00729673830852728 
0.04952476238119059 0.007243187831579225 
0.05002501250625312 0.007189686424063977 
0.050525262631315654 0.007136254922801439 
0.051025512756378184 0.007082914241322108 
0.051525762881440715 0.007029685356087368 
0.052026013006503245 0.006976589292660817 
0.052526263131565776 0.006923647111848457 
0.05302651325662831 0.006870879895827827 
0.053526763381690844 0.006818308734280606 
0.054027013506753374 0.006765954710550944 
0.054527263631815905 0.006713838887843228 
0.055027513756878435 0.0066619822954782125 
0.055527763881940966 0.006610405915224118 
0.056028014007003496 0.006559130667718891 
0.056528264132066026 0.0065081773990000044 
0.05702851425712856 0.00645756686715694 
0.057528764382191094 0.006407319729122382 
0.058029014507253625 0.006357456527616442 
0.058529264632316155 0.00630799767825907 
0.059029514757378686 0.006258963456862739 
0.059529764882441216 0.006210373986921394 
0.06003001500750375 0.006162249227307178 
0.06053026513256628 0.006114608960187571 
0.06103051525762881 0.0060674727791751315 
0.06153076538269134 0.0060208600777214875 
0.062031015507753876 0.005974790037766577 
0.0625312656328164 0.005929281618653024 
0.06303151575787894 0.005884353546316696 
0.06353176588294146 0.005840024302761972 
0.064032016008004 0.005796312115830265 
0.06453226613306653 0.005753234949272194 
0.06503251625812906 0.005710810493128333 
0.0655327663831916 0.0056690561544282154 
0.06603301650825412 0.0056279890482128945 
0.06653326663331666 0.005587625988888258 
0.06703351675837918 0.005547983481913564 
0.06753376688344172 0.005509077715832095 
0.06803401700850424 0.005470924554646057 
0.06853426713356678 0.005433539530543314 
0.06903451725862932 0.005396937836974875 
0.06953476738369184 0.005361134322090809 
0.07003501750875438 0.0053261434825341274 
0.0705352676338169 0.005291979457595603 
0.07103551775887944 0.005258656023730882 
0.07153576788394196 0.005226186589441541 
0.0720360180090045 0.0051945841905193186 
0.07253626813406702 0.005163861485654761 
0.07303651825912956 0.005134030752409178 
0.0735367683841921 0.005105103883549001 
0.07403701850925462 0.0050770923837427 
0.07453726863431716 0.005050007366614781 
0.07503751875937968 0.0050238595521588224 
0.07553776888444222 0.004998659264505175 
0.07603801900950474 0.004974416430038083 
0.07653826913456728 0.004951140575863443 
0.0770385192596298 0.0049288408286183565 
0.07753876938469234 0.004907525913621168 
0.07803901950975488 0.004887204154357511 
0.0785392696348174 0.004867883472294556 
0.07903951975987994 0.00484957138702184 
0.07953976988494246 0.004832275016709605 
0.080040020010005 0.004816001078881184 
0.08054027013506752 0.004800755891491098 
0.08104052026013006 0.004786545374303661 
0.08154077038519258 0.004773375050564919 
0.08204102051025512 0.004761250048960076 
0.08254127063531766 0.004750175105848656 
0.08304152076038018 0.004740154567772717 
0.08354177088544272 0.004731192394225166 
0.08404202101050524 0.004723292160675618 
0.08454227113556778 0.004716457061840257 
0.0850425212606303 0.004710689915192126 
0.08554277138569284 0.004705993164699235 
0.08604302151075537 0.004702368884784275 
0.0865432716358179 0.004699818784496376 
0.08704352176088044 0.004698344211885069 
0.08754377188594296 0.004697946158568832 
0.0880440220110055 0.004698625264487813 
0.08854427213606803 0.0047003818228330664 
0.08904452226113056 0.004703215785141137 
0.08954477238619309 0.004707126766546084 
0.09004502251125562 0.00471211405118023 
0.09054527263631815 0.004718176597712127 
0.09104552276138068 0.004725313045015992 
0.09154577288644322 0.004733521717958722 
0.09204602301150575 0.004742800633301925 
0.09254627313656828 0.004753147505702893 
0.0930465232616308 0.004764559753810922 
0.09354677338669334 0.004777034506447804 
0.09404702351175587 0.004790568608864522 
0.0945472736368184 0.004805158629065432 
0.09504752376188093 0.004820800864191228 
0.09554777388694347 0.0048374913469538495 
0.09604802401200599 0.00485522585211369 
0.09654827413706853 0.00487399990299251 
0.09704852426213106 0.004893808778013989 
0.09754877438719359 0.004914647517264055 
0.09804902451225612 0.004936510929065795 
0.09854927463731865 0.0049593935965592875 
0.09904952476238119 0.004983289884282 
0.09954977488744371 0.0050081939447419385 
0.10005002501250625 0.005034099724978725 
0.10055027513756877 0.005061000973105727 
0.10105052526263131 0.0050888912448270205 
0.10155077538769385 0.00511776390992677 
0.10205102551275637 0.005147612158722159 
0.1025512756378189 0.005178429008478382 
0.10305152576288143 0.005210207309779082 
0.10355177588794397 0.005242939752849575 
0.10405202601300649 0.00527661887382761 
0.10455227613806903 0.00531123706097909 
0.10505252626313155 0.005346786560855103 
0.10555277638819409 0.005383259484387448 
0.10605302651325663 0.005420647812918735 
0.10655327663831915 0.005458943404166408 
0.10705352676338169 0.0054981379981169365 
0.10755377688844421 0.005538223222848734 
0.10805402701350675 0.005579190600282062 
0.10855427713856927 0.00562103155185412 
0.10905452726363181 0.0056637374041181385 
0.10955477738869433 0.005707299394265978 
0.11005502751375687 0.005751708675572409 
0.11055527763881941 0.005796956322759964 
0.11105552776388193 0.005843033337286145 
0.11155577788894447 0.005889930652549946 
0.11205602801400699 0.005937639139018606 
0.11255627813906953 0.0059861496092758005 
0.11305652826413205 0.006035452822987777 
0.11355677838919459 0.006085539491792471 
0.11405702851425711 0.006136400284106955 
0.11455727863931965 0.00618802582985804 
0.11505752876438219 0.006240406725132193 
0.11555777888944471 0.006293533536748953 
0.11605802901450725 0.006347396806755702 
0.11655827913956977 0.006401987056846656 
0.11705852926463231 0.006457294792703908 
0.11755877938969483 0.006513310508263522 
0.11805902951475737 0.006570024689906195 
0.1185592796398199 0.00662742782057293 
0.11905952976488243 0.00668551038380647 
0.11955977988994497 0.006744262867719408 
0.1200600300150075 0.006803675768888069 
0.12056028014007003 0.006863739596174291 
0.12106053026513255 0.006924444874473703 
0.12156078039019509 0.0069857821483928694 
0.12206103051525762 0.0070477419858524645 
0.12256128064032015 0.007110314981619135 
0.12306153076538268 0.007173491760765262 
0.12356178089044521 0.007237262982055689 
0.12406203101550775 0.007301619341262549 
0.12456228114057027 0.007366551574406295 
0.1250625312656328 0.0074320504609247445 
0.12556278139069535 0.00749810682676647 
0.12606303151575787 0.007564711547411474 
0.1265632816408204 0.007631855550815928 
0.12706353176588292 0.007699529820280589 
0.12756378189094547 0.0077677253972435484 
0.128064032016008 0.00783643338399412 
0.12856428214107052 0.00790564494630893 
0.12906453226613307 0.00797535131600752 
0.1295647823911956 0.008045543793427206 
0.13006503251625812 0.008116213749815889 
0.13056528264132064 0.008187352629641247 
0.1310655327663832 0.008258951952816099 
0.13156578289144572 0.008331003316836533 
0.13206603301650824 0.008403498398834232 
0.13256628314157076 0.00847642895753947 
0.1330665332666333 0.008549786835155618 
0.13356678339169584 0.008623563959140997 
0.13406703351675836 0.008697752343900534 
0.1345672836418209 0.008772344092383784 
0.13506753376688344 0.008847331397588 
0.13556778389194596 0.008922706543967637 
0.13606803401700848 0.008998461908746593 
0.13656828414207103 0.009074589963134717 
0.13706853426713356 0.009151083273446922 
0.13756878439219608 0.009227934502123922 
0.13806903451725863 0.009305136408656538 
0.13856928464232116 0.009382681850410277 
0.13906953476738368 0.009460563783352036 
0.1395697848924462 0.00953877526267968 
0.14007003501750875 0.009617309443353202 
0.14057028514257128 0.009696159580529513 
0.1410705352676338 0.009775319029900014 
0.14157078539269632 0.009854781247933899 
0.14207103551775888 0.009934539792026674 
0.1425712856428214 0.010014588320556832 
0.14307153576788392 0.01009492059285055 
0.14357178589294647 0.010175530469057774 
0.144072036018009 0.010256411909940984 
0.14457228614307152 0.010337558976579878 
0.14507253626813404 0.010418965829992764 
0.1455727863931966 0.010500626730679044 
0.14607303651825912 0.010582536038085323 
0.14657328664332164 0.01066468820999771 
0.1470735367683842 0.010747077801864133 
0.14757378689344672 0.01082969946605056 
0.14807403701850924 0.010912547951034681 
0.14857428714357176 0.010995618100539211 
0.14907453726863432 0.011078904852613137 
0.14957478739369684 0.01116240323865963 
0.15007503751875936 0.011246108382419497 
0.1505752876438219 0.011330015498913078 
0.15107553776888444 0.011414119893342968 
0.15157578789394696 0.01149841695996665 
0.15207603801900949 0.011582902180940127 
0.15257628814407204 0.011667571125138249 
0.15307653826913456 0.011752419446957547 
0.15357678839419708 0.011837442885104927 
0.1540770385192596 0.011922637261378224 
0.15457728864432216 0.012007998479442655 
0.15507753876938468 0.012093522523607928 
0.1555777888944472 0.01217920545761128 
0.15607803901950976 0.0122650434234101 
0.15657828914457228 0.012351032639988808 
0.1570785392696348 0.012437169402185668 
0.15757878939469733 0.012523450079541146 
0.15807903951975988 0.012609871115174039 
0.1585792896448224 0.012696429024688429 
0.15907953976988493 0.012783120395114695 
0.15957978989494745 0.012869941883888082 
0.16008004002001 0.012956890217869709 
0.16058029014507252 0.013043962192409109 
0.16108054027013505 0.013131154670455359 
0.1615807903951976 0.013218464581715984 
0.16208104052026012 0.013305888921867617 
0.16258129064532265 0.013393424751818097 
0.16308154077038517 0.013481069197024948 
0.16358179089544772 0.013568819446867445 
0.16408204102051024 0.013656672754075899 
0.16458229114557277 0.013744626434217522 
0.16508254127063532 0.013832677865240004 
0.16558279139569784 0.013920824487070634 
0.16608304152076037 0.014009063801274167 
0.1665832916458229 0.014097393370764785 
0.16708354177088544 0.014185810819573179 
0.16758379189594796 0.014274313832668006 
0.1680840420210105 0.01436290015582848 
0.168584292146073 0.014451567595566867 
0.16908454227113556 0.01454031401909895 
0.1695847923961981 0.014629137354359539 
0.1700850425212606 0.014718035590060624 
0.17058529264632316 0.014807006775789439 
0.17108554277138568 0.014896049022142512 
0.1715857928964482 0.014985160500893439 
0.17208604302151073 0.01507433944518919 
0.17258629314657328 0.015163584149774187 
0.1730865432716358 0.01525289297123476 
0.17358679339669833 0.01534226432826319 
0.17408704352176088 0.015431696701935664 
0.1745872936468234 0.01552118863599984 
0.17508754377188593 0.01561073873717031 
0.17558779389694845 0.01570034567542467 
0.176088044022011 0.015790008184298578 
0.17658829414707353 0.01587972506117505 
0.17708854427213605 0.015969495167563377 
0.17758879439719857 0.016059317429365623 
0.17808904452226113 0.016149190837124752 
0.17858929464732365 0.016239114446252596 
0.17908954477238617 0.016329087377234108 
0.17958979489744872 0.0164191088158036 
0.18009004502251125 0.01650917801309099 
0.18059029514757377 0.016599294285735998 
0.1810905452726363 0.016689457015965914 
0.18159079539769885 0.016779665651636765 
0.18209104552276137 0.016869919706235165 
0.1825912956478239 0.016960218758838873 
0.18309154577288644 0.017050562454036824 
0.18359179589794897 0.017140950501804763 
0.1840920460230115 0.01723138267733891 
0.18459229614807401 0.017321858820846428 
0.18509254627313657 0.01741237883729163 
0.1855927963981991 0.01750294269610253 
0.1860930465232616 0.01759355043083307 
0.18659329664832414 0.017684202138788487 
0.1870935467733867 0.017774897980610785 
0.1875937968984492 0.01786563817983001 
0.18809404702351173 0.01795642302238122 
0.18859429714857429 0.018047252856092943 
0.1890945472736368 0.01813812809014759 
0.18959479739869933 0.0182290491945201 
0.19009504752376186 0.018320016699396185 
0.1905952976488244 0.01841103119457749 
0.19109554777388693 0.018502093328876555 
0.19159579789894945 0.018593203809506215 
0.19209604802401198 0.0186843634014687 
0.19259629814907453 0.018775572926953032 
0.19309654827413705 0.018866833264740923 
0.19359679839919958 0.01895814534963136 
0.19409704852426213 0.019049510171887735 
0.19459729864932465 0.01914092877671532 
0.19509754877438718 0.01923240226377263 
0.1955977988994497 0.019323931786727148 
0.19609804902451225 0.01941551855285571 
0.19659829914957477 0.019507163822703396 
0.1970985492746373 0.019598868909799894 
0.19759879939969985 0.019690635180444886 
0.19809904952476237 0.019782464053566335 
0.1985992996498249 0.019874357000656807 
0.19909954977488742 0.019966315545796486 
0.19959979989994997 0.02005834126576619 
0.2001000500250125 0.020150435790255293 
0.20060030015007502 0.020242600802173404 
0.20110055027513754 0.02033483803806587 
0.2016008004002001 0.02042714928864135 
0.20210105052526262 0.020519536399413084 
0.20260130065032514 0.020612001271460463 
0.2031015507753877 0.020704545862310745 
0.2036018009004502 0.020797172186947734 
0.20410205102551274 0.02088988231894659 
0.20460230115057526 0.02098267839173981 
0.2051025512756378 0.021075562600013104 
0.20560280140070034 0.021168537201235262 
0.20610305152576286 0.02126160451732073 
0.2066033016508254 0.021354766936424772 
0.20710355177588793 0.02144802691487309 
0.20760380190095046 0.021541386979221176 
0.20810405202601298 0.021634849728447293 
0.20860430215107553 0.021728417836272 
0.20910455227613806 0.0218220940536039 
0.20960480240120058 0.021915881211109798 
0.2101050525262631 0.02200978222190395 
0.21060530265132565 0.022103800084353697 
0.21110555277638818 0.022197937884996025 
0.2116058029014507 0.022292198801561146 
0.21210605302651325 0.02238658610609703 
0.21260630315157578 0.02248110316819098 
0.2131065532766383 0.022575753458279176 
0.21360680340170082 0.022670540551041066 
0.21410705352676337 0.022765468128868767 
0.2146073036518259 0.022860539985408535 
0.21510755377688842 0.022955760029161512 
0.21560780390195097 0.023051132287142725 
0.2161080540270135 0.02314666090858512 
0.21660830415207602 0.023242350168684082 
0.21710855427713854 0.023338204472374818 
0.2176088044022011 0.023434228358131772 
0.21810905452726362 0.02353042650178562 
0.21860930465232614 0.0236268037203487 
0.21910955477738867 0.023723364975839375 
0.21960980490245122 0.02382011537910149 
0.22011005502751374 0.023917060193608092 
0.22061030515257626 0.02401420483924325 
0.22111055527763882 0.02411155489605574 
0.22161080540270134 0.024209116107977328 
0.22211105552776386 0.024306894386498693 
0.22261130565282639 0.024404895814299013 
0.22311155577788894 0.02450312664882054 
0.22361180590295146 0.02460159332578667 
0.22411205602801398 0.02470030246265573 
0.22461230615307654 0.024799260862009505 
0.22511255627813906 0.024898475514869227 
0.22561280640320158 0.024997953603940685 
0.2261130565282641 0.025097702506782175 
0.22661330665332666 0.025197729798895466 
0.22711355677838918 0.025298043256739285 
0.2276138069034517 0.025398650860663553 
0.22811405702851423 0.025499560797765882 
0.22861430715357678 0.025600781464670753 
0.2291145572786393 0.025702321470233234 
0.22961480740370183 0.02580418963817118 
0.23011505752876438 0.025906395009625473 
0.2306153076538269 0.026008946845656883 
0.23111555777888942 0.026111854629680662 
0.23161580790395195 0.02621512806984559 
0.2321160580290145 0.02631877710136313 
0.23261630815407702 0.026422811888794383 
0.23311655827913955 0.026527242828299397 
0.2336168084042021 0.026632080549861235 
0.23411705852926462 0.026737335919488514 
0.23461730865432714 0.026843020041407796 
0.23511755877938967 0.02694914426025776 
0.23561780890445222 0.027055720163289883 
0.23611805902951474 0.027162759582590974 
0.23661830915457727 0.027270274597336688 
0.2371185592796398 0.027378277536086352 
0.23761880940470234 0.027486780979133877 
0.23811905952976486 0.027595797760923167 
0.2386193096548274 0.027705340972542715 
0.23911955977988994 0.02781542396431036 
0.23961980990495246 0.02792606034846228 
0.240120060030015 0.0280372640019575 
0.2406203101550775 0.02814904906940937 
0.24112056028014006 0.028261429966161267 
0.24162081040520259 0.028374421381512298 
0.2421210605302651 0.02848803828211204 
0.24262131065532766 0.028602295915530793 
0.24312156078039018 0.028717209814021507 
0.2436218109054527 0.0288327957984818 
0.24412206103051523 0.028949069982629957 
0.24462231115557778 0.02906604877740319 
0.2451225612806403 0.029183748895590167 
0.24562281140570283 0.029302187356707313 
0.24612306153076535 0.02942138149212669 
0.2466233116558279 0.02954134895046688 
0.24712356178089043 0.02966210770325208 
0.24762381190595295 0.029783676050847654 
0.2481240620310155 0.029906072628679118 
0.24862431215607803 0.030029316413740192 
0.24912456228114055 0.030153426731393807 
0.24962481240620307 0.030278423262471706 
0.2501250625312656 0.030404326050674977 
0.25062531265632815 0.030531155510277595 
0.2511255627813907 0.03065893243413625 
0.2516258129064532 0.03078767800200392 
0.25212606303151575 0.03091741378915089 
0.2526263131565783 0.031048161775287197 
0.2531265632816408 0.031179944353789606 
0.25362681340670334 0.03131278434122503 
0.25412706353176584 0.03144670498716909 
0.2546273136568284 0.031581729984315104 
0.25512756378189094 0.031717883478865644 
0.25562781390695344 0.03185519008120143 
0.256128064032016 0.031993674876818645 
0.25662831415707854 0.03213336343752897 
0.25712856428214104 0.032274281832907245 
0.2576288144072036 0.032416456641983935 
0.25812906453226614 0.03255991496516537 
0.25862931465732864 0.03270468443637226 
0.2591295647823912 0.03285079323538577 
0.2596298149074537 0.03299827010038425 
0.26013006503251623 0.033147144340661086 
0.2606303151575788 0.033297445849506155 
0.2611305652826413 0.03344920511723669 
0.26163081540770383 0.03360245324436451 
0.2621310655327664 0.033757221954880526 
0.2626313156578289 0.033913543609641925 
0.26313156578289143 0.03407145121984581 
0.263631815907954 0.034230978460572124 
0.2641320660330165 0.034392159684377206 
0.26463231615807903 0.034555029934923646 
0.2651325662831415 0.034719624960626284 
0.2656328164082041 0.034885981228297884 
0.2661330665332666 0.03505413593677664 
0.2666333166583291 0.03522412703051822 
0.2671335667833917 0.0353959932131336 
0.2676338169084542 0.03556977396085648 
0.2681340670335167 0.035745509535921594 
0.26863431715857927 0.03592324099983834 
0.2691345672836418 0.03610301022653899 
0.2696348174087043 0.036284859915390495 
0.27013506753376687 0.03646883360404693 
0.2706353176588294 0.036654975681131206 
0.2711355677838919 0.03684333139872666 
0.27163581790895447 0.03703394688466565 
0.27213606803401696 0.03722686915459827 
0.2726363181590795 0.037422146123825814 
0.27313656828414207 0.037619826618887305 
0.27363681840920456 0.03781996038888228 
0.2741370685342671 0.0380225981165183 
0.27463731865932967 0.03822779142886724 
0.27513756878439216 0.03843559290782344 
0.2756378189094547 0.038646056100245164 
0.27613806903451726 0.038859235527770986 
0.27663831915957976 0.03907518669630144 
0.2771385692846423 0.0392939661051314 
0.2776388194097048 0.03951563125572634 
0.27813906953476736 0.03974024066013046 
0.2786393196598299 0.03996785384899862 
0.2791395697848924 0.040198531379243355 
0.27963981990995496 0.04043233484128641 
0.2801400700350175 0.040669326865910044 
0.28064032016008 0.040909571130696494 
0.28114057028514255 0.041153132366051705 
0.2816408204102051 0.041400076360804026 
0.2821410705352676 0.04165046996737123 
0.28264132066033015 0.041904381106490966 
0.28314157078539265 0.042161878771506046 
0.2836418209104552 0.0424230330322004 
0.28414207103551775 0.042687915038179536 
0.28464232116058025 0.04295659702178805 
0.2851425712856428 0.043229152300561256 
0.28564282141070535 0.04350565527920511 
0.28614307153576785 0.043786181451095335 
0.2866433216608304 0.044070807399297036 
0.28714357178589295 0.044359610797094225 
0.28764382191095544 0.0446526704080259 
0.288144072036018 0.044950066085424394 
0.28864432216108055 0.04525187877145031 
0.28914457228614304 0.045558190495617906 
0.2896448224112056 0.04586908437280688 
0.2901450725362681 0.04618464460075568 
0.29064532266133064 0.04650495645702937 
0.2911455727863932 0.04683010629545914 
0.2916458229114557 0.047160181542045265 
0.29214607303651824 0.04749527069032112 
0.2926463231615808 0.04783546329617093 
0.2931465732866433 0.048180849972094576 
0.29364682341170584 0.04853152238091875 
0.2941470735367684 0.04888757322894223 
0.2946473236618309 0.04924909625851539 
0.29514757378689344 0.0496161862400457 
0.29564782391195593 0.04998893896342309 
0.2961480740370185 0.05036745122886229 
0.29664832416208103 0.05075182083715482 
0.29714857428714353 0.05114214657932499 
0.2976488244122061 0.051538528225687025 
0.29814907453726863 0.05194106651429624 
0.29864932466233113 0.052349863138789525 
0.2991495747873937 0.052765020735613594 
0.29964982491245623 0.0531866428706325 
0.3001500750375187 0.053614834025113633 
0.3006503251625813 0.05404969958108765 
0.3011505752876438 0.05449134580608013 
0.3016508254127063 0.05493987983720981 
0.3021510755377689 0.055395409664654775 
0.30265132566283137 0.055858044114483064 
0.3031515757878939 0.05632789283084502 
0.3036518259129565 0.05680506625753294 
0.30415207603801897 0.05728967561889946 
0.3046523261630815 0.05778183290014507 
0.3051525762881441 0.058281650826968644 
0.30565282641320657 0.058789242844590334 
0.3061530765382691 0.05930472309614342 
0.30665332666333167 0.059828206400445616 
0.30715357678839417 0.06035980822915207 
0.3076538269134567 0.06089964468329517 
0.3081540770385192 0.06144783246922095 
0.30865432716358177 0.062004488873927927 
0.3091545772886443 0.06256973173981992 
0.3096548274137068 0.06314367943887893 
0.31015507753876936 0.06372645084627405 
0.3106553276638319 0.0643181653134151 
0.3111555777888944 0.06491894264046603 
0.31165582791395696 0.0655289030483306 
0.3121560780390195 0.06614816715012874 
0.312656328164082 0.06677685592217653 
0.31315657828914456 0.06741509067448963 
0.31365682841420706 0.06806299302082693 
0.3141570785392696 0.06872068484829558 
0.31465732866433216 0.06938828828653662 
0.31515757878939465 0.07006592567651143 
0.3156578289144572 0.07075371953891493 
0.31615807903951976 0.07145179254223338 
0.31665832916458225 0.07216026747047527 
0.3171585792896448 0.07287926719059709 
0.31765882941470736 0.07360891461964993 
0.31815907953976985 0.07434933269167422 
0.3186593296648324 0.07510064432436545 
0.3191595797898949 0.07586297238554368 
0.31965982991495745 0.07663643965944755 
0.32016008004002 0.0774211688128865 
0.3206603301650825 0.07821728236127538 
0.32116058029014505 0.07902490263458192 
0.3216608304152076 0.07984415174321376 
0.3221610805402701 0.08067515154387597 
0.32266133066533265 0.08151802360542476 
0.3231615807903952 0.08237288917474776 
0.3236618309154577 0.08323986914269811 
0.32416208104052024 0.08411908401010944 
0.32466233116558274 0.08501065385392233 
0.3251625812906453 0.0859146982934439 
0.32566283141570784 0.08683133645677231 
0.32616308154077034 0.08776068694740888 
0.3266633316658329 0.08870286781108269 
0.32716358179089544 0.08965799650281506 
0.32766383191595794 0.09062618985424128 
0.3281640820410205 0.09160756404121975 
0.32866433216608304 0.09260223455174241 
0.32916458229114554 0.09361031615417148 
0.3296648324162081 0.09463192286581976 
0.33016508254127064 0.09566716792189232 
0.33066533266633313 0.09671616374480574 
0.3311655827913957 0.09777902191390152 
0.3316658329164582 0.09885585313556519 
0.33216608304152073 0.09994676721376422 
0.3326663331665833 0.10105187302101813 
0.3331665832916458 0.10217127846980355 
0.33366683341670833 0.10330509048440903 
0.3341670835417709 0.10445341497324223 
0.3346673336668334 0.10561635680159245 
0.33516758379189593 0.10679401976485489 
0.3356678339169585 0.10798650656221678 
0.336168084042021 0.10919391877080396 
0.3366683341670835 0.11041635682028482 
0.337168584292146 0.1116539199679353 
0.3376688344172086 0.11290670627414937 
0.3381690845422711 0.11417481257839797 
0.3386693346673336 0.11545833447562101 
0.3391695847923962 0.11675736629305128 
0.3396698349174587 0.11807200106745 
0.3401700850425212 0.11940233052275051 
0.34067033516758377 0.12074844504809064 
0.3411705852926463 0.12211043367622373 
0.3416708354177088 0.12348838406228922 
0.34217108554277137 0.12488238246292856 
0.34267133566783387 0.1262925137157271 
0.3431715857928964 0.12771886121896492 
0.34367183591795897 0.1291615069116559 
0.34417208604302146 0.13062053125385634 
0.344672336168084 0.1320960132072209 
0.34517258629314657 0.1335880302157878 
0.34567283641820906 0.1350966581869658 
0.3461730865432716 0.136621971472709 
0.34667333666833416 0.13816404285085168 
0.34717358679339666 0.13972294350658165 
0.3476738369184592 0.14129874301403206 
0.34817408704352176 0.14289150931797068 
0.34867433716858426 0.1445013087155573 
0.3491745872936468 0.14612820583815922 
0.3496748374187093 0.1477722636331935 
0.35017508754377186 0.1494335433459815 
0.3506753376688344 0.15111210450159354 
0.3511755877938969 0.15280800488666305 
0.35167583791895946 0.15452130053115617 
0.352176088044022 0.15625204569007378 
0.3526763381690845 0.15800029282507308 
0.35317658829414705 0.15976609258599025 
0.3536768384192096 0.16154949379225517 
0.3541770885442721 0.16335054341417474 
0.35467733866933465 0.1651692865540854 
0.35517758879439715 0.1670057664273532 
0.3556778389194597 0.1688600243432173 
0.35617808904452225 0.17073209968547037 
0.35667833916958475 0.17262202989296271 
0.3571785892946473 0.17452985043993288 
0.35767883941970985 0.1764555948161554 
0.35817908954477234 0.17839929450690523 
0.3586793396698349 0.18036097897273973 
0.35917958979489745 0.1823406756290986 
0.35967983991995994 0.1843384098257202 
0.3601800900450225 0.18635420482588497 
0.360680340170085 0.1883880817854881 
0.36118059029514754 0.19044005973194522 
0.3616808404202101 0.19251015554294712 
0.3621810905452726 0.1945983839250647 
0.36268134067033514 0.1967047573922241 
0.3631815907953977 0.19882928624405743 
0.3636818409204602 0.20097197854414642 
0.36418209104552274 0.203132840098174 
0.3646823411705853 0.20531187443200125 
0.3651825912956478 0.20750908276968216 
0.36568284142071034 0.20972446401144146 
0.3661830915457729 0.2119580147116321 
0.3666833416708354 0.21420972905668695 
0.36718359179589793 0.2164795988431007 
0.36768384192096043 0.21876761345544435 
0.368184092046023 0.2210737598444529 
0.36868434217108553 0.22339802250519644 
0.36918459229614803 0.22574038345536615 
0.3696848424212106 0.22810082221369318 
0.37018509254627313 0.2304793157785311 
0.3706853426713356 0.23287583860661928 
0.3711855927963982 0.23529036259205652 
0.37168584292146073 0.23772285704550974 
0.3721860930465232 0.24017328867367574 
0.3726863431715858 0.24264162155903232 
0.3731865932966483 0.2451278171398871 
0.3736868434217108 0.24763183419076246 
0.3741870935467734 0.25015362880313036 
0.37468734367183587 0.2526931543665242 
0.3751875937968984 0.2552503615500472 
0.375687843921961 0.25782519828430245 
0.37618809404702347 0.2604176097437613 
0.376688344172086 0.26302753832959264 
0.37718859429714857 0.2656549236529744 
0.37768884442221107 0.2682997025188993 
0.3781890945472736 0.27096180891049965 
0.3786893446723361 0.27364117397390414 
0.37918959479739867 0.27633772600363926 
0.3796898449224612 0.27905139042859994 
0.3801900950475237 0.28178208979858876 
0.38069034517258626 0.2845297437714489 
0.3811905952976488 0.28729426910079636 
0.3816908454227113 0.2900755796243594 
0.38219109554777386 0.2928735862529419 
0.3826913456728364 0.2956881969600129 
0.3831915957978989 0.2985193167719285 
0.38369184592296146 0.3013668477587994 
0.38419209604802396 0.30423068902600175 
0.3846923461730865 0.3071107367063374 
0.38519259629814906 0.3100068839528507 
0.38569284642321155 0.312919020932298 
0.3861930965482741 0.3158470348192743 
0.38669334667333666 0.3187908097909991 
0.38719359679839915 0.3217502270227557 
0.3876938469234617 0.32472516468399015 
0.38819409704852426 0.3277154979350618 
0.38869434717358675 0.3307210989246442 
0.3891945972986493 0.33374183678777813 
0.38969484742371185 0.3367775776445689 
0.39019509754877435 0.3398281845995191 
0.3906953476738369 0.3428935177415085 
0.3911955977988994 0.3459734341443964 
0.39169584792396195 0.34906778786825526 
0.3921960980490245 0.3521764299612293 
0.392696348174087 0.3552992084620034 
0.39319659829914955 0.3584359684028888 
0.3936968484242121 0.3615865518135164 
0.3941970985492746 0.36475079772512276 
0.39469734867433715 0.36792854217544385 
0.3951975987993997 0.3711196182141918 
0.3956978489244622 0.37432385590912126 
0.39619809904952474 0.3775410823526788 
0.39669834917458724 0.3807711216692303 
0.3971985992996498 0.384013795022862 
0.39769884942471234 0.3872689206257555 
0.39819909954977484 0.39053631374713077 
0.3986993496748374 0.39381578672275686 
0.39919959979989994 0.39710714896502736 
0.39969984992496244 0.4004102069736008 
0.400200100050025 0.40372476434660515 
0.40070035017508754 0.40705062179240764 
0.40120060030015003 0.4103875771419467 
0.4017008504252126 0.4137354253616334 
0.4022011005502751 0.417093958566821 
0.40270135067533763 0.4204629660358433 
0.4032016008004002 0.4238422342246311 
0.4037018509254627 0.4272315467819017 
0.40420210105052523 0.43063068456493736 
0.4047023511755878 0.43403942565594805 
0.4052026013006503 0.43745754537902576 
0.40570285142571283 0.4408848163177006 
0.4062031015507754 0.4443210083331041 
0.4067033516758379 0.44776588858273947 
0.4072036018009004 0.4512192215398754 
0.407703851925963 0.45468076901356896 
0.4082041020510255 0.45815029016931624 
0.408704352176088 0.4616275415503562 
0.4092046023011505 0.4651122770996136 
0.4097048524262131 0.46860424818231367 
0.4102051025512756 0.47210320360925545 
0.4107053526763381 0.47560888966076437 
0.41120560280140067 0.4791210501113292 
0.4117058529264632 0.4826394262549316 
0.4122061030515257 0.4861637569310726 
0.41270635317658827 0.48969377855150953 
0.4132066033016508 0.4932292251277075 
0.4137068534267133 0.4967698282990081 
0.41420710355177587 0.5003153173615303 
0.41470735367683836 0.5038654192978032 
0.4152076038019009 0.5074198588071333 
0.41570785392696347 0.510978358336719 
0.41620810405202596 0.5145406381135099 
0.4167083541770885 0.5181064161768117 
0.41720860430215106 0.5216754084116492 
0.41770885442721356 0.5252473285828737 
0.4182091045522761 0.5288218883700274 
0.41870935467733866 0.5323987974029609 
0.41920960480240116 0.5359777632981959 
0.4197098549274637 0.5395584916960388 
0.4202101050525262 0.543140686298438 
0.42071035517758876 0.5467240489075776 
0.4212106053026513 0.5503082794652058 
0.4217108554277138 0.5538930760926861 
0.42221110555277636 0.5574781351317695 
0.4227113556778389 0.5610631511860728 
0.4232116058029014 0.5646478171632547 
0.42371185592796395 0.5682318243178754 
0.4242121060530265 0.5718148622949357 
0.424712356178089 0.5753966191740694 
0.42521260630315155 0.5789767815143836 
0.4257128564282141 0.582555034399927 
0.4262131065532766 0.5861310614857698 
0.42671335667833915 0.5897045450446822 
0.42721360680340165 0.5932751660143804 
0.4277138569284642 0.5968426040453345 
0.42821410705352675 0.6004065375491129 
0.42871435717858924 0.6039666437472341 
0.4292146073036518 0.6075225987205175 
0.42971485742871435 0.6110740774589017 
0.43021510755377684 0.6146207539117079 
0.4307153576788394 0.6181623010383256 
0.43121560780390195 0.6216983908593017 
0.43171585792896444 0.6252286945077954 
0.432216108054027 0.6287528822813901 
0.4327163581790895 0.63227062369422 
0.43321660830415204 0.6357815875294037 
0.4337168584292146 0.6392854418917447 
0.4342171085542771 0.642781854260678 
0.43471735867933964 0.6462704915434433 
0.4352176088044022 0.6497510201284491 
0.4357178589294647 0.6532231059388081 
0.43621810905452724 0.6566864144860194 
0.4367183591795898 0.6601406109237712 
0.4372186093046523 0.6635853601018363 
0.43771885942971483 0.6670203266200446 
0.43821910955477733 0.6704451748823012 
0.4387193596798399 0.6738595691506281 
0.43921960980490243 0.6772631735992156 
0.43971985992996493 0.680655652368448 
0.4402201100550275 0.6840366696188954 
0.44072036018009003 0.6874058895852414 
0.4412206103051525 0.6907629766301361 
0.4417208604302151 0.6941075952979477 
0.44222111055527763 0.6974394103684007 
0.4427213606803401 0.7007580869100816 
0.4432216108054027 0.7040632903337941 
0.44372186093046523 0.7073546864457568 
0.4442221110555277 0.7106319415006144 
0.4447223611805903 0.713894722254268 
0.44522261130565277 0.717142696016496 
0.4457228614307153 0.7203755307033645 
0.4462231115557779 0.7235928948894123 
0.44672336168084037 0.726794457859604 
0.4472236118059029 0.7299798896610393 
0.44772386193096547 0.7331488611544156 
0.44822411205602797 0.7363010440652323 
0.4487243621810905 0.7394361110347372 
0.44922461230615307 0.7425537356706038 
0.44972486243121557 0.7456535925973399 
0.4502251125562781 0.7487353575064237 
0.4507253626813406 0.751798707206163 
0.45122561280640316 0.7548433196712765 
0.4517258629314657 0.7578688740921997 
0.4522261130565282 0.7608750509241082 
0.45272636318159076 0.7638615319356636 
0.4532266133066533 0.7668280002574819 
0.4537268634317158 0.7697741404303236 
0.45422711355677836 0.772699638453007 
0.4547273636818409 0.7756041818300519 
0.4552276138069034 0.7784874596190472 
0.45572786393196596 0.7813491624777493 
0.45622811405702846 0.7841889827109185 
0.456728364182091 0.7870066143168853 
0.45722861430715356 0.7898017530338609 
0.45772886443221605 0.7925740963859857 
0.4582291145572786 0.7953233437291247 
0.45872936468234116 0.7980491962964116 
0.45922961480740365 0.8007513572435387 
0.4597298649324662 0.8034295316938064 
0.46023011505752875 0.8060834267829234 
0.46073036518259125 0.808712751703565 
0.4612306153076538 0.8113172177496935 
0.4617308654327163 0.8138965383606382 
0.46223111555777885 0.8164504291649383 
0.4627313656828414 0.81897860802395 
0.4632316158079039 0.8214807950752163 
0.46373186593296645 0.8239567127756039 
0.464232116058029 0.8264060859442015 
0.4647323661830915 0.8288286418049842 
0.46523261630815405 0.8312241100292372 
0.4657328664332166 0.8335922227777453 
0.4662331165582791 0.8359327147427347 
0.46673336668334164 0.8382453231895769 
0.4672336168084042 0.8405297879982433 
0.4677338669334667 0.8427858517045078 
0.46823411705852924 0.8450132595409022 
0.46873436718359174 0.8472117594774028 
0.4692346173086543 0.8493811022618633 
0.46973486743371684 0.8515210414601755 
0.47023511755877934 0.8536313334961552 
0.4707353676838419 0.8557117376911476 
0.47123561780890444 0.8577620163033519 
0.47173586793396693 0.8597819345668454 
0.4722361180590295 0.8617712607303115 
0.47273636818409204 0.8637297660954628 
0.47323661830915453 0.8656572250551426 
0.4737368684342171 0.8675534151311118 
0.4742371185592796 0.8694181170114984 
0.47473736868434213 0.8712511145879128 
0.4752376188094047 0.8730521949922155 
0.4757378689344672 0.8748211486329281 
0.47623811905952973 0.8765577692312796 
0.4767383691845923 0.8782618538568859 
0.4772386193096548 0.8799332029630423 
0.47773886943471733 0.8815716204216314 
0.4782391195597799 0.8831769135576313 
0.4787393696848424 0.884748893183217 
0.4792396198099049 0.8862873736314509 
0.4797398699349674 0.8877921727895484 
0.48024012006003 0.889263112131713 
0.4807403701850925 0.8907000167515345 
0.481240620310155 0.8921027153939404 
0.48174087043521757 0.8934710404866941 
0.4822411205602801 0.8948048281714317 
0.4827413706853426 0.8961039183342318 
0.48324162081040517 0.8973681546357103 
0.4837418709354677 0.8985973845406332 
0.4842421210605302 0.899791459347041 
0.48474237118559277 0.9009502342148796 
0.4852426213106553 0.9020735681941324 
0.4857428714357178 0.9031613242524417 
0.48624312156078037 0.9042133693022253 
0.48674337168584286 0.9052295742272684 
0.4872436218109054 0.9062098139087981 
0.48774387193596797 0.9071539672510288 
0.48824412206103046 0.9080619172061759 
0.488744372186093 0.9089335507989305 
0.48924462231115556 0.9097687591503925 
0.48974487243621806 0.9105674375014581 
0.4902451225612806 0.9113294852356545 
0.49074537268634316 0.9120548059014202 
0.49124562281140566 0.9127433072338214 
0.4917458729364682 0.9133949011757074 
0.4922461230615307 0.9140095038982934 
0.49274637318659326 0.914587035821168 
0.4932466233116558 0.9151274216317221 
0.4937468734367183 0.9156305903039952 
0.49424712356178085 0.9160964751169272 
0.4947473736868434 0.9165250136720181 
0.4952476238119059 0.9169161479103846 
0.49574787393696845 0.9172698241292121 
0.496248124062031 0.9175859929975901 
0.4967483741870935 0.9178646095717314 
0.49724862431215605 0.9181056333095596 
0.49774887443721855 0.9183090280846694 
0.4982491245622811 0.9184747621996371 
0.49874937468734365 0.9186028083986895 
0.49924962481240615 0.9186931438797085 
0.4997498749374687 0.9187457503055715 
0.5002501250625312 0.9187606138148154 
0.5007503751875938 0.9187377250316153 
0.5012506253126563 0.9186770790750636 
0.5017508754377188 0.9185786755677495 
0.5022511255627814 0.9184425186436128 
0.5027513756878439 0.9182686169550743 
0.5032516258129064 0.9180569836794247 
0.503751875937969 0.917807636524456 
0.5042521260630315 0.9175205977333346 
0.504752376188094 0.9171958940886917 
0.5052526263131566 0.9168335569159188 
0.5057528764382191 0.9164336220856666 
0.5062531265632816 0.9159961300155159 
0.5067533766883441 0.9155211256708216 
0.5072536268134067 0.9150086585647049 
0.5077538769384692 0.9144587827571883 
0.5082541270635317 0.9138715568534487 
0.5087543771885943 0.9132470440011846 
0.5092546273136568 0.9125853118870761 
0.5097548774387193 0.9118864327323241 
0.5102551275637819 0.911150483287255 
0.5107553776888444 0.9103775448249783 
0.5112556278139069 0.9095677031340806 
0.5117558779389695 0.9087210485103416 
0.512256128064032 0.9078376757474615 
0.5127563781890945 0.9069176841267829 
0.5132566283141571 0.9059611774059987 
0.5137568784392196 0.90496826380683 
0.5142571285642821 0.9039390560016655 
0.5147573786893447 0.9028736710991448 
0.5152576288144072 0.901772230628687 
0.5157578789394697 0.9006348605239409 
0.5162581290645323 0.8994616911051602 
0.5167583791895948 0.8982528570604844 
0.5172586293146573 0.8970084974261306 
0.5177588794397199 0.8957287555654754 
0.5182591295647824 0.894413779147035 
0.5187593796898449 0.8930637201213312 
0.5192596298149074 0.8916787346966409 
0.51975987993997 0.8902589833136291 
0.5202601300650325 0.8888046306188637 
0.520760380190095 0.8873158454372114 
0.5212606303151576 0.8857928007431141 
0.5217608804402201 0.8842356736307536 
0.5222611305652826 0.8826446452831045 
0.5227613806903452 0.8810199009398764 
0.5232616308154077 0.8793616298643611 
0.5237618809404702 0.8776700253091855 
0.5242621310655328 0.8759452844809783 
0.5247623811905953 0.8741876085039619 
0.5252626313156578 0.8723972023824874 
0.5257628814407204 0.8705742749625076 
0.5262631315657829 0.8687190388920222 
0.5267633816908454 0.8668317105804971 
0.527263631815908 0.8649125101572734 
0.5277638819409705 0.8629616614289911 
0.528264132066033 0.8609793918360407 
0.5287643821910956 0.8589659324080565 
0.5292646323161581 0.8569215177184846 
0.5297648824412206 0.854846385838237 
0.530265132566283 0.8527407782884514 
0.5307653826913457 0.850604939992394 
0.5312656328164082 0.8484391192265086 
0.5317658829414706 0.84624356757066 
0.5322661330665333 0.8440185398575697 
0.5327663831915957 0.8417642941214977 
0.5332666333166582 0.8394810915461752 
0.5337668834417209 0.8371691964120261 
0.5342671335667833 0.8348288760427003 
0.5347673836918458 0.8324604007509515 
0.5352676338169085 0.8300640437838802 
0.535767883941971 0.827640081267573 
0.5362681340670334 0.8251887921511767 
0.536768384192096 0.822710458150413 
0.5372686343171585 0.8202053636905873 
0.537768884442221 0.817673795849104 
0.5382691345672836 0.8151160442975234 
0.5387693846923461 0.8125324012431834 
0.5392696348174086 0.8099231613704272 
0.5397698849424712 0.8072886217814416 
0.5402701350675337 0.8046290819367586 
0.5407703851925962 0.8019448435954343 
0.5412706353176588 0.7992362107549259 
0.5417708854427213 0.7965034895907139 
0.5422711355677838 0.7937469883956723 
0.5427713856928463 0.7909670175192268 
0.5432716358179089 0.7881638893063214 
0.5437718859429714 0.7853379180362156 
0.5442721360680339 0.7824894198611413 
0.5447723861930965 0.779618712744834 
0.545272636318159 0.7767261164009676 
0.5457728864432215 0.7738119522315134 
0.5462731365682841 0.7708765432650372 
0.5467733866933466 0.7679202140949671 
0.5472736368184091 0.7649432908178372 
0.5477738869434717 0.761946100971537 
0.5482741370685342 0.7589289734735776 
0.5487743871935967 0.755892238559399 
0.5492746373186593 0.7528362277207228 
0.5497748874437218 0.7497612736439823 
0.5502751375687843 0.746667710148832 
0.5507753876938469 0.7435558721267577 
0.5512756378189094 0.740426095479796 
0.5517758879439719 0.7372787170593887 
0.5522761380690345 0.7341140746053669 
0.552776388194097 0.7309325066850896 
0.5532766383191595 0.727734352632753 
0.5537768884442221 0.7245199524888603 
0.5542771385692846 0.721289646939892 
0.5547773886943471 0.7180437772581619 
0.5552776388194096 0.71478268524189 
0.5557778889444722 0.7115067131554803 
0.5562781390695347 0.7082162036700353 
0.5567783891945972 0.7049114998041061 
0.5572786393196598 0.7015929448646784 
0.5577788894447223 0.6982608823884271 
0.5582791395697848 0.6949156560832283 
0.5587793896948474 0.6915576097699406 
0.5592796398199099 0.6881870873244781 
0.5597798899449724 0.6848044326201715 
0.560280140070035 0.6814099894704252 
0.5607803901950975 0.6780041015716913 
0.56128064032016 0.6745871124467645 
0.5617808904452226 0.6711593653883969 
0.5622811405702851 0.6677212034032627 
0.5627813906953476 0.6642729691562661 
0.5632816408204102 0.6608150049152085 
0.5637818909454727 0.6573476524958262 
0.5642821410705352 0.6538712532072117 
0.5647823911955978 0.6503861477976174 
0.5652826413206603 0.6468926764006684 
0.5657828914457228 0.643391178481989 
0.5662831415707853 0.6398819927862458 
0.5667833916958479 0.6363654572846376 
0.5672836418209104 0.6328419091228245 
0.5677838919459729 0.6293116845693266 
0.5682841420710355 0.6257751189643872 
0.568784392196098 0.622232546669324 
0.5692846423211605 0.6186843010163862 
0.5697848924462231 0.6151307142591054 
0.5702851425712856 0.611572117523189 
0.5707853926963481 0.60800884075794 
0.5712856428214107 0.6044412126882246 
0.5717858929464732 0.6008695607670087 
0.5722861430715357 0.5972942111284677 
0.5727863931965983 0.5937154885416817 
0.5732866433216608 0.5901337163649332 
0.5737868934467233 0.5865492165006231 
0.5742871435717859 0.582962309350802 
0.5747873936968484 0.5793733137733453 
0.5752876438219109 0.5757825470387842 
0.5757878939469735 0.5721903247877801 
0.576288144072036 0.5685969609892859 
0.5767883941970985 0.565002767899384 
0.5772886443221611 0.5614080560208137 
0.5777888944472236 0.557813134063204 
0.5782891445722861 0.5542183089040135 
0.5787893946973486 0.5506238855501928 
0.5792896448224112 0.5470301671005683 
0.5797898949474737 0.5434374547089614 
0.5802901450725362 0.53984604754805 
0.5807903951975988 0.5362562427739676 
0.5812906453226613 0.5326683354916586 
0.5817908954477238 0.5290826187209866 
0.5822911455727864 0.5254993833635936 
0.5827913956978489 0.5219189181705217 
0.5832916458229114 0.5183415097105992 
0.583791895947974 0.5147674423395777 
0.5842921460730365 0.5111969981700382 
0.584792396198099 0.5076304570420536 
0.5852926463231616 0.5040680964946054 
0.5857928964482241 0.5005101917377578 
0.5862931465732866 0.4969570156255861 
0.5867933966983492 0.49340883862984003 
0.5872936468234117 0.48986592881435764 
0.5877938969484742 0.48632855181021317 
0.5882941470735368 0.4827969707915842 
0.5887943971985993 0.47927144645234643 
0.5892946473236618 0.4757522369833807 
0.5897948974487243 0.4722395980505738 
0.5902951475737869 0.4687337827735218 
0.5907953976988494 0.46523504170491037 
0.5912956478239119 0.461743622810572 
0.5917958979489745 0.45825977145019586 
0.592296148074037 0.45478373035869685 
0.5927963981990995 0.451315739628217 
0.5932966483241621 0.44785603669074964 
0.5937968984492246 0.4444048563013826 
0.5942971485742871 0.4409624305221378 
0.5947973986993497 0.43752898870639745 
0.5952976488244122 0.4341047574839057 
0.5957978989494747 0.4306899607463373 
0.5962981490745373 0.4272848196334046 
0.5967983991995998 0.42388955251950994 
0.5972986493246623 0.420504375000921 
0.5977988994497249 0.4171294998834555 
0.5982991495747874 0.41376513717066504 
0.5987993996998499 0.4104114940525149 
0.5992996498249125 0.4070687748945337 
0.599799899949975 0.4037371812274335 
0.6003001500750375 0.4004169117371926 
0.6008004002001001 0.3971081622555747 
0.6013006503251626 0.3938111257510983 
0.601800900450225 0.3905259923204363 
0.6023011505752875 0.38725294918023 
0.6028014007003502 0.3839921806593334 
0.6033016508254126 0.3807438681914581 
0.6038019009504751 0.3775081903082384 
0.6043021510755378 0.3742853226326789 
0.6048024012006002 0.37107543787302144 
0.6053026513256627 0.36787870581699716 
0.6058029014507254 0.364695293326474 
0.6063031515757878 0.3615253643325029 
0.6068034017008503 0.3583690798307551 
0.607303651825913 0.3552265978773538 
0.6078039019509754 0.35209807358510326 
0.6083041520760379 0.3489836591201219 
0.6088044022011005 0.34588350369886744 
0.609304652326163 0.3427977535855773 
0.6098049024512255 0.3397265520901201 
0.6103051525762881 0.3366700395662562 
0.6108054027013506 0.33362835341033026 
0.6113056528264131 0.3306016280603884 
0.6118059029514757 0.3275899949957322 
0.6123061530765382 0.3245935827369155 
0.6128064032016007 0.3216125168462009 
0.6133066533266633 0.31864691992846655 
0.6138069034517258 0.3156969116325898 
0.6143071535767883 0.3127626086533066 
0.6148074037018508 0.3098441247335616 
0.6153076538269134 0.3069415706673493 
0.6158079039519759 0.3040550543030652 
0.6163081540770384 0.30118468054737624 
0.616808404202101 0.2983305513696047 
0.6173086543271635 0.29549276580665473 
0.617808904452226 0.2926714199684808 
0.6183091545772886 0.28986660704409545 
0.6188094047023511 0.2870784173081486 
0.6193096548274136 0.28430693812806396 
0.6198099049524762 0.28155225397174694 
0.6203101550775387 0.2788144464158731 
0.6208104052026012 0.2760935941547615 
0.6213106553276638 0.2733897730098297 
0.6218109054527263 0.27070305593964566 
0.6223111555777888 0.2680335130505745 
0.6228114057028514 0.2653812116080172 
0.6233116558279139 0.2627462160482515 
0.6238119059529764 0.2601285879908701 
0.624312156078039 0.2575283862518123 
0.6248124062031015 0.25494566685699344 
0.625312656328164 0.252380483056525 
0.6258129064532265 0.24983288533952025 
0.6263131565782891 0.2473029214494827 
0.6268134067033516 0.2447906364002691 
0.6273136568284141 0.24229607249261956 
0.6278139069534767 0.23981926933124464 
0.6283141570785392 0.23736026384245912 
0.6288144072036017 0.23491909029235794 
0.6293146573286643 0.23249578030550755 
0.6298149074537268 0.23009036288415197 
0.6303151575787893 0.22770286442791818 
0.6308154077038519 0.2253333087539917 
0.6313156578289144 0.22298171711776454 
0.6318159079539769 0.22064810823392564 
0.6323161580790395 0.21833249829797477 
0.632816408204102 0.2160349010081484 
0.6333166583291645 0.21375532758773264 
0.6338169084542271 0.2114937868077383 
0.6343171585792896 0.20925028500992407 
0.6348174087043521 0.20702482613014417 
0.6353176588294147 0.20481741172198806 
0.6358179089544772 0.2026280409807056 
0.6363181590795397 0.20045671076738156 
0.6368184092046023 0.19830341563333645 
0.6373186593296648 0.1961681478447383 
0.6378189094547273 0.19405089740739292 
0.6383191595797898 0.19195165209169346 
0.6388194097048524 0.18987039745769974 
0.6393196598299149 0.18780711688033186 
0.6398199099549774 0.18576179157464873 
0.64032016008004 0.1837344006211886 
0.6408204102051025 0.18172492099135076 
0.641320660330165 0.17973332757279842 
0.6418209104552276 0.17775959319485407 
0.6423211605802901 0.17580368865387327 
0.6428214107053526 0.17386558273857797 
0.6433216608304152 0.17194524225531893 
0.6438219109554777 0.1700426320532641 
0.6443221610805402 0.16815771504948626 
0.6448224112056028 0.16629045225393324 
0.6453226613306653 0.1644408027942728 
0.6458229114557278 0.16260872394058926 
0.6463231615807904 0.16079417112992866 
0.6468234117058529 0.15899709799066933 
0.6473236618309154 0.15721745636672324 
0.647823911955978 0.15545519634154056 
0.6483241620810405 0.15371026626192733 
0.648824412206103 0.15198261276166222 
0.6493246623311655 0.1502721807849019 
0.6498249124562281 0.14857891360938608 
0.6503251625812906 0.14690275286942722 
0.6508254127063531 0.14524363857869305 
0.6513256628314157 0.14360150915277498 
0.6518259129564782 0.14197630143155365 
0.6523261630815407 0.1403679507013588 
0.6528264132066033 0.13877639071692804 
0.6533266633316658 0.13720155372317805 
0.6538269134567283 0.13564337047678612 
0.6543271635817909 0.13410177026759723 
0.6548274137068534 0.13257668093986386 
0.6553276638319159 0.1310680289133319 
0.6558279139569785 0.1295757392041778 
0.656328164082041 0.1280997354458211 
0.6568284142071035 0.12663993990961503 
0.6573286643321661 0.12519627352543597 
0.6578289144572286 0.12376865590218436 
0.6583291645822911 0.12235700534821636 
0.6588294147073537 0.12096123889171757 
0.6593296648324162 0.11958127230103932 
0.6598299149574787 0.11821702010501654 
0.6603301650825413 0.11686839561327832 
0.6608304152076038 0.11553531093657399 
0.6613306653326663 0.11421767700713564 
0.6618309154577288 0.11291540359908503 
0.6623311655827914 0.11162839934891251 
0.6628314157078539 0.11035657177604004 
0.6633316658329164 0.10909982730349035 
0.663831915957979 0.1078580712786725 
0.6643321660830415 0.10663120799430499 
0.664832416208104 0.10541914070949836 
0.6653326663331666 0.104221771670996 
0.6658329164582291 0.10303900213460702 
0.6663331665832916 0.10187073238683392 
0.6668334167083542 0.10071686176670896 
0.6673336668334167 0.09957728868785692 
0.6678339169584792 0.0984519106607913 
0.6683341670835418 0.09734062431545465 
0.6688344172086043 0.09624332542401354 
0.6693346673336668 0.09515990892391783 
0.6698349174587294 0.09409026894122427 
0.6703351675837919 0.09303429881420267 
0.6708354177088544 0.09199189111721492 
0.671335667833917 0.09096293768487995 
0.6718359179589795 0.08994732963652469 
0.672336168084042 0.0889449574009184 
0.6728364182091046 0.08795571074129246 
0.673336668334167 0.08697947878064403 
0.6738369184592296 0.08601615002731931 
0.674337168584292 0.08506561240087022 
0.6748374187093547 0.08412775325818178 
0.6753376688344171 0.08320245941986143 
0.6758379189594796 0.08228961719688106 
0.6763381690845423 0.08138911241746269 
0.6768384192096047 0.08050083045419736 
0.6773386693346672 0.07962465625138698 
0.6778389194597298 0.07876047435258897 
0.6783391695847923 0.07790816892835861 
0.6788394197098548 0.0770676238041696 
0.6793396698349174 0.07623872248849335 
0.6798399199599799 0.07542134820102567 
0.6803401700850424 0.07461538390104185 
0.680840420210105 0.07382071231585594 
0.6813406703351675 0.07303721596937311 
0.68184092046023 0.07226477721070869 
0.6823411705852926 0.0715032782428553 
0.6828414207103551 0.07075260115137849 
0.6833416708354176 0.07001262793311924 
0.6838419209604802 0.06928324052487449 
0.6843421710855427 0.06856432083204828 
0.6848424212106052 0.06785575075723467 
0.6853426713356677 0.06715741222872233 
0.6858429214607303 0.06646918722889136 
0.6863431715857928 0.0657909578224846 
0.6868434217108553 0.06512260618472655 
0.6873436718359179 0.06446401462927145 
0.6878439219609804 0.06381506563595815 
0.6883441720860429 0.0631756418783458 
0.6888444222111055 0.06254562625101809 
0.689344672336168 0.06192490189662461 
0.6898449224612305 0.06131335223264769 
0.6903451725862931 0.060710860977870956 
0.6908454227113556 0.060117312178528566 
0.6913456728364181 0.05953259023412385 
0.6918459229614807 0.05895657992289005 
0.6923461730865432 0.05838916642688359 
0.6928464232116057 0.0578302353566902 
0.6933466733366683 0.05727967277572782 
0.6938469234617308 0.0567373652241336 
0.6943471735867933 0.056203199742220065 
0.6948474237118559 0.05567706389348576 
0.6953476738369184 0.0551588457871712 
0.6958479239619809 0.05464843410034777 
0.6963481740870435 0.05414571809952536 
0.696848424212106 0.05365058766177724 
0.6973486743371685 0.05316293329536361 
0.697848924462231 0.05268264615985533 
0.6983491745872936 0.05220961808574317 
0.6988494247123561 0.05174374159353202 
0.6993496748374186 0.05128490991231202 
0.6998499249624812 0.050833016997800635 
0.7003501750875437 0.05038795754985793 
0.7008504252126062 0.04994962702946433 
0.7013506753376688 0.049517921675165236 
0.7018509254627313 0.04909273851897583 
0.7023511755877938 0.04867397540174959 
0.7028514257128564 0.04826153098800832 
0.7033516758379189 0.047855304780230645 
0.7038519259629814 0.0474551971326098 
0.704352176088044 0.04706110926426865 
0.7048524262131065 0.04667294327194536 
0.705352676338169 0.046290602142146316 
0.7058529264632316 0.045913989762772 
0.7063531765882941 0.045543010934212265 
0.7068534267133566 0.045177571379927624 
0.7073536768384192 0.04481757775650462 
0.7078539269634817 0.044462937663200836 
0.7083541770885442 0.04411355965098031 
0.7088544272136067 0.043769353231039455 
0.7093546773386693 0.04343022888283671 
0.7098549274637318 0.04309609806162026 
0.7103551775887943 0.04276687320546892 
0.7108554277138569 0.042442467741842294 
0.7113556778389194 0.04212279609364765 
0.7118559279639819 0.04180777368483496 
0.7123561780890445 0.04149731694550924 
0.712856428214107 0.04119134331658554 
0.7133566783391695 0.04088977125397114 
0.7138569284642321 0.04059252023229278 
0.7143571785892946 0.04029951074816943 
0.7148574287143571 0.04001066432303323 
0.7153576788394197 0.03972590350550502 
0.7158579289644822 0.039445151873327006 
0.7163581790895447 0.039168334034860385 
0.7168584292146073 0.038895375630145335 
0.7173586793396698 0.038626203331534055 
0.7178589294647323 0.0383607448438967 
0.7183591795897949 0.03809892890440404 
0.7188594297148574 0.037840685281892716 
0.7193596798399199 0.03758594477581549 
0.7198599299649825 0.03733463921477859 
0.720360180090045 0.03708670145467271 
0.7208604302151075 0.03684206537639901 
0.72136068034017 0.036600665883194806 
0.7218609304652326 0.03636243889756271 
0.7223611805902951 0.03612732135780478 
0.7228614307153576 0.035895251214171336 
0.7233616808404202 0.03566616742461985 
0.7238619309654827 0.0354400099501972 
0.7243621810905452 0.035216719750041536 
0.7248624312156078 0.03499623877601448 
0.7253626813406703 0.03477850996696596 
0.7258629314657328 0.034563477242635414 
0.7263631815907954 0.034351085497196406 
0.7268634317158579 0.034141280592452444 
0.7273636818409204 0.033934009350683345 
0.727863931965983 0.03372921954715641 
0.7283641820910455 0.03352685990230434 
0.728864432216108 0.0333268800735769 
0.7293646823411706 0.03312923064697622 
0.7298649324662331 0.03293386312828235 
0.7303651825912956 0.03274072993397821 
0.7308654327163582 0.03254978438187948 
0.7313656828414207 0.032360980681486275 
0.7318659329664832 0.032174273924054884 
0.7323661830915458 0.03198962007241266 
0.7328664332166083 0.03180697595051602 
0.7333666833416708 0.03162629923276932 
0.7338669334667333 0.03144754843311212 
0.7343671835917959 0.03127068289388904 
0.7348674337168584 0.03109566277451654 
0.7353676838419209 0.030922449039952053 
0.7358679339669835 0.03075100344898816 
0.736368184092046 0.030581288542379462 
0.7368684342171085 0.030413267630816684 
0.7373686843421711 0.030246904782764688 
0.7378689344672336 0.030082164812176494 
0.7383691845922961 0.029919013266099942 
0.7388694347173587 0.029757416412191352 
0.7393696848424212 0.029597341226151753 
0.7398699349674837 0.029438755379099898 
0.7403701850925463 0.029281627224900176 
0.7408704352176088 0.02912592578746049 
0.7413706853426713 0.028971620748012197 
0.7418709354677339 0.028818682432395104 
0.7423711855927964 0.028667081798354664 
0.7428714357178589 0.02851679042287564 
0.7433716858429215 0.028367780489560356 
0.743871935967984 0.028220024776074 
0.7443721860930465 0.02807349664166293 
0.744872436218109 0.02792817001477166 
0.7453726863431716 0.02778401938076536 
0.745872936468234 0.027641019769775312 
0.7463731865932965 0.027499146744680833 
0.7468734367183592 0.027358376389237944 
0.7473736868434216 0.027218685296376527 
0.7478739369684841 0.027080050556666378 
0.7483741870935467 0.026942449746974805 
0.7488744372186092 0.026805860919320454 
0.7493746873436717 0.026670262589935927 
0.7498749374687343 0.026535633728550178 
0.7503751875937968 0.026401953747899623 
0.7508754377188593 0.026269202493477063 
0.751375687843922 0.026137360233522755 
0.7518759379689844 0.026006407649270067 
0.7523761880940469 0.02587632582544971 
0.7528764382191095 0.025747096241056946 
0.753376688344172 0.02561870076038861 
0.7538769384692345 0.025491121624352166 
0.7543771885942971 0.025364341442052813 
0.7548774387193596 0.025238343182654638 
0.7553776888444221 0.025113110167528704 
0.7558779389694847 0.024988626062672468 
0.7563781890945472 0.02486487487141956 
0.7568784392196097 0.02474184092741999 
0.7573786893446722 0.024619508887905348 
0.7578789394697348 0.024497863727224428 
0.7583791895947973 0.024376890730653245 
0.7588794397198598 0.024256575488472595 
0.7593796898449224 0.02413690389030918 
0.7598799399699849 0.024017862119733016 
0.7603801900950474 0.023899436649111535 
0.76088044022011 0.02378161423470241 
0.7613806903451725 0.023664381911991196 
0.761880940470235 0.023547726991255086 
0.7623811905952976 0.023431637053350617 
0.7628814407203601 0.023316099945715357 
0.7633816908454226 0.023201103778572988 
0.7638819409704852 0.023086636921336005 
0.7643821910955477 0.022972687999189657 
0.7648824412206102 0.022859245889855155 
0.7653826913456728 0.022746299720515013 
0.7658829414707353 0.02263383886489507 
0.7663831915957978 0.02252185294049002 
0.7668834417208604 0.02241033180592008 
0.7673836918459229 0.022299265558412596 
0.7678839419709854 0.022188644531394273 
0.7683841920960479 0.02207845929218476 
0.7688844422211105 0.021968700639781312 
0.769384692346173 0.021859359602721493 
0.7698849424712355 0.02175042743701759 
0.7703851925962981 0.021641895624150583 
0.7708854427213606 0.021533755869113966 
0.7713856928464231 0.02142600009849625 
0.7718859429714857 0.02131862045859804 
0.7723861930965482 0.021211609313568747 
0.7728864432216107 0.021104959243560747 
0.7733866933466733 0.020998663042885616 
0.7738869434717358 0.020892713718173413 
0.7743871935967983 0.02078710448652101 
0.7748874437218609 0.020681828773627512 
0.7753876938469234 0.020576880211908018 
0.7758879439719859 0.020472252638581837 
0.7763881940970485 0.020367940093730712 
0.776888444222111 0.02026393681831792 
0.7773886943471735 0.020160237252175632 
0.7778889444722361 0.020056836031942426 
0.7783891945972986 0.019953727988959894 
0.7788894447223611 0.019850908147123293 
0.7793896948474237 0.01974837172068222 
0.7798899449724862 0.019646114111989764 
0.7803901950975487 0.019544130909207296 
0.7808904452226112 0.019442417883954514 
0.7813906953476738 0.019340970988913825 
0.7818909454727363 0.019239786355385705 
0.7823911955977988 0.019138860290796797 
0.7828914457228614 0.01903818927616565 
0.7833916958479239 0.018937769963525496 
0.7838919459729864 0.018837599173309356 
0.784392196098049 0.018737673891698614 
0.7848924462231115 0.01863799126793852 
0.785392696348174 0.018538548611628874 
0.7858929464732366 0.018439343389987435 
0.7863931965982991 0.018340373225098214 
0.7868934467233616 0.018241635891138665 
0.7873936968484242 0.01814312931160301 
0.7878939469734867 0.01804485155651837 
0.7883941970985492 0.01794680083966095 
0.7888944472236118 0.017848975515778347 
0.7893946973486743 0.017751374077821205 
0.7898949474737368 0.017653995154193077 
0.7903951975987994 0.017556837506019825 
0.7908954477238619 0.01745990002444627 
0.7913956978489244 0.01736318172796334 
0.791895947973987 0.01726668175977407 
0.7923961980990495 0.017170399385196097 
0.792896448224112 0.01707433398911659 
0.7933966983491745 0.01697848507349369 
0.7938969484742371 0.01688285225491102 
0.7943971985992996 0.016787435262195803 
0.7948974487243621 0.016692233934095912 
0.7953976988494247 0.01659724821702213 
0.7958979489744872 0.01650247816286302 
0.7963981990995497 0.016407923926867764 
0.7968984492246123 0.016313585765604183 
0.7973986993496748 0.01621946403499561 
0.7978989494747373 0.016125559188430613 
0.7983991995997999 0.016031871774956692 
0.7988994497248624 0.01593840243755243 
0.7993996998499249 0.015845151911481278 
0.7998999499749875 0.015752121022723983 
0.80040020010005 0.015659310686496397 
0.8009004502251125 0.015566721905843862 
0.8014007003501751 0.015474355770317768 
0.8019009504752376 0.015382213454729936 
0.8024012006003001 0.015290296217981714 
0.8029014507253627 0.01519860540197173 
0.8034017008504252 0.015107142430572712 
0.8039019509754877 0.015015908808680914 
0.8044022011005502 0.014924906121331436 
0.8049024512256128 0.014834136032876973 
0.8054027013506753 0.014743600286228339 
0.8059029514757378 0.014653300702151413 
0.8064032016008004 0.014563239178618223 
0.8069034517258629 0.014473417690203506 
0.8074037018509254 0.014383838287530431 
0.807903951975988 0.014294503096753475 
0.8084042021010505 0.014205414319078038 
0.808904452226113 0.014116574230312063 
0.8094047023511756 0.014027985180441753 
0.8099049524762381 0.013939649593230446 
0.8104052026013006 0.01385156996583383 
0.8109054527263632 0.013763748868427897 
0.8114057028514257 0.013676188943841826 
0.8119059529764882 0.013588892907194684 
0.8124062031015508 0.013501863545529395 
0.8129064532266133 0.013415103717439331 
0.8134067033516758 0.013328616352684848 
0.8139069534767384 0.01324240445178891 
0.8144072036018009 0.013156471085620233 
0.8149074537268634 0.013070819394943438 
0.815407703851926 0.012985452589947597 
0.8159079539769885 0.01290037394973891 
0.816408204102051 0.012815586821798713 
0.8169084542271134 0.012731094621402251 
0.817408704352176 0.012646900830997907 
0.8179089544772385 0.012563008999536222 
0.818409204602301 0.012479422741757238 
0.8189094547273637 0.012396145737426803 
0.8194097048524261 0.012313181730515807 
0.8199099549774886 0.012230534528335798 
0.8204102051025512 0.012148208000611088 
0.8209104552276137 0.012066206078497827 
0.8214107053526762 0.01198453275354854 
0.8219109554777388 0.011903192076615998 
0.8224112056028013 0.01182218815669892 
0.8229114557278638 0.011741525159732806 
0.8234117058529264 0.011661207307319786 
0.8239119559779889 0.011581238875403218 
0.8244122061030514 0.011501624192885765 
0.824912456228114 0.011422367640189515 
0.8254127063531765 0.0113434736477654 
0.825912956478239 0.011264946694547308 
0.8264132066033016 0.011186791306354915 
0.8269134567283641 0.011109012054249976 
0.8274137068534266 0.011031613552842138 
0.8279139569784892 0.010954600458550796 
0.8284142071035517 0.010877977467825995 
0.8289144572286142 0.010801749315329795 
0.8294147073536767 0.010725920772076526 
0.8299149574787393 0.010650496643542263 
0.8304152076038018 0.010575481767744768 
0.8309154577288643 0.010500881013290352 
0.8314157078539269 0.010426699277398971 
0.8319159579789894 0.010352941483908796 
0.8324162081040519 0.010279612581258608 
0.8329164582291145 0.010206717540458363 
0.833416708354177 0.010134261353048535 
0.8339169584792395 0.010062249029047643 
0.8344172086043021 0.009990685594899153 
0.8349174587293646 0.009919576091413796 
0.8354177088544271 0.009848925571718598 
0.8359179589794897 0.00977873909920538 
0.8364182091045522 0.009709021745491927 
0.8369184592296147 0.009639778588395594 
0.8374187093546773 0.009571014709920608 
0.8379189594797398 0.009502735194265 
0.8384192096048023 0.009434945125849276 
0.8389194597298649 0.009367649587370191 
0.8394197098549274 0.009300853657880796 
0.8399199599799899 0.009234562410905296 
0.8404202101050524 0.009168780912582733 
0.840920460230115 0.00910351421985057 
0.8414207103551775 0.00903876737866523 
0.84192096048024 0.00897454542226806 
0.8424212106053026 0.008910853369489833 
0.8429214607303651 0.008847696223107094 
0.8434217108554276 0.008785078968245184 
0.8439219609804902 0.008723006570833308 
0.8444222111055527 0.008661483976113058 
0.8449224612306152 0.008600516107200694 
0.8454227113556778 0.008540107863711748 
0.8459229614807403 0.00848026412044004 
0.8464232116058028 0.008420989726101061 
0.8469234617308654 0.0083622895021396 
0.8474237118559279 0.008304168241599201 
0.8479239619809904 0.008246630708061234 
0.848424212106053 0.008189681634652618 
0.8489244622311155 0.008133325723122073 
0.849424712356178 0.008077567642988712 
0.8499249624812406 0.00802241203076433 
0.8504252126063031 0.007967863489251268 
0.8509254627313656 0.007913926586914002 
0.8514257128564282 0.007860605857330071 
0.8519259629814907 0.007807905798721745 
0.8524262131065532 0.0077558308735635505 
0.8529264632316157 0.007704385508276135 
0.8534267133566783 0.007653574093000801 
0.8539269634817408 0.007603400981458241 
0.8544272136068033 0.007553870490894511 
0.8549274637318659 0.0075049869021116 
0.8554277138569284 0.007456754459587322 
0.8559279639819909 0.007409177371684869 
0.8564282141070535 0.007362259810948859 
0.856928464232116 0.007316005914499277 
0.8574287143571785 0.00727041978450882 
0.8579289644822411 0.007225505488781906 
0.8584292146073036 0.007181267061420619 
0.8589294647323661 0.007137708503590921 
0.8594297148574287 0.0070948337843773565 
0.8599299649824912 0.007052646841742741 
0.8604302151075537 0.007011151583574866 
0.8609304652326163 0.006970351888835681 
0.8614307153576788 0.0069302516088066085 
0.8619309654827413 0.0068908545684283375 
0.8624312156078039 0.006852164567739301 
0.8629314657328664 0.006814185383411485 
0.8634317158579289 0.006776920770379457 
0.8639319659829914 0.006740374463568343 
0.864432216108054 0.0067045501797123016 
0.8649324662331165 0.006669451619271411 
0.865432716358179 0.006635082468436086 
0.8659329664832416 0.006601446401224078 
0.8664332166083041 0.0065685470816668435 
0.8669334667333666 0.006536388166080125 
0.8674337168584292 0.006504973305420898 
0.8679339669834917 0.006474306147723559 
0.8684342171085542 0.006444390340615662 
0.8689344672336168 0.006415229533906052 
0.8694347173586793 0.0063868273822474805 
0.8699349674837418 0.0063591875478620245 
0.8704352176088044 0.006332313703328969 
0.8709354677338669 0.0063062095344331845 
0.8714357178589294 0.006280878743060641 
0.871935967983992 0.0062563250501418005 
0.8724362181090545 0.006232552198634502 
0.872936468234117 0.006209563956539552 
0.8734367183591796 0.006187364119942593 
0.8739369684842421 0.006165956516072373 
0.8744372186093046 0.006145345006372058 
0.8749374687343672 0.0061255334895705 
0.8754377188594297 0.006106525904746559 
0.8759379689844922 0.006088326234379003 
0.8764382191095547 0.006070938507367294 
0.8769384692346173 0.006054366802018328 
0.8774387193596798 0.006038615248985485 
0.8779389694847423 0.006023688034150029 
0.8784392196098049 0.006009589401432643 
0.8789394697348674 0.00599632365552241 
0.8794397198599299 0.005983895164513871 
0.8799399699849925 0.005972308362438628 
0.880440220110055 0.005961567751671552 
0.8809404702351175 0.00595167790521138 
0.8814407203601801 0.005942643468809539 
0.8819409704852426 0.005934469162939289 
0.882441220610305 0.005927159784589981 
0.8829414707353677 0.005920720208871216 
0.8834417208604302 0.005915155390411178 
0.8839419709854927 0.005910470364533498 
0.8844422211105553 0.005906670248203313 
0.8849424712356178 0.005903760240714303 
0.8854427213606803 0.005901745624115633 
0.8859429714857429 0.0059006317633524255 
0.8864432216108054 0.00590042410610725 
0.8869434717358678 0.005901128182328796 
0.8874437218609305 0.005902749603425145 
0.887943971985993 0.005905294061116668 
0.8884442221110554 0.005908767325918484 
0.8889444722361179 0.0059131752452492 
0.8894447223611806 0.005918523741143009 
0.889944972486243 0.005924818807549607 
0.8904452226113055 0.005932066507211871 
0.8909454727363681 0.0059402729680994954 
0.8914457228614306 0.005949444379387062 
0.8919459729864931 0.00595958698696273 
0.8924462231115557 0.005970707088449605 
0.8929464732366182 0.005982811027732561 
0.8934467233616807 0.005995905188966332 
0.8939469734867433 0.006009995990065304 
0.8944472236118058 0.006025089875651822 
0.8949474737368683 0.006041193309454686 
0.8954477238619309 0.006058312766150731 
0.8959479739869934 0.006076454722631391 
0.8964482241120559 0.006095625648689498 
0.8969484742371185 0.0061158319971187135 
0.897448724362181 0.006137080193208752 
0.8979489744872435 0.006159376623641358 
0.8984492246123061 0.0061827276247681355 
0.8989494747373686 0.006207139470273061 
0.8994497248624311 0.006232618358211777 
0.8999499749874936 0.006259170397421102 
0.9004502251125562 0.006286801593304307 
0.9009504752376187 0.006315517832978313 
0.9014507253626812 0.006345324869795009 
0.9019509754877438 0.006376228307225059 
0.9024512256128063 0.006408233582117601 
0.9029514757378688 0.006441345947328966 
0.9034517258629314 0.006475570453729079 
0.9039519759879939 0.006510911931593 
0.9044522261130564 0.006547374971377432 
0.904952476238119 0.006584963903897631 
0.9054527263631815 0.006623682779910279 
0.905952976488244 0.006663535349112272 
0.9064532266133066 0.0067045250385709305 
0.9069534767383691 0.006746654930593576 
0.9074537268634316 0.006789927740060851 
0.9079539769884942 0.006834345791229169 
0.9084542271135567 0.006879910994027548 
0.9089544772386192 0.006926624819867623 
0.9094547273636818 0.006974488276982388 
0.9099549774887443 0.007023501885326511 
0.9104552276138068 0.007073665651048641 
0.9109554777388694 0.007124979040574156 
0.9114557278639319 0.0071774409543163605 
0.9119559779889944 0.007231049700048837 
0.9124562281140569 0.007285802965969518 
0.9129564782391195 0.007341697793483316 
0.913456728364182 0.007398730549744919 
0.9139569784892445 0.00745689689998557 
0.9144572286143071 0.007516191779669978 
0.9149574787393696 0.0075766093665150126 
0.9154577288644321 0.007638143052410383 
0.9159579789894947 0.00770078541528299 
0.9164582291145572 0.00776452819094505 
0.9169584792396197 0.007829362244971414 
0.9174587293646823 0.007895277544647363 
0.9179589794897448 0.007962263131036724 
0.9184592296148073 0.008030307091213324 
0.9189594797398699 0.008099396530708706 
0.9194597298649324 0.008169517546218912 
0.9199599799899949 0.008240655198628839 
0.9204602301150575 0.008312793486399113 
0.92096048024012 0.008385915319373247 
0.9214607303651825 0.008460002493053604 
0.9219609804902451 0.008535035663404293 
0.9224612306153076 0.008610994322236165 
0.9229614807403701 0.008687856773226567 
0.9234617308654326 0.008765600108635172 
0.9239619809904952 0.008844200186767346 
0.9244622311155577 0.008923631610248773 
0.9249624812406202 0.009003867705164363 
0.9254627313656828 0.009084880501122806 
0.9259629814907453 0.009166640712304502 
0.9264632316158078 0.009249117719548937 
0.9269634817408704 0.009332279553545684 
0.9274637318659329 0.00941609287918143 
0.9279639819909954 0.009500522981106502 
0.928464232116058 0.009585533750575503 
0.9289644822411205 0.00967108767361949 
0.929464732366183 0.009757145820610989 
0.9299649824912456 0.009843667837272564 
0.9304652326163081 0.009930611937189098 
0.9309654827413706 0.010017934895874957 
0.9314657328664332 0.010105592046452685 
0.9319659829914957 0.010193537276993757 
0.9324662331165582 0.010281723029573779 
0.9329664832416208 0.010370100301091652 
0.9334667333666833 0.010458618645900232 
0.9339669834917458 0.010547226180296888 
0.9344672336168084 0.010635869588917164 
0.9349674837418709 0.010724494133075331 
0.9354677338669334 0.010813043661093771 
0.9359679839919959 0.010901460620657262 
0.9364682341170585 0.010989686073231983 
0.936968484242121 0.011077659710579684 
0.9374687343671835 0.011165319873403913 
0.9379689844922461 0.011252603572150438 
0.9384692346173086 0.011339446509993854 
0.9389694847423711 0.011425783108029249 
0.9394697348674337 0.01151154653269438 
0.9399699849924962 0.01159666872543151 
0.9404702351175587 0.011681080434612879 
0.9409704852426213 0.011764711249731576 
0.9414707353676838 0.011847489637870055 
0.9419709854927463 0.011929342982447898 
0.9424712356178089 0.012010197624248245 
0.9429714857428714 0.012089978904725397 
0.9434717358679339 0.012168611211575697 
0.9439719859929965 0.012246018026568686 
0.944472236118059 0.012322121975621872 
0.9449724862431215 0.01239684488109713 
0.9454727363681841 0.012470107816301389 
0.9459729864932466 0.012541831162155655 
0.9464732366183091 0.012611934666012532 
0.9469734867433717 0.012680337502575662 
0.9474737368684342 0.012746958336891287 
0.9479739869934967 0.012811715389362483 
0.9484742371185592 0.012874526502739318 
0.9489744872436218 0.012935309211036422 
0.9494747373686843 0.012993980810315267 
0.9499749874937468 0.013050458431281324 
0.9504752376188094 0.013104659113620533 
0.9509754877438719 0.013156499882015485 
0.9514757378689344 0.01320589782376396 
0.951975987993997 0.013252770167925811 
0.9524762381190595 0.013297034365921142 
0.952976488244122 0.013338608173486729 
0.9534767383691846 0.013377409733914577 
0.9539769884942471 0.013413357662472005 
0.9544772386193096 0.013446371131914377 
0.9549774887443722 0.013476369958988673 
0.9554777388694347 0.013503274691828814 
0.9559779889944972 0.013527006698136371 
0.9564782391195598 0.013547488254040974 
0.9569784892446223 0.013564642633524863 
0.9574787393696848 0.013578394198304842 
0.9579789894947474 0.01358866848805212 
0.9584792396198099 0.0135953923108283 
0.9589794897448723 0.013598493833624567 
0.9594797398699348 0.013597902672873939 
0.9599799899949975 0.013593549984815514 
0.96048024012006 0.01358536855558344 
0.9609804902451224 0.013573292890894128 
0.961480740370185 0.013557259305198827 
0.9619809904952475 0.013537206010175235 
0.96248124062031 0.013513073202424267 
0.9629814907453726 0.01348480315024231 
0.9634817408704351 0.01345234027933576 
0.9639819909954976 0.013415631257343368 
0.9644822411205602 0.013374625077037504 
0.9649824912456227 0.013329273138070741 
0.9654827413706852 0.013279529327134994 
0.9659829914957478 0.013225350096406437 
0.9664832416208103 0.013166694540137223 
0.9669834917458728 0.013103524469277286 
0.9674837418709354 0.013035804483990157 
0.9679839919959979 0.012963502043941035 
0.9684842421210604 0.012886587536233812 
0.968984492246123 0.01280503434087193 
0.9694847423711855 0.012718818893628456 
0.969984992496248 0.012627920746208356 
0.9704852426213106 0.012532322623587715 
0.9709854927463731 0.012432010478419285 
0.9714857428714356 0.012326973542400399 
0.9719859929964981 0.012217204374496774 
0.9724862431215607 0.012102698905924768 
0.9729864932466232 0.011983456481793843 
0.9734867433716857 0.011859479899321138 
0.9739869934967483 0.011730775442525826 
0.9744872436218108 0.011597352913327785 
0.9749874937468733 0.011459225658965691 
0.9754877438719359 0.01131641059566716 
0.9759879939969984 0.011168928228495748 
0.9764882441220609 0.011016802667325855 
0.9769884942471235 0.010860061638868844 
0.977488744372186 0.010698736494718085 
0.9779889944972485 0.010532862215351222 
0.9784892446223111 0.01036247741006415 
0.9789894947473736 0.01018762431278511 
0.9794897448724361 0.010008348773760212 
0.9799899949974987 0.009824700247066281 
0.9804902451225612 0.009636731773958223 
0.9809904952476237 0.009444499962022556 
0.9814907453726863 0.00924806496013904 
0.9819909954977488 0.009047490429262313 
0.9824912456228113 0.008842843509014969 
0.9829914957478738 0.008634194780123623 
0.9834917458729364 0.008421618222714988 
0.9839919959979989 0.00820519117049454 
0.9844922461230614 0.007984994260848222 
0.984992496248124 0.007761111380908811 
0.9854927463731865 0.0075336296096329015 
0.985992996498249 0.007302639155939387 
0.9864932466233116 0.007068233292973769 
0.9869934967483741 0.006830508288563089 
0.9874937468734366 0.006589563331929292 
0.9879939969984992 0.00634550045674987 
0.9884942471235617 0.006098424460633612 
0.9889944972486242 0.005848442821119898 
0.9894947473736868 0.005595665608276719 
0.9899949974987493 0.005340205394018722 
0.9904952476238118 0.0050821771582343555 
0.9909954977488744 0.004821698191842779 
0.9914957478739369 0.004558887996894145 
0.9919959979989994 0.004293868183834699 
0.992496248124062 0.004026762366059758 
0.9929964982491245 0.0037576960518918164 
0.993496748374187 0.003486796534108058 
0.9939969984992496 0.003214192777165205 
0.9944972486243121 0.0029400153022541113 
0.9949974987493746 0.002664396070343857 
0.9954977488744371 0.0023874683633460497 
0.9959979989994997 0.002109366663567421 
0.9964982491245622 0.0018302265315978822 
0.9969984992496247 0.0015501844827919982 
0.9974987493746873 0.0012693778625046076 
0.9979989994997498 0.0009879447202448392 
0.9984992496248123 0.0007060236829060371 
0.9989994997498749 0.00042375382724700345 
0.9994997498749374 0.0001412745517766503 
1.0 0.0 
