xdata ydata 
0.0 0.003439939878037858 
0.0005002501250625312 0.003441730994168615 
0.0010005002501250625 0.0034453127644744315 
0.0015007503751875936 0.003450684264866397 
0.002001000500250125 0.0034578441087679854 
0.0025012506253126563 0.003466790446585007 
0.003001500750375187 0.0034775209650017855 
0.0035017508754377185 0.003490032886106056 
0.00400200100050025 0.003504322966345651 
0.004502251125562781 0.003520387495320734 
0.0050025012506253125 0.003538222294415847 
0.005502751375687844 0.003557822715276676 
0.006003001500750374 0.0035791836381370225 
0.006503251625812906 0.0036022994700020848 
0.007003501750875437 0.0036271641426945922 
0.007503751875937968 0.0036537711107710344 
0.0080040020010005 0.003682113349315674 
0.00850425212606303 0.0037121833516205872 
0.009004502251125562 0.003743973126760458 
0.009504752376188093 0.0037774741970714428 
0.010005002501250625 0.003812677595543718 
0.010505252626313155 0.0038495738631380136 
0.011005502751375688 0.003888153046036647 
0.011505752876438218 0.003928404692840172 
0.012006003001500749 0.003970317851721105 
0.01250625312656328 0.0040138810675464974 
0.013006503251625811 0.004059082378981561 
0.013506753376688344 0.004105909315586969 
0.014007003501750874 0.004154348894922539 
0.014507253626813406 0.004204387619670532 
0.015007503751875937 0.004256011474791933 
0.015507753876938469 0.004309205924729396 
0.016008004002001 0.004363955910670665 
0.01650825412706353 0.004420245847886603 
0.01700850425212606 0.004478059623158 
0.017508754377188594 0.0045373805923055455 
0.018009004502251125 0.00459819157783747 
0.018509254627313655 0.00466047486672937 
0.019009504752376186 0.004724212208350935 
0.01950975487743872 0.0047893848125541375 
0.02001000500250125 0.004855973347937634 
0.02051025512756378 0.004923957940301973 
0.02101050525262631 0.00499331817131022 
0.02151075537768884 0.005064033077368555 
0.022011005502751375 0.0051360811487411746 
0.022511255627813906 0.005209440328913849 
0.023011505752876436 0.005284088014220241 
0.023511755877938967 0.005360001053744867 
0.024012006003001497 0.005437155749516518 
0.02451225612806403 0.005515527857005503 
0.02501250625312656 0.0055950925859380276 
0.025512756378189092 0.005675824601440532 
0.026013006503251623 0.0057576980255266775 
0.026513256628314157 0.005840686438939132 
0.027013506753376687 0.005924762883358173 
0.027513756878439218 0.006009899863988432 
0.028014007003501748 0.006096069352535003 
0.02851425712856428 0.006183242790579441 
0.029014507253626812 0.0062713910933659125 
0.029514757378689343 0.006360484654007096 
0.030015007503751873 0.006450493348119069 
0.030515257628814404 0.00654138653889382 
0.031015507753876938 0.00663313308261752 
0.03151575787893947 0.006725701334642052 
0.032016008004002 0.0068190591558167915 
0.03251625812906453 0.006913173919387045 
0.03301650825412706 0.007008012518364816 
0.03351675837918959 0.007103541373377088 
0.03401700850425212 0.007199726440996108 
0.03451725862931466 0.007296533222555438 
0.03501750875437719 0.007393926773454986 
0.03551775887943972 0.007491871712957473 
0.03601800900450225 0.007590332234478138 
0.03651825912956478 0.007689272116368732 
0.03701850925462731 0.007788654733196239 
0.03751875937968984 0.007888443067515955 
0.03801900950475237 0.007988599722137881 
0.0385192596298149 0.00808908693288468 
0.03901950975487744 0.008189866581838677 
0.03951975987993997 0.00829090021107473 
0.0400200100050025 0.008392149036874888 
0.04052026013006503 0.008493573964420326 
0.04102051025512756 0.008595135602955009 
0.04152076038019009 0.00869679428141501 
0.04202101050525262 0.008798510064516603 
0.04252126063031515 0.008900242769295512 
0.04302151075537768 0.009001951982089142 
0.04352176088044022 0.00910359707595266 
0.04402201100550275 0.009205137228499272 
0.04452226113056528 0.009306531440154375 
0.04502251125562781 0.009407738552812461 
0.04552276138069034 0.00950871726888504 
0.04602301150575287 0.009609426170727195 
0.0465232616308154 0.009709823740429826 
0.047023511755877934 0.009809868379963827 
0.047523761880940464 0.009909518431661945 
0.048024012006002995 0.01000873219902353 
0.04852426213106553 0.010107467967826649 
0.04902451225612806 0.010205684027531607 
0.04952476238119059 0.010303338692959343 
0.05002501250625312 0.010400390326227542 
0.050525262631315654 0.010496797358927076 
0.051025512756378184 0.010592518314520474 
0.051525762881440715 0.01068751183094414 
0.052026013006503245 0.010781736683395235 
0.052526263131565776 0.0108751518072839 
0.05302651325662831 0.010967716321331152 
0.053526763381690844 0.01105938955079212 
0.054027013506753374 0.011150131050784473 
0.054527263631815905 0.011239900629701035 
0.055027513756878435 0.011328658372685655 
0.055527763881940966 0.011416364665150973 
0.056028014007003496 0.01150298021631659 
0.056528264132066026 0.011588466082745852 
0.05702851425712856 0.011672783691859317 
0.057528764382191094 0.011755894865402867 
0.058029014507253625 0.011837761842848264 
0.058529264632316155 0.011918347304703827 
0.059029514757378686 0.011997614395712938 
0.059529764882441216 0.012075526747917875 
0.06003001500750375 0.012152048503566817 
0.06053026513256628 0.012227144337841282 
0.06103051525762881 0.01230077948138213 
0.06153076538269134 0.012372919742591436 
0.062031015507753876 0.012443531529688533 
0.0625312656328164 0.01251258187249789 
0.06303151575787894 0.012580038443947214 
0.06353176588294146 0.012645869581254134 
0.064032016008004 0.012710044306779885 
0.06453226613306653 0.012772532348529151 
0.06503251625812906 0.012833304160274896 
0.0655327663831916 0.0128923309412878 
0.06603301650825412 0.012949584655650007 
0.06653326663331666 0.01300503805113333 
0.06703351675837918 0.013058664677622407 
0.06753376688344172 0.013110438905063727 
0.06803401700850424 0.013160335940921931 
0.06853426713356678 0.013208331847125164 
0.06903451725862932 0.013254403556481751 
0.06953476738369184 0.013298528888551077 
0.07003501750875438 0.013340686564952001 
0.0705352676338169 0.013380856224092585 
0.07103551775887944 0.013419018435305723 
0.07153576788394196 0.013455154712375673 
0.0720360180090045 0.0134892475264411 
0.07253626813406702 0.013521280318261057 
0.07303651825912956 0.013551237509830671 
0.0735367683841921 0.013579104515334247 
0.07403701850925462 0.01360486775142407 
0.07453726863431716 0.013628514646813864 
0.07503751875937968 0.013650033651176563 
0.07553776888444222 0.013669414243336927 
0.07603801900950474 0.01368664693874999 
0.07653826913456728 0.013701723296257406 
0.0770385192596298 0.01371463592411425 
0.07753876938469234 0.013725378485279759 
0.07803901950975488 0.013733945701966153 
0.0785392696348174 0.013740333359440644 
0.07903951975987994 0.013744538309076348 
0.07953976988494246 0.013746558470648644 
0.080040020010005 0.013746392833874493 
0.08054027013506752 0.0137440414591928 
0.08104052026013006 0.01373950547778486 
0.08154077038519258 0.01373278709083476 
0.08204102051025512 0.013723889568030268 
0.08254127063531766 0.013712817245305733 
0.08304152076038018 0.013699575521829212 
0.08354177088544272 0.013684170856236843 
0.08404202101050524 0.013666610762118404 
0.08454227113556778 0.013646903802758688 
0.0850425212606303 0.013625059585140072 
0.08554277138569284 0.013601088753212677 
0.08604302151075537 0.013575002980438955 
0.0865432716358179 0.01354681496162068 
0.08704352176088044 0.013516538404016731 
0.08754377188594296 0.013484188017761065 
0.0880440220110055 0.01344977950559092 
0.08854427213606803 0.013413329551895966 
0.08904452226113056 0.013374855811099907 
0.08954477238619309 0.013334376895386758 
0.09004502251125562 0.01329191236178457 
0.09054527263631815 0.013247482698620206 
0.09104552276138068 0.013201109311359325 
0.09154577288644322 0.013152814507846347 
0.09204602301150575 0.013102621482959907 
0.09254627313656828 0.013050554302699682 
0.0930465232616308 0.01299663788772134 
0.09354677338669334 0.012940897996336605 
0.09404702351175587 0.01288336120699616 
0.0945472736368184 0.012824054900273652 
0.09504752376188093 0.012763007240369264 
0.09554777388694347 0.012700247156152157 
0.09604802401200599 0.012635804321761222 
0.09654827413706853 0.012569709136784167 
0.09704852426213106 0.012501992706035227 
0.09754877438719359 0.012432686818952227 
0.09804902451225612 0.012361823928634058 
0.09854927463731865 0.012289437130539824 
0.09904952476238119 0.012215560140871348 
0.09954977488744371 0.012140227274660841 
0.10005002501250625 0.0120634734235858 
0.10055027513756877 0.011985334033533456 
0.10105052526263131 0.011905845081937146 
0.10155077538769385 0.011825043054907128 
0.10205102551275637 0.011742964924178607 
0.1025512756378189 0.011659648123899522 
0.10305152576288143 0.011575130527281072 
0.10355177588794397 0.011489450423133566 
0.10405202601300649 0.011402646492310438 
0.10455227613806903 0.011314757784083163 
0.10505252626313155 0.011225823692469654 
0.10555277638819409 0.011135883932538686 
0.10605302651325663 0.011044978516712661 
0.10655327663831915 0.010953147731091132 
0.10705352676338169 0.010860432111816783 
0.10755377688844421 0.010766872421505994 
0.10805402701350675 0.01067250962576529 
0.10855427713856927 0.010577384869815007 
0.10905452726363181 0.010481539455241193 
0.10955477738869433 0.010385014816896198 
0.11005502751375687 0.010287852499968329 
0.11055527763881941 0.010190094137240372 
0.11105552776388193 0.010091781426556376 
0.11155577788894447 0.009992956108515732 
0.11205602801400699 0.009893659944413104 
0.11255627813906953 0.009793934694442147 
0.11305652826413205 0.0096938220961806 
0.11355677838919459 0.009593363843373748 
0.11405702851425711 0.009492601565032616 
0.11455727863931965 0.009391576804862812 
0.11505752876438219 0.009290331001039234 
0.11555777888944471 0.009188905466341253 
0.11605802901450725 0.009087341368662412 
0.11655827913956977 0.008985679711908034 
0.11705852926463231 0.008883961317293283 
0.11755877938969483 0.008782226805053802 
0.11805902951475737 0.008680516576580252 
0.1185592796398199 0.008578870796987223 
0.11905952976488243 0.008477329378126555 
0.11955977988994497 0.008375931962054144 
0.1200600300150075 0.00827471790495865 
0.12056028014007003 0.008173726261559803 
0.12106053026513255 0.008072995769983288 
0.12156078039019509 0.007972564837118229 
0.12206103051525762 0.007872471524462885 
0.12256128064032015 0.007772753534463015 
0.12306153076538268 0.007673448197346919 
0.12356178089044521 0.0075745924584602175 
0.12406203101550775 0.007476222866102738 
0.12456228114057027 0.007378375559869133 
0.1250625312656328 0.007281086259493968 
0.12556278139069535 0.0071843902542015085 
0.12606303151575787 0.007088322392559396 
0.1265632816408204 0.006992917072834944 
0.12706353176588292 0.006898208233851762 
0.12756378189094547 0.006804229346344037 
0.128064032016008 0.006711013404804755 
0.12856428214107052 0.006618592919823677 
0.12906453226613307 0.006526999910910103 
0.1295647823911956 0.0064362658997947665 
0.13006503251625812 0.006346421904204657 
0.13056528264132064 0.006257498432103843 
0.1310655327663832 0.006169525476392657 
0.13156578289144572 0.00608253251005727 
0.13206603301650824 0.005996548481760845 
0.13256628314157076 0.005911601811866947 
0.1330665332666333 0.005827720388885532 
0.13356678339169584 0.005744931566330993 
0.13406703351675836 0.00566326215998164 
0.1345672836418209 0.005582738445529083 
0.13506753376688344 0.005503386156605958 
0.13556778389194596 0.005425230483179746 
0.13606803401700848 0.005348296070300075 
0.13656828414207103 0.005272607017186678 
0.13706853426713356 0.005198186876644617 
0.13756878439219608 0.005125058654793312 
0.13806903451725863 0.00505324481109536 
0.13856928464232116 0.004982767258671146 
0.13906953476738368 0.004913647364884775 
0.1395697848924462 0.004845905952186904 
0.14007003501750875 0.004779563299199547 
0.14057028514257128 0.004714639142028236 
0.1410705352676338 0.004651152675786354 
0.14157078539269632 0.004589122556316671 
0.14207103551775888 0.004528566902094993 
0.1425712856428214 0.004469503296300762 
0.14307153576788392 0.004411948789039501 
0.14357178589294647 0.0043559198997019585 
0.144072036018009 0.00430143261944508 
0.14457228614307152 0.004248502413779747 
0.14507253626813404 0.004197144225250511 
0.1455727863931966 0.0041473724761927734 
0.14607303651825912 0.004099201071552813 
0.14657328664332164 0.004052643401756539 
0.1470735367683842 0.004007712345612757 
0.14757378689344672 0.003964420273237444 
0.14807403701850924 0.003922779048985352 
0.14857428714357176 0.0038828000343757974 
0.14907453726863432 0.003844494090999948 
0.14957478739369684 0.0038078715833969245 
0.15007503751875936 0.003772942381886832 
0.1505752876438219 0.0037397158653489 
0.15107553776888444 0.0037082009239334645 
0.15157578789394696 0.003678405961697101 
0.15207603801900949 0.0036503388991504146 
0.15257628814407204 0.0036240071757086454 
0.15307653826913456 0.0035994177520358127 
0.15357678839419708 0.003576577112273389 
0.1540770385192596 0.003555491266145265 
0.15457728864432216 0.0035361657509312525 
0.15507753876938468 0.0035186056333017693 
0.1555777888944472 0.0035028155110072234 
0.15607803901950976 0.0034887995144158588 
0.15657828914457228 0.0034765613078946724 
0.1570785392696348 0.003466104091028536 
0.15757878939469733 0.0034574305996731276 
0.15807903951975988 0.003450543106838128 
0.1585792896448224 0.003445443423397598 
0.15907953976988493 0.0034421328986250746 
0.15957978989494745 0.0034406124205516213 
0.16008004002001 0.0034408824161456754 
0.16058029014507252 0.0034429428513140757 
0.16108054027013505 0.0034467932307244774 
0.1615807903951976 0.0034524325974497057 
0.16208104052026012 0.0034598595324355345 
0.16258129064532265 0.0034690721537937014 
0.16308154077038517 0.0034800681159228484 
0.16358179089544772 0.003492844608460447 
0.16408204102051024 0.003507398355069566 
0.16458229114557277 0.003523725612064778 
0.16508254127063532 0.0035418221668822502 
0.16558279139569784 0.0035616833363993853 
0.16608304152076037 0.0035833039651102625 
0.1665832916458229 0.0036066784231634165 
0.16708354177088544 0.003631800604269103 
0.16758379189594796 0.0036586639234838475 
0.1680840420210105 0.00368726131488035 
0.168584292146073 0.0037175852291115715 
0.16908454227113556 0.0037496276308780093 
0.1695847923961981 0.003783379996307961 
0.1700850425212606 0.003818833310260694 
0.17058529264632316 0.0038559780635631343 
0.17108554277138568 0.0038948042501908515 
0.1715857928964482 0.003935301364404722 
0.17208604302151073 0.003977458397854745 
0.17258629314657328 0.004021263836663255 
0.1730865432716358 0.004066705658499494 
0.17358679339669833 0.004113771329658367 
0.17408704352176088 0.004162447802156197 
0.1745872936468234 0.0042127215108564995 
0.17508754377188593 0.004264578370639216 
0.17558779389694845 0.004318003773626889 
0.176088044022011 0.004372982586481561 
0.17658829414707353 0.004429499147786157 
0.17708854427213605 0.004487537265524459 
0.17758879439719857 0.004547080214673728 
0.17808904452226113 0.004608110734924166 
0.17858929464732365 0.004670611028539456 
0.17908954477238617 0.004734562758372607 
0.17958979489744872 0.004799947046051451 
0.18009004502251125 0.004866744470347931 
0.18059029514757377 0.0049349350657454895 
0.1810905452726363 0.005004498321218541 
0.18159079539769885 0.005075413179238193 
0.18209104552276137 0.0051476580350180165 
0.1825912956478239 0.005221210736013585 
0.18309154577288644 0.005296048581689511 
0.18359179589794897 0.005372148323567141 
0.1840920460230115 0.0054494861655662455 
0.18459229614807401 0.005528037764653444 
0.18509254627313657 0.005607778231810156 
0.1855927963981991 0.005688682133332261 
0.1860930465232616 0.0057707234924735664 
0.18659329664832414 0.005853875791444796 
0.1870935467733867 0.00593811197377929 
0.1875937968984492 0.006023404447076475 
0.18809404702351173 0.006109725086133511 
0.18859429714857429 0.006197045236475345 
0.1890945472736368 0.006285335718292696 
0.18959479739869933 0.006374566830797224 
0.19009504752376186 0.006464708357002582 
0.1905952976488244 0.0065557295689395315 
0.19109554777388693 0.006647599233312823 
0.19159579789894945 0.006740285617606911 
0.19209604802401198 0.006833756496647222 
0.19259629814907453 0.006927979159622897 
0.19309654827413705 0.007022920417576398 
0.19359679839919958 0.007118546611364987 
0.19409704852426213 0.00721482362009814 
0.19459729864932465 0.007311716870054572 
0.19509754877438718 0.007409191344081838 
0.1955977988994497 0.0075072115914808545 
0.19609804902451225 0.00760574173837695 
0.19659829914957477 0.007704745498578523 
0.1970985492746373 0.007804186184923634 
0.19759879939969985 0.007904026721114127 
0.19809904952476237 0.00800422965403635 
0.1985992996498249 0.008104757166566706 
0.19909954977488742 0.00820557109085959 
0.19959979989994997 0.008306632922114747 
0.2001000500250125 0.008407903832820073 
0.20060030015007502 0.008509344687465472 
0.20110055027513754 0.008610916057722575 
0.2016008004002001 0.008712578238084346 
0.20210105052526262 0.008814291261957985 
0.20260130065032514 0.00891601491820394 
0.2031015507753877 0.009017708768112908 
0.2036018009004502 0.009119332162812242 
0.20410205102551274 0.009220844261092381 
0.20460230115057526 0.009322204047643282 
0.2051025512756378 0.009423370351690153 
0.20560280140070034 0.009524301866017226 
0.20610305152576286 0.009624957166367382 
0.2066033016508254 0.009725294731205225 
0.20710355177588793 0.009825272961830257 
0.20760380190095046 0.00992485020282616 
0.20810405202601298 0.010023984762831988 
0.20860430215107553 0.010122634935619967 
0.20910455227613806 0.010220759021464498 
0.20960480240120058 0.010318315348785998 
0.2101050525262631 0.01041526229605301 
0.21060530265132565 0.01051155831392544 
0.21110555277638818 0.010607161947620916 
0.2116058029014507 0.010702031859486457 
0.21210605302651325 0.010796126851756497 
0.21260630315157578 0.010889405889478425 
0.2131065532766383 0.010981828123585924 
0.21360680340170082 0.011073352914100467 
0.21410705352676337 0.011163939853440542 
0.2146073036518259 0.011253548789818123 
0.21510755377688842 0.011342139850701441 
0.21560780390195097 0.01142967346632294 
0.2161080540270135 0.011516110393210882 
0.21660830415207602 0.011601411737722927 
0.21710855427713854 0.011685538979559878 
0.2176088044022011 0.011768453995237443 
0.21810905452726362 0.011850119081493742 
0.21860930465232614 0.011930496978610318 
0.21910955477738867 0.012009550893624132 
0.21960980490245122 0.012087244523408048 
0.22011005502751374 0.012163542077597211 
0.22061030515257626 0.012238408301338816 
0.22111055527763882 0.012311808497842771 
0.22161080540270134 0.012383708550710595 
0.22211105552776386 0.012454074946020376 
0.22261130565282639 0.012522874794145327 
0.22311155577788894 0.012590075851283924 
0.22361180590295146 0.012655646540679516 
0.22411205602801398 0.012719555973507796 
0.22461230615307654 0.01278177396941049 
0.22511255627813906 0.012842271076654017 
0.22561280640320158 0.012901018591892187 
0.2261130565282641 0.01295798857951215 
0.22661330665332666 0.013013153890543536 
0.22711355677838918 0.013066488181110548 
0.2276138069034517 0.013117965930407687 
0.22811405702851423 0.01316756245818001 
0.22861430715357678 0.013215253941689167 
0.2291145572786393 0.013261017432147165 
0.22961480740370183 0.013304830870600278 
0.23011505752876438 0.013346673103245818 
0.2306153076538269 0.013386523896165441 
0.23111555777888942 0.013424363949458923 
0.23161580790395195 0.013460174910763059 
0.2321160580290145 0.01349393938814098 
0.23261630815407702 0.013525640962327928 
0.23311655827913955 0.013555264198319886 
0.2336168084042021 0.013582794656292587 
0.23411705852926462 0.013608218901838708 
0.23461730865432714 0.013631524515512122 
0.23511755877938967 0.013652700101668606 
0.23561780890445222 0.013671735296593253 
0.23611805902951474 0.013688620775905576 
0.23661830915457727 0.013703348261234085 
0.2371185592796398 0.013715910526152933 
0.23761880940470234 0.013726301401374014 
0.23811905952976486 0.013734515779188647 
0.2386193096548274 0.013740549617153998 
0.23911955977988994 0.013744399941019945 
0.23961980990495246 0.013746064846893218 
0.240120060030015 0.013745543502636216 
0.2406203101550775 0.013742836148499023 
0.24112056028014006 0.013737944096983734 
0.24162081040520259 0.013730869731941214 
0.2421210605302651 0.01372161650690127 
0.24262131065532766 0.013710188942637877 
0.24312156078039018 0.013696592623972262 
0.2436218109054527 0.013680834195817141 
0.24412206103051523 0.013662921358466508 
0.24462231115557778 0.0136428628621361 
0.2451225612806403 0.01362066850076043 
0.24562281140570283 0.013596349105053236 
0.24612306153076535 0.01356991653483887 
0.2466233116558279 0.013541383670662993 
0.24712356178089043 0.013510764404691789 
0.24762381190595295 0.013478073630909488 
0.2481240620310155 0.013443327234625047 
0.24862431215607803 0.013406542081299232 
0.24912456228114055 0.01336773600470434 
0.24962481240620307 0.013326927794429426 
0.2501250625312656 0.01328413718274439 
0.25062531265632815 0.013239384830837444 
0.2511255627813907 0.013192692314440382 
0.2516258129064532 0.013144082108857596 
0.25212606303151575 0.013093577573414502 
0.2526263131565783 0.01304120293534233 
0.2531265632816408 0.012986983273116374 
0.25362681340670334 0.012930944499265441 
0.25412706353176584 0.012873113342670925 
0.2546273136568284 0.012813517330374053 
0.25512756378189094 0.012752184768910664 
0.25562781390695344 0.012689144725193181 
0.256128064032016 0.012624427006959727 
0.25662831415707854 0.01255806214281088 
0.25712856428214104 0.012490081361854932 
0.2576288144072036 0.012420516572982635 
0.25812906453226614 0.012349400343792784 
0.25862931465732864 0.012276765879190655 
0.2591295647823912 0.012202646999680669 
0.2596298149074537 0.012127078119375872 
0.26013006503251623 0.012050094223746187 
0.2606303151575788 0.011971730847128024 
0.2611305652826413 0.011892024050017781 
0.26163081540770383 0.011811010396171794 
0.2621310655327664 0.011728726929535424 
0.2626313156578289 0.01164521115102415 
0.26313156578289143 0.011560500995179116 
0.263631815907954 0.011474634806719989 
0.2641320660330165 0.011387651317017716 
0.26463231615807903 0.01129958962050967 
0.2651325662831415 0.01121048915107939 
0.2656328164082041 0.011120389658423671 
0.2661330665332666 0.011029331184428417 
0.2666333166583291 0.010937354039575615 
0.2671335667833917 0.010844498779402833 
0.2676338169084542 0.010750806181036575 
0.2681340670335167 0.0106563172198207 
0.26863431715857927 0.010561073046060599 
0.2691345672836418 0.010465114961903403 
0.2696348174087043 0.010368484398374572 
0.27013506753376687 0.01027122289259025 
0.2706353176588294 0.010173372065164705 
0.2711355677838919 0.010074973597831835 
0.27163581790895447 0.009976069211298759 
0.27213606803401696 0.00987670064334973 
0.2726363181590795 0.009776909627217396 
0.27313656828414207 0.009676737870238473 
0.27363681840920456 0.00957622703281014 
0.2741370685342671 0.009475418707662721 
0.27463731865932967 0.009374354399463922 
0.27513756878439216 0.00927307550476935 
0.2756378189094547 0.009171623292332974 
0.27613806903451726 0.009070038883791025 
0.27663831915957976 0.008968363234732192 
0.2771385692846423 0.008866637116165818 
0.2776388194097048 0.008764901096399736 
0.27813906953476736 0.008663195523338472 
0.2786393196598299 0.008561560507211583 
0.2791395697848924 0.008460035903741902 
0.27963981990995496 0.008358661297761817 
0.2801400700350175 0.008257475987285922 
0.28064032016008 0.00815651896804708 
0.28114057028514255 0.00805582891850246 
0.2816408204102051 0.007955444185315172 
0.2821410705352676 0.007855402769316846 
0.28264132066033015 0.007755742311955222 
0.28314157078539265 0.007656500082230421 
0.2836418209104552 0.0075577129641229675 
0.28414207103551775 0.007459417444515356 
0.28464232116058025 0.007361649601609039 
0.2851425712856428 0.007264445093837149 
0.28564282141070535 0.007167839149273238 
0.28614307153576785 0.007071866555535294 
0.2866433216608304 0.006976561650183504 
0.28714357178589295 0.0068819583116098496 
0.28764382191095544 0.006788089950416718 
0.288144072036018 0.006694989501281054 
0.28864432216108055 0.006602689415299983 
0.28914457228614304 0.006511221652813227 
0.2896448224112056 0.006420617676696825 
0.2901450725362681 0.0063309084461222725 
0.29064532266133064 0.00624212441077442 
0.2911455727863932 0.006154295505520889 
0.2916458229114557 0.006067451145525427 
0.29214607303651824 0.005981620221796654 
0.2926463231615808 0.00589683109716345 
0.2931465732866433 0.005813111602667724 
0.29364682341170584 0.005730489034364417 
0.2941470735367684 0.005648990150518611 
0.2946473236618309 0.005568641169188944 
0.29514757378689344 0.005489467766185883 
0.29564782391195593 0.005411495073393448 
0.2961480740370185 0.005334747677442191 
0.29664832416208103 0.005259249618721042 
0.29714857428714353 0.005185024390715398 
0.2976488244122061 0.0051120949396582195 
0.29814907453726863 0.005040483664480922 
0.29864932466233113 0.004970212417050393 
0.2991495747873937 0.004901302502678335 
0.29964982491245623 0.0048337746808887905 
0.3001500750375187 0.004767649166429716 
0.3006503251625813 0.004702945630514138 
0.3011505752876438 0.004639683202276355 
0.3016508254127063 0.004577880470428675 
0.3021510755377689 0.004517555485103778 
0.30265132566283137 0.004458725759868234 
0.3031515757878939 0.004401408273892137 
0.3036518259129565 0.004345619474260285 
0.30415207603801897 0.004291375278410164 
0.3046523261630815 0.004238691076681982 
0.3051525762881441 0.0041875817349663275 
0.30565282641320657 0.0041380615974349515 
0.3061530765382691 0.004090144489340367 
0.30665332666333167 0.004043843719870163 
0.30715357678839417 0.003999172085042221 
0.3076538269134567 0.003956141870626844 
0.3081540770385192 0.003914764855082802 
0.30865432716358177 0.003875052312493704 
0.3091545772886443 0.0038370150154921024 
0.3096548274137068 0.003800663238158725 
0.31015507753876936 0.0037660067588845773 
0.3106553276638319 0.0037330548631842003 
0.3111555777888944 0.003701816346448615 
0.31165582791395696 0.003672299516626905 
0.3121560780390195 0.0036445121968259413 
0.312656328164082 0.0036184617278181186 
0.31315657828914456 0.0035941549704473228 
0.31365682841420706 0.0035715983079242183 
0.3141570785392696 0.00355079764800199 
0.31465732866433216 0.0035317584250245206 
0.31515757878939465 0.003514485601839413 
0.3156578289144572 0.0034989836715688225 
0.31615807903951976 0.0034852566592316067 
0.31665832916458225 0.0034733081232110074 
0.3171585792896448 0.003463141156562396 
0.31765882941470736 0.0034547583881566085 
0.31815907953976985 0.0034481619836546017 
0.3186593296648324 0.003443353646310037 
0.3191595797898949 0.0034403346175969655 
0.31965982991495745 0.003439105677660354 
0.32016008004002 0.003439667145587828 
0.3206603301650825 0.003442018879501799 
0.32116058029014505 0.003446160276471527 
0.3216608304152076 0.0034520902722454754 
0.3221610805402701 0.0034598073408049607 
0.32266133066533265 0.0034693094937406073 
0.3231615807903952 0.003480594279453866 
0.3236618309154577 0.0034936587821864317 
0.32416208104052024 0.0035084996208809976 
0.32466233116558274 0.003525112947877475 
0.3251625812906453 0.0035434944474492937 
0.32566283141570784 0.0035636393341851287 
0.32616308154077034 0.0035855423512218517 
0.3266633316658329 0.0036091977683352285 
0.32716358179089544 0.003634599379895292 
0.32766383191595794 0.003661740502693998 
0.3281640820410205 0.00369061397365324 
0.32866433216608304 0.0037212121474218722 
0.32916458229114554 0.003753526893870752 
0.3296648324162081 0.003787549595495584 
0.33016508254127064 0.0038232711447374838 
0.33066533266633313 0.003860681941231857 
0.3311655827913957 0.0038997718889965823 
0.3316658329164582 0.0039405303935707734 
0.33216608304152073 0.003982946359115984 
0.3326663331665833 0.0040270081854919225 
0.3331665832916458 0.004072703765319122 
0.33366683341670833 0.004120020481041403 
0.3341670835417709 0.004168945202001233 
0.3346673336668334 0.004219464281541199 
0.33516758379189593 0.004271563554145386 
0.3356678339169585 0.004325228332634407 
0.336168084042021 0.004380443405428001 
0.3366683341670835 0.0044371930338895655 
0.337168584292146 0.004495460949766869 
0.3376688344172086 0.004555230352743321 
0.3381690845422711 0.004616483908114511 
0.3386693346673336 0.00467920374460441 
0.3391695847923962 0.0047433714523360485 
0.3396698349174587 0.004808968080971188 
0.3401700850425212 0.004875974138033622 
0.34067033516758377 0.0049443695874307305 
0.3411705852926463 0.005014133848187741 
0.3416708354177088 0.005085245793409053 
0.34217108554277137 0.005157683749480909 
0.34267133566783387 0.005231425495529638 
0.3431715857928964 0.005306448263149053 
0.34367183591795897 0.005382728736411163 
0.34417208604302146 0.0054602430521732415 
0.344672336168084 0.005538966800694751 
0.34517258629314657 0.005618875026576942 
0.34567283641820906 0.005699942230037649 
0.3461730865432716 0.005782142368533711 
0.34667333666833416 0.005865448858742849 
0.34717358679339666 0.005949834578916443 
0.3476738369184592 0.006035271871614502 
0.34817408704352176 0.006121732546833386 
0.34867433716858426 0.006209187885536533 
0.3491745872936468 0.006297608643598018 
0.3496748374187093 0.006386965056168166 
0.35017508754377186 0.006477226842469959 
0.3506753376688344 0.006568363211034668 
0.3511755877938969 0.0066603428653840575 
0.35167583791895946 0.006753134010166645 
0.352176088044022 0.006846704357754368 
0.3526763381690845 0.006941021135305593 
0.35317658829414705 0.007036051092299983 
0.3536768384192096 0.007131760508549844 
0.3541770885442721 0.007228115202691933 
0.35467733866933465 0.007325080541163451 
0.35517758879439715 0.007422621447664757 
0.3556778389194597 0.00752070241311105 
0.35617808904452225 0.007619287506074515 
0.35667833916958475 0.007718340383717559 
0.3571785892946473 0.007817824303217338 
0.35767883941970985 0.007917702133681028 
0.35817908954477234 0.008017936368550301 
0.3586793396698349 0.00811848913849322 
0.35917958979489745 0.008219322224780815 
0.35967983991995994 0.00832039707314474 
0.3601800900450225 0.008421674808112154 
0.360680340170085 0.008523116247812797 
0.36118059029514754 0.008624681919252787 
0.3616808404202101 0.00872633207404896 
0.3621810905452726 0.008828026704616715 
0.36268134067033514 0.00892972556080384 
0.3631815907953977 0.009031388166961975 
0.3636818409204602 0.009132973839446583 
0.36418209104552274 0.009234441704536031 
0.3646823411705853 0.009335750716759217 
0.3651825912956478 0.009436859677620759 
0.36568284142071034 0.009537727254712235 
0.3661830915457729 0.009638312001197176 
0.3666833416708354 0.009738572375656684 
0.36718359179589793 0.009838466762282559 
0.36768384192096043 0.009937953491403442 
0.368184092046023 0.01003699086032954 
0.36868434217108553 0.010135537154500562 
0.36918459229614803 0.010233550668921117 
0.3696848424212106 0.010330989729867122 
0.37018509254627313 0.010427812716846603 
0.3706853426713356 0.01052397808479719 
0.3711855927963982 0.010619444386502804 
0.37168584292146073 0.010714170295211151 
0.3721860930465232 0.010808114627433052 
0.3726863431715858 0.010901236365904995 
0.3731865932966483 0.010993494682694782 
0.3736868434217108 0.01108484896243087 
0.3741870935467734 0.011175258825634868 
0.37468734367183587 0.011264684152136698 
0.3751875937968984 0.011353085104551625 
0.375687843921961 0.011440422151797943 
0.37618809404702347 0.011526656092633886 
0.376688344172086 0.011611748079192337 
0.37718859429714857 0.01169565964049134 
0.37768884442221107 0.011778352705898524 
0.3781890945472736 0.011859789628527375 
0.3786893446723361 0.011939933208543094 
0.37918959479739867 0.012018746716355616 
0.3796898449224612 0.012096193915677695 
0.3801900950475237 0.012172239086425314 
0.38069034517258626 0.012246847047438359 
0.3811905952976488 0.012319983178998928 
0.3816908454227113 0.01239161344512507 
0.38219109554777386 0.012461704415617704 
0.3826913456728364 0.012530223287838678 
0.3831915957978989 0.01259713790819778 
0.38369184592296146 0.01266241679332717 
0.38419209604802396 0.012726029150921428 
0.3846923461730865 0.012787944900221872 
0.38519259629814906 0.01284813469212421 
0.38569284642321155 0.012906569928888311 
0.3861930965482741 0.012963222783430053 
0.38669334667333666 0.01301806621817466 
0.38719359679839915 0.013071074003451925 
0.3876938469234617 0.013122220735413843 
0.38819409704852426 0.013171481853455742 
0.38869434717358675 0.013218833657122172 
0.3891945972986493 0.013264253322479708 
0.38969484742371185 0.013307718917938919 
0.39019509754877435 0.013349209419508566 
0.3906953476738369 0.013388704725465458 
0.3911955977988994 0.013426185670424052 
0.39169584792396195 0.013461634038790457 
0.3921960980490245 0.013495032577586236 
0.392696348174087 0.013526365008627615 
0.39319659829914955 0.013555616040047068 
0.3936968484242121 0.01358277137714425 
0.3941970985492746 0.013607817732554317 
0.39469734867433715 0.013630742835722286 
0.3951975987993997 0.01365153544167288 
0.3956978489244622 0.013670185339065914 
0.39619809904952474 0.013686683357528142 
0.39669834917458724 0.013701021374253358 
0.3971985992996498 0.013713192319863015 
0.39769884942471234 0.01372319018352083 
0.39819909954977484 0.01373101001729533 
0.3986993496748374 0.013736647939765291 
0.39919959979989994 0.01374010113886381 
0.39969984992496244 0.013741367873957569 
0.400200100050025 0.013740447477158633 
0.40070035017508754 0.013737340353867247 
0.40120060030015003 0.013732047982544467 
0.4017008504252126 0.013724572913714853 
0.4022011005502751 0.013714918768199882 
0.40270135067533763 0.013703090234583805 
0.4032016008004002 0.013689093065914577 
0.4037018509254627 0.01367293407564305 
0.40420210105052523 0.013654621132804887 
0.4047023511755878 0.01363416315645013 
0.4052026013006503 0.01361157010932641 
0.40570285142571283 0.013586852990822473 
0.4062031015507754 0.013560023829179707 
0.4067033516758379 0.01353109567297997 
0.4072036018009004 0.013500082581918904 
0.407703851925963 0.013466999616874697 
0.4082041020510255 0.013431862829283136 
0.408704352176088 0.013394689249830281 
0.4092046023011505 0.013355496876475175 
0.4097048524262131 0.013314304661815468 
0.4102051025512756 0.013271132499809624 
0.4107053526763381 0.013226001211870165 
0.41120560280140067 0.013178932532342957 
0.4117058529264632 0.01312994909338817 
0.4122061030515257 0.013079074409279277 
0.41270635317658827 0.01302633286013711 
0.4132066033016508 0.012971749675116214 
0.4137068534267133 0.012915350915061827 
0.41420710355177587 0.01285716345465594 
0.41470735367683836 0.012797214964071466 
0.4152076038019009 0.012735533890154195 
0.41570785392696347 0.012672149437152471 
0.41620810405202596 0.012607091547015085 
0.4167083541770885 0.012540390879278066 
0.41720860430215106 0.012472078790561683 
0.41770885442721356 0.012402187313699095 
0.4182091045522761 0.012330749136518547 
0.41870935467733866 0.012257797580300983 
0.41920960480240116 0.01218336657793566 
0.4197098549274637 0.012107490651796095 
0.4202101050525262 0.01203020489135909 
0.42071035517758876 0.011951544930589695 
0.4212106053026513 0.011871546925115089 
0.4217108554277138 0.011790247529210363 
0.42221110555277636 0.011707683872619244 
0.4227113556778389 0.011623893537232968 
0.4232116058029014 0.011538914533650343 
0.42371185592796395 0.011452785277641974 
0.4242121060530265 0.011365544566541595 
0.424712356178089 0.011277231555587535 
0.42521260630315155 0.011187885734236796 
0.4257128564282141 0.011097546902474316 
0.4262131065532766 0.01100625514713991 
0.42671335667833915 0.010914050818294755 
0.42721360680340165 0.010820974505649481 
0.4277138569284642 0.010727067015075128 
0.42821410705352675 0.010632369345218533 
0.42871435717858924 0.010536922664242802 
0.4292146073036518 0.010440768286713423 
0.42971485742871435 0.010343947650650158 
0.43021510755377684 0.010246502294764509 
0.4307153576788394 0.010148473835901785 
0.43121560780390195 0.010049903946706696 
0.43171585792896444 0.009950834333530802 
0.432216108054027 0.00985130671459944 
0.4327163581790895 0.00975136279845553 
0.43321660830415204 0.009651044262696725 
0.4337168584292146 0.009550392733022255 
0.4342171085542771 0.009449449762604884 
0.43471735867933964 0.009348256811802678 
0.4352176088044022 0.009246855228225251 
0.4357178589294647 0.009145286227167917 
0.43621810905452724 0.009043590872426548 
0.4367183591795898 0.008941810057505885 
0.4372186093046523 0.008839984487232642 
0.43771885942971483 0.008738154659784409 
0.43821910955477733 0.008636360849144632 
0.4387193596798399 0.008534643087993293 
0.43921960980490243 0.008433041151042035 
0.43971985992996493 0.008331594538821993 
0.4402201100550275 0.008230342461931396 
0.44072036018009003 0.008129323825750127 
0.4412206103051525 0.008028577215626812 
0.4417208604302151 0.007928140882543658 
0.44222111055527763 0.007828052729263806 
0.4427213606803401 0.007728350296964685 
0.4432216108054027 0.007629070752360483 
0.44372186093046523 0.00753025087531607 
0.4442221110555277 0.007431927046954006 
0.4447223611805903 0.007334135238255279 
0.44522261130565277 0.007236910999154297 
0.4457228614307153 0.0071402894481272135 
0.4462231115557779 0.007044305262272625 
0.44672336168084037 0.006948992667882707 
0.4472236118059029 0.006854385431501923 
0.44772386193096547 0.006760516851470448 
0.44822411205602797 0.0066674197499482085 
0.4487243621810905 0.006575126465414852 
0.44922461230615307 0.006483668845640785 
0.44972486243121557 0.006393078241123423 
0.4502251125562781 0.006303385498982013 
0.4507253626813406 0.006214620957304504 
0.45122561280640316 0.006126814439938776 
0.4517258629314657 0.006039995251720008 
0.4522261130565282 0.0059541921741260466 
0.45272636318159076 0.005869433461351237 
0.4532266133066533 0.005785746836789549 
0.4537268634317158 0.0057031594899167905 
0.45422711355677836 0.0056216980735614335 
0.4547273636818409 0.005541388701553277 
0.4552276138069034 0.005462256946738709 
0.45572786393196596 0.0053843278393506605 
0.45622811405702846 0.005307625865721563 
0.456728364182091 0.005232174967326863 
0.45722861430715356 0.005157998540146287 
0.45772886443221605 0.005085119434330225 
0.4582291145572786 0.005013559954157907 
0.45872936468234116 0.004943341858273859 
0.45922961480740365 0.004874486360189344 
0.4597298649324662 0.004807014129034594 
0.46023011505752875 0.004740945290548193 
0.46073036518259125 0.00467629942828949 
0.4612306153076538 0.004613095585059606 
0.4617308654327163 0.00455135226451709 
0.46223111555777885 0.004491087432973787 
0.4627313656828414 0.004432318521356456 
0.4632316158079039 0.004375062427319964 
0.46373186593296645 0.004319335517497693 
0.464232116058029 0.004265153629874765 
0.4647323661830915 0.004212532076270085 
0.46523261630815405 0.00416148564491294 
0.4657328664332166 0.00411202860310024 
0.4662331165582791 0.00406417469992067 
0.46673336668334164 0.00401793716903186 
0.4672336168084042 0.003973328731477422 
0.4677338669334667 0.003930361598530441 
0.46823411705852924 0.0038890474745504377 
0.46873436718359174 0.0038493975598411566 
0.4692346173086543 0.0038114225534967862 
0.46973486743371684 0.0037751326562243267 
0.47023511755877934 0.0037405375731305256 
0.4707353676838419 0.003707646516461876 
0.47123561780890444 0.003676468208286574 
0.47173586793396693 0.0036470108831078876 
0.4722361180590295 0.0036192822903986493 
0.47273636818409204 0.0035932896970470108 
0.47323661830915453 0.003569039889704223 
0.4737368684342171 0.003546539177025434 
0.4742371185592796 0.003525793391795143 
0.47473736868434213 0.003506807892929464 
0.4752376188094047 0.0034895875673476174 
0.4757378689344672 0.003474136831706011 
0.47623811905952973 0.0034604596339883813 
0.4767383691845923 0.003448559454946301 
0.4772386193096548 0.0034384393093848152 
0.47773886943471733 0.003430101747288548 
0.4782391195597799 0.003423548854784184 
0.4787393696848424 0.003418782254935873 
0.4792396198099049 0.0034158031083706265 
0.4797398699349674 0.003414612113731456 
0.48024012006003 0.0034152095079565277 
0.4807403701850925 0.003417595066383248 
0.481240620310155 0.0034217681026768782 
0.48174087043521757 0.003427727468583734 
0.4822411205602801 0.003435471553509822 
0.4827413706853426 0.003444998283926174 
0.48324162081040517 0.003456305122603031 
0.4837418709354677 0.0034693890676752593 
0.4842421210605302 0.003484246651542407 
0.48474237118559277 0.003500873939607072 
0.4852426213106553 0.003519266528856014 
0.4857428714357178 0.0035394195462890208 
0.48624312156078037 0.003561327647201055 
0.48674337168584286 0.003584985013323845 
0.4872436218109054 0.003610385350833578 
0.48774387193596797 0.0036375218882320564 
0.48824412206103046 0.003666387374108891 
0.488744372186093 0.0036969740747932406 
0.48924462231115556 0.003729273771903849 
0.48974487243621806 0.003763277759806587 
0.4902451225612806 0.003798976842989449 
0.49074537268634316 0.0038363613333651566 
0.49124562281140566 0.003875421047512077 
0.4917458729364682 0.003916145303864554 
0.4922461230615307 0.003958522919864221 
0.49274637318659326 0.00400254220908414 
0.4932466233116558 0.004048190978338091 
0.4937468734367183 0.004095456524787497 
0.49424712356178085 0.00414432563305906 
0.4947473736868434 0.0041947845723862755 
0.4952476238119059 0.004246819093788099 
0.49574787393696845 0.004300414427298844 
0.496248124062031 0.004355555279263011 
0.4967483741870935 0.004412225829709246 
0.49724862431215605 0.004470409729817653 
0.49774887443721855 0.004530090099495135 
0.4982491245622811 0.004591249525073037 
0.49874937468734365 0.00465387005714192 
0.49924962481240615 0.004717933208538006 
0.4997498749374687 0.004783419952496293 
0.5002501250625312 0.004850310720984704 
0.5007503751875938 0.004918585403234243 
0.5012506253126563 0.004988223344479745 
0.5017508754377188 0.0050592033449256574 
0.5022511255627814 0.005131503658951539 
0.5027513756878439 0.005205101994571333 
0.5032516258129064 0.005279975513160692 
0.503751875937969 0.0053561008294663965 
0.5042521260630315 0.005433454011911334 
0.504752376188094 0.005512010583208725 
0.5052526263131566 0.0055917455212987415 
0.5057528764382191 0.005672633260620398 
0.5062531265632816 0.005754647693731151 
0.5067533766883441 0.005837762173286729 
0.5072536268134067 0.005921949514392635 
0.5077538769384692 0.006007181997339025 
0.5082541270635317 0.006093431370729667 
0.5087543771885943 0.006180668855015994 
0.5092546273136568 0.006268865146445772 
0.5097548774387193 0.006357990421435988 
0.5102551275637819 0.00644801434137966 
0.5107553776888444 0.006538906057894133 
0.5112556278139069 0.0066306342185194055 
0.5117558779389695 0.006723166972873748 
0.512256128064032 0.006816471979273204 
0.5127563781890945 0.006910516411821232 
0.5132566283141571 0.00700526696797417 
0.5137568784392196 0.00710068987658711 
0.5142571285642821 0.007196750906444536 
0.5147573786893447 0.007293415375279503 
0.5152576288144072 0.007390648159283838 
0.5157578789394697 0.007488413703111802 
0.5162581290645323 0.0075866760303787625 
0.5167583791895948 0.007685398754655422 
0.5172586293146573 0.007784545090957815 
0.5177588794397199 0.007884077867732502 
0.5182591295647824 0.00798395953933538 
0.5187593796898449 0.008084152199002098 
0.5192596298149074 0.008184617592307271 
0.51975987993997 0.008285317131108918 
0.5202601300650325 0.008386211907973711 
0.520760380190095 0.008487262711078046 
0.5212606303151576 0.008588430039579344 
0.5217608804402201 0.008689674119450758 
0.5222611305652826 0.008790954919772187 
0.5227613806903452 0.008892232169470007 
0.5232616308154077 0.008993465374496348 
0.5237618809404702 0.009094613835438624 
0.5242621310655328 0.00919563666554994 
0.5247623811905953 0.009296492809188735 
0.5252626313156578 0.009397141060656816 
0.5257628814407204 0.009497540083423692 
0.5262631315657829 0.00959764842972431 
0.5267633816908454 0.00969742456051692 
0.527263631815908 0.009796826865787301 
0.5277638819409705 0.009895813685184515 
0.528264132066033 0.009994343328973126 
0.5287643821910956 0.010092374099286412 
0.5292646323161581 0.010189864311663892 
0.5297648824412206 0.010286772316856665 
0.530265132566283 0.01038305652288326 
0.5307653826913457 0.01047867541731805 
0.5312656328164082 0.010573587589794044 
0.5317658829414706 0.010667751754701348 
0.5322661330665333 0.010761126774062312 
0.5327663831915957 0.0108536716805635 
0.5332666333166582 0.010945345700724867 
0.5337668834417209 0.011036108278185894 
0.5342671335667833 0.011125919097087867 
0.5347673836918458 0.011214738105531566 
0.5352676338169085 0.011302525539089366 
0.535767883941971 0.011389241944350086 
0.5362681340670334 0.011474848202474932 
0.536768384192096 0.011559305552743203 
0.5372686343171585 0.011642575616065229 
0.537768884442221 0.011724620418440456 
0.5382691345672836 0.011805402414339071 
0.5387693846923461 0.011884884509984065 
0.5392696348174086 0.011963030086511785 
0.5397698849424712 0.012039803022988639 
0.5402701350675337 0.012115167719261317 
0.5407703851925962 0.012189089118618322 
0.5412706353176588 0.012261532730240556 
0.5417708854427213 0.012332464651418644 
0.5422711355677838 0.01240185158951484 
0.5427713856928463 0.012469660883647898 
0.5432716358179089 0.012535860526078675 
0.5437718859429714 0.01260041918327526 
0.5442721360680339 0.012663306216636017 
0.5447723861930965 0.0127244917028497 
0.545272636318159 0.012783946453871606 
0.5457728864432215 0.012841642036495316 
0.5462731365682841 0.01289755079150003 
0.5467733866933466 0.012951645852353437 
0.5472736368184091 0.013003901163450819 
0.5477738869434717 0.013054291497871505 
0.5482741370685342 0.013102792474633864 
0.5487743871935967 0.013149380575430894 
0.5492746373186593 0.013194033160828822 
0.5497748874437218 0.013236728485911453 
0.5502751375687843 0.013277445715353768 
0.5507753876938469 0.013316164937908865 
0.5512756378189094 0.013352867180292587 
0.5517758879439719 0.013387534420450995 
0.5522761380690345 0.013420149600196765 
0.552776388194097 0.013450696637200436 
0.5532766383191595 0.01347916043632388 
0.5537768884442221 0.013505526900283659 
0.5542771385692846 0.013529782939632558 
0.5547773886943471 0.013551916482048502 
0.5552776388194096 0.01357191648092074 
0.5557778889444722 0.013589772923223655 
0.5562781390695347 0.013605476836669786 
0.5567783891945972 0.01361902029613383 
0.5572786393196598 0.013630396429340736 
0.5577788894447223 0.013639599421811331 
0.5582791395697848 0.01364662452105992 
0.5587793896948474 0.013651468040039147 
0.5592796398199099 0.013654127359828025 
0.5597798899449724 0.013654600931560054 
0.560280140070035 0.013652888277588983 
0.5607803901950975 0.01364898999189079 
0.56128064032016 0.013642907739701057 
0.5617808904452226 0.013634644256387995 
0.5622811405702851 0.013624203345561938 
0.5627813906953476 0.013611589876423203 
0.5632816408204102 0.013596809780350856 
0.5637818909454727 0.013579870046735847 
0.5642821410705352 0.01356077871806283 
0.5647823911955978 0.013539544884245568 
0.5652826413206603 0.013516178676222082 
0.5657828914457228 0.013490691258816023 
0.5662831415707853 0.01346309482287187 
0.5667833916958479 0.013433402576672188 
0.5672836418209104 0.013401628736646113 
0.5677838919459729 0.013367788517378756 
0.5682841420710355 0.01333189812093223 
0.568784392196098 0.013293974725489608 
0.5692846423211605 0.013254036473333834 
0.5697848924462231 0.013212102458174422 
0.5702851425712856 0.013168192711835374 
0.5707853926963481 0.013122328190318515 
0.5712856428214107 0.013074530759256998 
0.5717858929464732 0.013024823178774464 
0.5722861430715357 0.01297322908776598 
0.5727863931965983 0.01291977298761731 
0.5732866433216608 0.012864480225379896 
0.5737868934467233 0.012807376976419302 
0.5742871435717859 0.012748490226555378 
0.5747873936968484 0.012687847753713158 
0.5752876438219109 0.012625478109103689 
0.5757878939469735 0.012561410597954514 
0.576288144072036 0.01249567525981012 
0.5767883941970985 0.012428302848423027 
0.5772886443221611 0.012359324811256124 
0.5777888944472236 0.012288773268618039 
0.5782891445722861 0.012216680992452758 
0.5787893946973486 0.012143081384805767 
0.5792896448224112 0.012068008455988391 
0.5797898949474737 0.011991496802463222 
0.5802901450725362 0.011913581584473006 
0.5807903951975988 0.011834298503435396 
0.5812906453226613 0.011753683779127022 
0.5817908954477238 0.011671774126679411 
0.5822911455727864 0.011588606733409798 
0.5827913956978489 0.011504219235510095 
0.5832916458229114 0.011418649694616931 
0.583791895947974 0.011331936574285648 
0.5842921460730365 0.011244118716391511 
0.584792396198099 0.011155235317480796 
0.5852926463231616 0.01106532590509443 
0.5857928964482241 0.010974430314086958 
0.5862931465732866 0.010882588662963204 
0.5867933966983492 0.010789841330254492 
0.5872936468234117 0.010696228930956836 
0.5877938969484742 0.010601792293052413 
0.5882941470735368 0.01050657243413566 
0.5887943971985993 0.010410610538165228 
0.5892946473236618 0.010313947932362288 
0.5897948974487243 0.010216626064275309 
0.5902951475737869 0.010118686479031466 
0.5907953976988494 0.010020170796793779 
0.5912956478239119 0.00992112069044316 
0.5917958979489745 0.009821577863503453 
0.592296148074037 0.009721584028327757 
0.5927963981990995 0.009621180884563414 
0.5932966483241621 0.009520410097911887 
0.5937968984492246 0.009419313279200588 
0.5942971485742871 0.009317931963782028 
0.5947973986993497 0.009216307591274769 
0.5952976488244122 0.009114481485661494 
0.5957978989494747 0.009012494835757293 
0.5962981490745373 0.008910388676061433 
0.5967983991995998 0.008808203868005097 
0.5972986493246623 0.008705981081606803 
0.5977988994497249 0.008603760777546291 
0.5982991495747874 0.008501583189667473 
0.5987993996998499 0.008399488307920007 
0.5992996498249125 0.008297515861747996 
0.599799899949975 0.008195705303934417 
0.6003001500750375 0.008094095794908381 
0.6008004002001001 0.007992726187521788 
0.6013006503251626 0.00789163501230154 
0.601800900450225 0.00779086046318228 
0.6023011505752875 0.007690440383723957 
0.6028014007003502 0.0075904122538180884 
0.6033016508254126 0.007490813176885453 
0.6038019009504751 0.007391679867567527 
0.6043021510755378 0.007293048639912784 
0.6048024012006002 0.00719495539605892 
0.6053026513256627 0.007097435615410824 
0.6058029014507254 0.007000524344313337 
0.6063031515757878 0.006904256186217669 
0.6068034017008503 0.006808665292339292 
0.607303651825913 0.006713785352804018 
0.6078039019509754 0.00661964958827936 
0.6083041520760379 0.006526290742086864 
0.6088044022011005 0.006433741072790052 
0.609304652326163 0.006342032347253335 
0.6098049024512255 0.00625119583416537 
0.6103051525762881 0.00616126229802018 
0.6108054027013506 0.006072261993549096 
0.6113056528264131 0.005984224660595542 
0.6118059029514757 0.005897179519424231 
0.6123061530765382 0.005811155266456238 
0.6128064032016007 0.0057261800704203605 
0.6133066533266633 0.0056422815689109555 
0.6138069034517258 0.005559486865342107 
0.6143071535767883 0.0054778225262873325 
0.6148074037018508 0.005397314579193739 
0.6153076538269134 0.0053179885104590145 
0.6158079039519759 0.005239869263859614 
0.6163081540770384 0.005162981239317802 
0.616808404202101 0.005087348291994931 
0.6173086543271635 0.005012993731698447 
0.617808904452226 0.004939940322589381 
0.6183091545772886 0.004868210283176909 
0.6188094047023511 0.004797825286586803 
0.6193096548274136 0.004728806461089903 
0.6198099049524762 0.004661174390876604 
0.6203101550775387 0.00459494911706375 
0.6208104052026012 0.004530150138919639 
0.6213106553276638 0.004466796415292837 
0.6218109054527263 0.004404906366230896 
0.6223111555777888 0.004344497874774694 
0.6228114057028514 0.00428558828891373 
0.6233116558279139 0.0042281944236887605 
0.6238119059529764 0.004172332563427259 
0.624312156078039 0.004118018464097523 
0.6248124062031015 0.004065267355767716 
0.625312656328164 0.0040140939451558345 
0.6258129064532265 0.003964512418256644 
0.6263131565782891 0.003916536443032498 
0.6268134067033516 0.0038701791721541963 
0.6273136568284141 0.003825453245779108 
0.6278139069534767 0.0037823707943533185 
0.6283141570785392 0.0037409434414254327 
0.6288144072036017 0.003701182306459535 
0.6293146573286643 0.003663098007635152 
0.6298149074537268 0.0036267006646226725 
0.6303151575787893 0.0035919999013227003 
0.6308154077038519 0.003559004848558251 
0.6313156578289144 0.0035277241467092423 
0.6318159079539769 0.0034981659482789967 
0.6323161580790395 0.003470337920382806 
0.632816408204102 0.0034442472471492135 
0.6333166583291645 0.003419900632025093 
0.6338169084542271 0.0033973042999758227 
0.6343171585792896 0.0033764639995727515 
0.6348174087043521 0.0033573850049601855 
0.6353176588294147 0.00334007211769498 
0.6358179089544772 0.0033245296684521006 
0.6363181590795397 0.003310761518590275 
0.6368184092046023 0.003298771061571987 
0.6373186593296648 0.003288561224233166 
0.6378189094547273 0.003280134467897946 
0.6383191595797898 0.0032734927893347575 
0.6388194097048524 0.003268637721550404 
0.6393196598299149 0.00326557033441953 
0.6398199099549774 0.003264291235147154 
0.64032016008004 0.0032648005685629138 
0.6408204102051025 0.003267098017245862 
0.641320660330165 0.0032711828014795378 
0.6418209104552276 0.0032770536790374264 
0.6423211605802901 0.0032847089447996004 
0.6428214107053526 0.003294146430201898 
0.6433216608304152 0.003305363502519554 
0.6438219109554777 0.003318357063987777 
0.6443221610805402 0.003333123550762397 
0.6448224112056028 0.0033496589317242244 
0.6453226613306653 0.0033679587071313018 
0.6458229114557278 0.0033880179071238397 
0.6463231615807904 0.003409831090087242 
0.6468234117058529 0.0034333923408789374 
0.6473236618309154 0.0034586952689255822 
0.647823911955978 0.0034857330061974553 
0.6483241620810405 0.0035144982050675363 
0.648824412206103 0.0035449830360631384 
0.6493246623311655 0.0035771791855187434 
0.6498249124562281 0.0036110778531386247 
0.6503251625812906 0.003646669749478883 
0.6508254127063531 0.003683945093358551 
0.6513256628314157 0.003722893609210246 
0.6518259129564782 0.003763504524380689 
0.6523261630815407 0.0038057665663923856 
0.6528264132066033 0.0038496679601779066 
0.6533266633316658 0.0038951964252984172 
0.6538269134567283 0.003942339173158683 
0.6543271635817909 0.003991082904231001 
0.6548274137068534 0.004041413805300789 
0.6553276638319159 0.004093317546746756 
0.6558279139569785 0.004146779279869193 
0.656328164082041 0.00420178363427955 
0.6568284142071035 0.004258314715365215 
0.6573286643321661 0.004316356101843475 
0.6578289144572286 0.004375890843418403 
0.6583291645822911 0.00443690145855513 
0.6588294147073537 0.0044993699323857645 
0.6593296648324162 0.004563277714761159 
0.6598299149574787 0.004628605718463122 
0.6603301650825413 0.004695334317591522 
0.6608304152076038 0.004763443346140677 
0.6613306653326663 0.004832912096779433 
0.6618309154577288 0.0049037193198495765 
0.6623311655827914 0.0049758432225964965 
0.6628314157078539 0.005049261468646686 
0.6633316658329164 0.005123951177745733 
0.663831915957979 0.005199888925771365 
0.6643321660830415 0.005277050745034468 
0.664832416208104 0.005355412124882076 
0.6653326663331666 0.005434948012615776 
0.6658329164582291 0.005515632814737948 
0.6663331665832916 0.005597440398538959 
0.6668334167083542 0.005680344094037713 
0.6673336668334167 0.005764316696287351 
0.6678339169584792 0.005849330468057897 
0.6683341670835418 0.005935357142907239 
0.6688344172086043 0.006022367928651073 
0.6693346673336668 0.006110333511242249 
0.6698349174587294 0.006199224059069706 
0.6703351675837919 0.006289009227686028 
0.6708354177088544 0.00637965816497282 
0.671335667833917 0.0064711395167523 
0.6718359179589795 0.006563421432852744 
0.672336168084042 0.006656471573635163 
0.6728364182091046 0.0067502571169879375 
0.673336668334167 0.006844744765795298 
0.6738369184592296 0.00693990075588515 
0.674337168584292 0.007035690864460943 
0.6748374187093547 0.007132080419021902 
0.6753376688344171 0.0072290343067746956 
0.6758379189594796 0.007326516984539507 
0.6763381690845423 0.007424492489152601 
0.6768384192096047 0.007522924448366507 
0.6773386693346672 0.007621776092248378 
0.6778389194597298 0.0077210102650769425 
0.6783391695847923 0.00782058943773627 
0.6788394197098548 0.007920475720605405 
0.6793396698349174 0.008020630876941508 
0.6798399199599799 0.008121016336752883 
0.6803401700850424 0.008221593211158444 
0.680840420210105 0.008322322307228909 
0.6813406703351675 0.008423164143304178 
0.68184092046023 0.008524078964780834 
0.6823411705852926 0.008625026760362989 
0.6828414207103551 0.008725967278768556 
0.6833416708354176 0.008826860045882711 
0.6838419209604802 0.008927664382349513 
0.6843421710855427 0.009028339421591512 
0.6848424212106052 0.009128844128247006 
0.6853426713356677 0.009229137317013598 
0.6858429214607303 0.009329177671885982 
0.6863431715857928 0.009428923765775298 
0.6868434217108553 0.009528334080496642 
0.6873436718359179 0.00962736702711095 
0.6878439219609804 0.009725980966606212 
0.6883441720860429 0.00982413423090293 
0.6888444222111055 0.009921785144168065 
0.689344672336168 0.010018892044420642 
0.6898449224612305 0.010115413305412156 
0.6903451725862931 0.010211307358764313 
0.6908454227113556 0.010306532716345648 
0.6913456728364181 0.010401047992868477 
0.6918459229614807 0.010494811928687483 
0.6923461730865432 0.010587783412779774 
0.6928464232116057 0.010679921505886576 
0.6933466733366683 0.010771185463796674 
0.6938469234617308 0.01086153476075009 
0.6943471735867933 0.010950929112941312 
0.6948474237118559 0.011039328502100649 
0.6953476738369184 0.011126693199131805 
0.6958479239619809 0.011212983787783709 
0.6963481740870435 0.011298161188334615 
0.696848424212106 0.011382186681265699 
0.6973486743371685 0.011465021930901848 
0.697848924462231 0.011546629008996655 
0.6983491745872936 0.011626970418239105 
0.6988494247123561 0.011706009115658646 
0.6993496748374186 0.011783708535905895 
0.6998499249624812 0.011860032614386042 
0.7003501750875437 0.011934945810221725 
0.7008504252126062 0.012008413129022651 
0.7013506753376688 0.012080400145439105 
0.7018509254627313 0.012150873025476419 
0.7023511755877938 0.012219798548547905 
0.7028514257128564 0.012287144129243931 
0.7033516758379189 0.012352877838794608 
0.7038519259629814 0.012416968426204244 
0.704352176088044 0.012479385339035892 
0.7048524262131065 0.01254009874382429 
0.705352676338169 0.012599079546096103 
0.7058529264632316 0.012656299409976894 
0.7063531765882941 0.01271173077736409 
0.7068534267133566 0.012765346886645816 
0.7073536768384192 0.012817121790946552 
0.7078539269634817 0.012867030375879749 
0.7083541770885442 0.012915048376789135 
0.7088544272136067 0.012961152395460534 
0.7093546773386693 0.01300531991628626 
0.7098549274637318 0.013047529321865306 
0.7103551775887943 0.013087759908022589 
0.7108554277138569 0.013125991898231366 
0.7113556778389194 0.013162206457423529 
0.7118559279639819 0.013196385705173013 
0.7123561780890445 0.013228512728238403 
0.712856428214107 0.013258571592451179 
0.7133566783391695 0.013286547353937134 
0.7138569284642321 0.013312426069658835 
0.7143571785892946 0.013336194807267929 
0.7148574287143571 0.013357841654256816 
0.7153576788394197 0.01337735572639979 
0.7158579289644822 0.013394727175474817 
0.7163581790895447 0.013409947196257491 
0.7168584292146073 0.013423008032779916 
0.7173586793396698 0.0134339029838477 
0.7178589294647323 0.013442626407809223 
0.7183591795897949 0.01344917372657213 
0.7188594297148574 0.01345354142886285 
0.7193596798399199 0.013455727072725479 
0.7198599299649825 0.013455729287257724 
0.720360180090045 0.013453547773581863 
0.7208604302151075 0.013449183305049817 
0.72136068034017 0.013442637726682293 
0.7218609304652326 0.013433913953842485 
0.7223611805902951 0.013423015970146005 
0.7228614307153576 0.01340994882460929 
0.7233616808404202 0.013394718628039632 
0.7238619309654827 0.01337733254867078 
0.7243621810905452 0.01335779880704897 
0.7248624312156078 0.01333612667017475 
0.7253626813406703 0.013312326444907185 
0.7258629314657328 0.013286409470637462 
0.7263631815907954 0.013258388111239812 
0.7268634317158579 0.013228275746308471 
0.7273636818409204 0.013196086761690127 
0.727863931965983 0.01316183653932204 
0.7283641820910455 0.013125541446386665 
0.728864432216108 0.013087218823794515 
0.7293646823411706 0.013046886974007507 
0.7298649324662331 0.013004565148215833 
0.7303651825912956 0.01296027353288204 
0.7308654327163582 0.012914033235666545 
0.7313656828414207 0.012865866270749662 
0.7318659329664832 0.012815795543565675 
0.7323661830915458 0.012763844834964934 
0.7328664332166083 0.012710038784820977 
0.7333666833416708 0.012654402875099648 
0.7338669334667333 0.01259696341240837 
0.7343671835917959 0.012537747510043258 
0.7348674337168584 0.012476783069553595 
0.7353676838419209 0.012414098761842383 
0.7358679339669835 0.012349724007822586 
0.736368184092046 0.012283688958649532 
0.7368684342171085 0.012216024475549548 
0.7373686843421711 0.012146762109265689 
0.7378689344672336 0.012075934079141728 
0.7383691845922961 0.012003573251865851 
0.7388694347173587 0.0119297131198955 
0.7393696848424212 0.011854387779585586 
0.7398699349674837 0.011777631909041963 
0.7403701850925463 0.01169948074572252 
0.7408704352176088 0.011619970063808414 
0.7413706853426713 0.011539136151368054 
0.7418709354677339 0.01145701578733627 
0.7423711855927964 0.011373646218331764 
0.7428714357178589 0.011289065135335381 
0.7433716858429215 0.011203310650252016 
0.743871935967984 0.01111642127237899 
0.7443721860930465 0.011028435884803628 
0.744872436218109 0.010939393720752427 
0.7453726863431716 0.0108493343399147 
0.745872936468234 0.010758297604762683 
0.7463731865932965 0.010666323656890684 
0.7468734367183592 0.010573452893394767 
0.7473736868434216 0.010479725943315314 
0.7478739369684841 0.01038518364416365 
0.7483741870935467 0.01028986701855369 
0.7488744372186092 0.010193817250960208 
0.7493746873436717 0.010097075664623792 
0.7498749374687343 0.009999683698622553 
0.7503751875937968 0.009901682885130924 
0.7508754377188593 0.009803114826884571 
0.751375687843922 0.0097040211748703 
0.7518759379689844 0.009604443606259672 
0.7523761880940469 0.0095044238026043 
0.7528764382191095 0.009404003428309894 
0.753376688344172 0.009303224109406582 
0.7538769384692345 0.009202127412631492 
0.7543771885942971 0.009100754824839382 
0.7548774387193596 0.008999147732756724 
0.7553776888444221 0.008897347403093779 
0.7558779389694847 0.008795394963028383 
0.7563781890945472 0.008693331381075038 
0.7568784392196097 0.008591197448351864 
0.7573786893446722 0.008489033760257293 
0.7578789394697348 0.008386880698567776 
0.7583791895947973 0.008284778413967171 
0.7588794397198598 0.00818276680901769 
0.7593796898449224 0.008080885521581252 
0.7598799399699849 0.007979173908699998 
0.7603801900950474 0.007877671030943485 
0.76088044022011 0.0077764156372292365 
0.7613806903451725 0.007675446150123195 
0.761880940470235 0.007574800651625429 
0.7623811905952976 0.007474516869445101 
0.7628814407203601 0.007374632163769689 
0.7633816908454226 0.007275183514530716 
0.7638819409704852 0.007176207509168521 
0.7643821910955477 0.0070777403308980415 
0.7648824412206102 0.006979817747476169 
0.7653826913456728 0.006882475100470765 
0.7658829414707353 0.006785747295031013 
0.7663831915957978 0.006689668790157463 
0.7668834417208604 0.0065942735894697875 
0.7673836918459229 0.0064995952324695926 
0.7678839419709854 0.006405666786294688 
0.7683841920960479 0.006312520837960533 
0.7688844422211105 0.006220189487084307 
0.769384692346173 0.006128704339085786 
0.7698849424712355 0.0060380964988591464 
0.7703851925962981 0.005948396564908576 
0.7708854427213606 0.005859634623940675 
0.7713856928464231 0.0057718402459054395 
0.7718859429714857 0.005685042479477197 
0.7723861930965482 0.005599269847966587 
0.7728864432216107 0.005514550345653906 
0.7733866933466733 0.00543091143453337 
0.7738869434717358 0.005348380041458117 
0.7743871935967983 0.00526698255567455 
0.7748874437218609 0.005186744826734431 
0.7753876938469234 0.005107692162773011 
0.7758879439719859 0.005029849329140786 
0.7763881940970485 0.004953240547375861 
0.776888444222111 0.0048778894945043505 
0.7773886943471735 0.004803819302655407 
0.7778889444722361 0.004731052558976683 
0.7783891945972986 0.004659611305837134 
0.7788894447223611 0.004589517041302684 
0.7793896948474237 0.004520790719870264 
0.7798899449724862 0.004453452753446196 
0.7803901950975487 0.004387523012554065 
0.7808904452226112 0.004323020827757281 
0.7813906953476738 0.004259964991281849 
0.7818909454727363 0.004198373758824212 
0.7823911955977988 0.004138264851529472 
0.7828914457228614 0.004079655458125005 
0.7833916958479239 0.004022562237194771 
0.7838919459729864 0.003967001319579527 
0.784392196098049 0.003912988310888089 
0.7848924462231115 0.0038605382941053782 
0.785392696348174 0.003809665832282656 
0.7858929464732366 0.0037603849712956575 
0.7863931965982991 0.0037127092426567708 
0.7868934467233616 0.003666651666367262 
0.7873936968484242 0.003622224753796054 
0.7878939469734867 0.003579440510571739 
0.7883941970985492 0.003538310439474869 
0.7888944472236118 0.0034988455433177168 
0.7893946973486743 0.003461056327799279 
0.7898949474737368 0.003424952804323605 
0.7903951975987994 0.0033905444927695644 
0.7908954477238619 0.003357840424201208 
0.7913956978489244 0.003326849143507876 
0.791895947973987 0.0032975787119634684 
0.7923961980990495 0.0032700367096954253 
0.792896448224112 0.0032442302380537545 
0.7933966983491745 0.00322016592187134 
0.7938969484742371 0.0031978499116070585 
0.7943971985992996 0.003177287885364026 
0.7948974487243621 0.003158485050775423 
0.7953976988494247 0.003141446146751316 
0.7958979489744872 0.003126175445080137 
0.7963981990995497 0.0031126767518792776 
0.7968984492246123 0.003100953408889561 
0.7973986993496748 0.0030910082946093145 
0.7978989494747373 0.0030828438252639635 
0.7983991995997999 0.0030764619556079074 
0.7988994497248624 0.0030718641795560307 
0.7993996998499249 0.003069051530642601 
0.7998999499749875 0.0030680245823062518 
0.80040020010005 0.0030687834479999764 
0.8009004502251125 0.003071327781125968 
0.8014007003501751 0.003075656774795596 
0.8019009504752376 0.003081769161415464 
0.8024012006003001 0.003089663212101019 
0.8029014507253627 0.003099336735919972 
0.8034017008504252 0.0031107870789680897 
0.8039019509754877 0.0031240111232808134 
0.8044022011005502 0.003139005285584504 
0.8049024512256128 0.0031557655158918393 
0.8054027013506753 0.0031742872959463343 
0.8059029514757378 0.003194565637521583 
0.8064032016008004 0.0032165950805814318 
0.8069034517258629 0.003240369691307609 
0.8074037018509254 0.0032658830600020704 
0.807903951975988 0.00329312829887174 
0.8084042021010505 0.0033220980397038456 
0.808904452226113 0.0033527844314404083 
0.8094047023511756 0.003385179137661162 
0.8099049524762381 0.00341927333398436 
0.8104052026013006 0.0034550577053954253 
0.8109054527263632 0.003492522443514061 
0.8114057028514257 0.003531657243810359 
0.8119059529764882 0.0035724513027812596 
0.8124062031015508 0.003614893315098856 
0.8129064532266133 0.0036589714707424077 
0.8134067033516758 0.0037046734521261585 
0.8139069534767384 0.0037519864312356497 
0.8144072036018009 0.003800897066784992 
0.8149074537268634 0.003851391501408318 
0.815407703851926 0.0039034553588985737 
0.8159079539769885 0.003957073741506957 
0.816408204102051 0.004012231227316842 
0.8169084542271134 0.004068911867705588 
0.817408704352176 0.0041270991849086955 
0.8179089544772385 0.004186776169699613 
0.818409204602301 0.004247925279199871 
0.8189094547273637 0.004310528434833328 
0.8194097048524261 0.0043745670204389 
0.8199099549774886 0.004440021880555783 
0.8204102051025512 0.0045068733188956284 
0.8209104552276137 0.004575101097015434 
0.8214107053526762 0.0046446844332054945 
0.8219109554777388 0.004715602001606277 
0.8224112056028013 0.004787831931568062 
0.8229114557278638 0.004861351807267036 
0.8234117058529264 0.004936138667591645 
0.8239119559779889 0.005012169006312074 
0.8244122061030514 0.005089418772546447 
0.824912456228114 0.00516786337153641 
0.8254127063531765 0.0052474776657447895 
0.825912956478239 0.005328235976287595 
0.8264132066033016 0.005410112084712648 
0.8269134567283641 0.0054930792351361776 
0.8274137068534266 0.005577110136748823 
0.8279139569784892 0.005662176966702386 
0.8284142071035517 0.005748251373387196 
0.8289144572286142 0.005835304480110778 
0.8294147073536767 0.005923306889187245 
0.8299149574787393 0.006012228686446693 
0.8304152076038018 0.006102039446173328 
0.8309154577288643 0.0061927082364804115 
0.8314157078539269 0.0062842036251301294 
0.8319159579789894 0.006376493685804932 
0.8324162081040519 0.006469546004837455 
0.8329164582291145 0.006563327688404761 
0.833416708354177 0.006657805370192493 
0.8339169584792395 0.006752945219533461 
0.8344172086043021 0.006848712950025463 
0.8349174587293646 0.0069450738286311615 
0.8354177088544271 0.00704199268526343 
0.8359179589794897 0.0071394339228583095 
0.8364182091045522 0.0072373615279371405 
0.8369184592296147 0.007335739081658613 
0.8374187093546773 0.007434529771361506 
0.8379189594797398 0.007533696402596897 
0.8384192096048023 0.007633201411649226 
0.8389194597298649 0.007733006878544111 
0.8394197098549274 0.007833074540540408 
0.8399199599799899 0.007933365806102977 
0.8404202101050524 0.008033841769352644 
0.840920460230115 0.008134463224987953 
0.8414207103551775 0.008235190683673777 
0.84192096048024 0.00833598438789012 
0.8424212106053026 0.008436804328234924 
0.8429214607303651 0.008537610260172353 
0.8434217108554276 0.008638361721218901 
0.8439219609804902 0.008739018048558042 
0.8444222111055527 0.008839538397073719 
0.8449224612306152 0.008939881757792019 
0.8454227113556778 0.009040006976720513 
0.8459229614807403 0.00913987277407276 
0.8464232116058028 0.009239437763865897 
0.8469234617308654 0.009338660473878272 
0.8474237118559279 0.009437499365953181 
0.8479239619809904 0.009535912856634219 
0.848424212106053 0.009633859338117895 
0.8489244622311155 0.009731297199507041 
0.849424712356178 0.009828184848349483 
0.8499249624812406 0.009924480732445054 
0.8504252126063031 0.010020143361903704 
0.8509254627313656 0.010115131331436704 
0.8514257128564282 0.010209403342863294 
0.8519259629814907 0.010302918227813086 
0.8524262131065532 0.010395634970605739 
0.8529264632316157 0.010487512731287904 
0.8534267133566783 0.010578510868807392 
0.8539269634817408 0.010668588964304206 
0.8544272136068033 0.010757706844497353 
0.8549274637318659 0.010845824605146723 
0.8554277138569284 0.010932902634568063 
0.8559279639819909 0.011018901637179453 
0.8564282141070535 0.011103782657057621 
0.856928464232116 0.011187507101481203 
0.8574287143571785 0.011270036764439122 
0.8579289644822411 0.011351333850081012 
0.8584292146073036 0.011431360996087297 
0.8589294647323661 0.011510081296935707 
0.8594297148574287 0.011587458327041767 
0.8599299649824912 0.01166345616374969 
0.8604302151075537 0.011738039410151122 
0.8609304652326163 0.011811173217708516 
0.8614307153576788 0.011882823308660254 
0.8619309654827413 0.01195295599818451 
0.8624312156078039 0.012021538216299359 
0.8629314657328664 0.01208853752947604 
0.8634317158579289 0.012153922161943302 
0.8639319659829914 0.012217661016660268 
0.864432216108054 0.01227972369593586 
0.8649324662331165 0.012340080521672948 
0.865432716358179 0.012398702555215618 
0.8659329664832416 0.01245556161677856 
0.8664332166083041 0.012510630304437336 
0.8669334667333666 0.012563882012659372 
0.8674337168584292 0.012615290950355294 
0.8679339669834917 0.01266483215843109 
0.8684342171085542 0.012712481526821737 
0.8689344672336168 0.012758215810987723 
0.8694347173586793 0.012802012647855906 
0.8699349674837418 0.012843850571187237 
0.8704352176088044 0.012883709026354126 
0.8709354677338669 0.01292156838451073 
0.8714357178589294 0.01295740995614028 
0.871935967983992 0.01299121600396399 
0.8724362181090545 0.013022969755196933 
0.872936468234117 0.013052655413136544 
0.8734367183591796 0.013080258168070695 
0.8739369684842421 0.013105764207492349 
0.8744372186093046 0.013129160725608897 
0.8749374687343672 0.01315043593213502 
0.8754377188594297 0.01316957906035841 
0.8759379689844922 0.0131865803744687 
0.8764382191095547 0.013201431176140574 
0.8769384692346173 0.01321412381036294 
0.8774387193596798 0.013224651670506645 
0.8779389694847423 0.013233009202624272 
0.8784392196098049 0.013239191908976157 
0.8789394697348674 0.013243196350777753 
0.8794397198599299 0.013245020150164093 
0.8799399699849925 0.013244661991368258 
0.880440220110055 0.013242121621111177 
0.8809404702351175 0.013237399848201324 
0.8814407203601801 0.013230498542343493 
0.8819409704852426 0.013221420632156703 
0.882441220610305 0.013210170102402172 
0.8829414707353677 0.013196751990423162 
0.8834417208604302 0.013181172381799269 
0.8839419709854927 0.013163438405218626 
0.8844422211105553 0.013143558226572257 
0.8849424712356178 0.013121541042275716 
0.8854427213606803 0.013097397071823929 
0.8859429714857429 0.013071137549586 
0.8864432216108054 0.01304277471584742 
0.8869434717358678 0.013012321807108165 
0.8874437218609305 0.012979793045645583 
0.887943971985993 0.012945203628352163 
0.8884442221110554 0.01290856971485869 
0.8889444722361179 0.012869908414954159 
0.8894447223611806 0.01282923777531466 
0.889944972486243 0.012786576765553866 
0.8904452226113055 0.012741945263608905 
0.8909454727363681 0.012695364040475459 
0.8914457228614306 0.012646854744307252 
0.8919459729864931 0.012596439883895225 
0.8924462231115557 0.01254414281154262 
0.8929464732366182 0.01248998770535255 
0.8934467233616807 0.01243399955094553 
0.8939469734867433 0.01237620412262456 
0.8944472236118058 0.012316627964006392 
0.8949474737368683 0.012255298368137728 
0.8954477238619309 0.012192243357115782 
0.8959479739869934 0.0121274916612329 
0.8964482241120559 0.012061072697665912 
0.8969484742371185 0.011993016548730272 
0.897448724362181 0.011923353939720691 
0.8979489744872435 0.011852116216359452 
0.8984492246123061 0.011779335321873937 
0.8989494747373686 0.011705043773725944 
0.8994497248624311 0.011629274640014791 
0.8999499749874936 0.011552061515576926 
0.9004502251125562 0.011473438497804979 
0.9009504752376187 0.011393440162209136 
0.9014507253626812 0.011312101537744373 
0.9019509754877438 0.011229458081926326 
0.9024512256128063 0.011145545655759962 
0.9029514757378688 0.011060400498504208 
0.9034517258629314 0.0109740592022962 
0.9039519759879939 0.010886558686658913 
0.9044522261130564 0.010797936172915874 
0.904952476238119 0.010708229158536323 
0.9054527263631815 0.010617475391434752 
0.905952976488244 0.01052571284424822 
0.9064532266133066 0.010432979688614683 
0.9069534767383691 0.010339314269475841 
0.9074537268634316 0.010244755079427627 
0.9079539769884942 0.010149340733140878 
0.9084542271135567 0.010053109941875481 
0.9089544772386192 0.009956101488110145 
0.9094547273636818 0.009858354200309954 
0.9099549774887443 0.009759906927853905 
0.9104552276138068 0.009660798516143989 
0.9109554777388694 0.009561067781916694 
0.9114557278639319 0.00946075348877866 
0.9119559779889944 0.00935989432298633 
0.9124562281140569 0.009258528869490268 
0.9129564782391195 0.009156695588263337 
0.913456728364182 0.009054432790932694 
0.9139569784892445 0.008951778617733927 
0.9144572286143071 0.008848771014805938 
0.9149574787393696 0.008745447711844318 
0.9154577288644321 0.008641846200130787 
0.9159579789894947 0.008538003710954988 
0.9164582291145572 0.008433957194445575 
0.9169584792396197 0.00832974329882583 
0.9174587293646823 0.008225398350109039 
0.9179589794897448 0.00812095833224817 
0.9184592296148073 0.00801645886775394 
0.9189594797398699 0.007911935198794094 
0.9194597298649324 0.007807422168787229 
0.9199599799899949 0.007702954204502653 
0.9204602301150575 0.0075985652986780275 
0.92096048024012 0.007494288993165279 
0.9214607303651825 0.007390158362615226 
0.9219609804902451 0.0072862059987096614 
0.9224612306153076 0.007182463994950495 
0.9229614807403701 0.007078963932013324 
0.9234617308654326 0.006975736863673179 
0.9239619809904952 0.006872813303308939 
0.9244622311155577 0.00677022321099258 
0.9249624812406202 0.006667995981168589 
0.9254627313656828 0.006566160430927869 
0.9259629814907453 0.006464744788880544 
0.9264632316158078 0.006363776684630794 
0.9269634817408704 0.006263283138855887 
0.9274637318659329 0.006163290553992055 
0.9279639819909954 0.006063824705527847 
0.928464232116058 0.005964910733905872 
0.9289644822411205 0.005866573137032668 
0.929464732366183 0.005768835763396215 
0.9299649824912456 0.005671721805789222 
0.9304652326163081 0.005575253795636802 
0.9309654827413706 0.00547945359792542 
0.9314657328664332 0.005384342406730061 
0.9319659829914957 0.005289940741335695 
0.9324662331165582 0.00519626844294872 
0.9329664832416208 0.005103344671992944 
0.9334667333666833 0.005011187905985104 
0.9339669834917458 0.004919815937983275 
0.9344672336168084 0.004829245875601652 
0.9349674837418709 0.004739494140584502 
0.9354677338669334 0.004650576468931452 
0.9359679839919959 0.004562507911566099 
0.9364682341170585 0.0044753028355387515 
0.936968484242121 0.004388974925754801 
0.9374687343671835 0.004303537187218531 
0.9379689844922461 0.004219001947782626 
0.9384692346173086 0.004135380861392759 
0.9389694847423711 0.004052684911816674 
0.9394697348674337 0.00397092441684604 
0.9399699849924962 0.0038901090329600423 
0.9404702351175587 0.0038102477604386228 
0.9409704852426213 0.0037313489489127316 
0.9414707353676838 0.00365342030333979 
0.9419709854927463 0.0035764688903909313 
0.9424712356178089 0.0035005011452372463 
0.9429714857428714 0.0034255228787216188 
0.9434717358679339 0.00335153928490281 
0.9439719859929965 0.0032785549489575874 
0.944472236118059 0.0032065738554275646 
0.9449724862431215 0.00313559939679628 
0.9454727363681841 0.003065634382382381 
0.9459729864932466 0.002996681047534542 
0.9464732366183091 0.0029287410631138513 
0.9469734867433717 0.0028618155452486316 
0.9474737368684342 0.002795905065347654 
0.9479739869934967 0.002731009660356699 
0.9484742371185592 0.002667128843243826 
0.9489744872436218 0.0026042616136986796 
0.9494747373686843 0.0025424064690310723 
0.9499749874937468 0.0024815614152542236 
0.9504752376188094 0.0024217239783377383 
0.9509754877438719 0.002362891215615982 
0.9514757378689344 0.0023050597273372385 
0.951975987993997 0.00224822566833896 
0.9524762381190595 0.0021923847598350177 
0.952976488244122 0.0021375323013006135 
0.9534767383691846 0.00208366318244047 
0.9539769884942471 0.0020307718952267267 
0.9544772386193096 0.001978852545992414 
0.9549774887443722 0.0019278988675668237 
0.9554777388694347 0.0018779042314394387 
0.9559779889944972 0.0018288616599390578 
0.9564782391195598 0.0017807638384149344 
0.9569784892446223 0.0017336031274071452 
0.9574787393696848 0.0016873715747935572 
0.9579789894947474 0.0016420609279007854 
0.9584792396198099 0.0015976626455672107 
0.9589794897448723 0.0015541679101460097 
0.9594797398699348 0.001511567639436467 
0.9599799899949975 0.0014698524985323866 
0.96048024012006 0.001429012911576249 
0.9609804902451224 0.0013890390734086014 
0.961480740370185 0.00134992096110179 
0.9619809904952475 0.0013116483453681474 
0.96248124062031 0.0012742108018325357 
0.9629814907453726 0.0012375977221596465 
0.9634817408704351 0.0012017983250268642 
0.9639819909954976 0.0011668016669336622 
0.9644822411205602 0.001132596652838871 
0.9649824912456227 0.0010991720466175907 
0.9654827413706852 0.0010665164813297417 
0.9659829914957478 0.0010346184692925412 
0.9664832416208103 0.0010034664119497516 
0.9669834917458728 0.0009730486095306324 
0.9674837418709354 0.0009433532704920508 
0.9679839919959979 0.0009143685207374317 
0.9684842421210604 0.0008860824126067211 
0.968984492246123 0.0008584829336316356 
0.9694847423711855 0.0008315580150511731 
0.969984992496248 0.0008052955400823903 
0.9704852426213106 0.0007796833519418665 
0.9709854927463731 0.0007547092616138569 
0.9714857428714356 0.000730361055361179 
0.9719859929964981 0.0007066265019753384 
0.9724862431215607 0.0006834933597628598 
0.9729864932466232 0.0006609493832648849 
0.9734867433716857 0.0006389823297078252 
0.9739869934967483 0.0006175799651825366 
0.9744872436218108 0.0005967300705508235 
0.9749874937468733 0.0005764204470772928 
0.9754877438719359 0.000556638921785783 
0.9759879939969984 0.0005373733525394651 
0.9764882441220609 0.000518611632844289 
0.9769884942471235 0.0005003416963753692 
0.977488744372186 0.0004825515212269053 
0.9779889944972485 0.00046522913388584235 
0.9784892446223111 0.0004483626129302206 
0.9789894947473736 0.00043194009245332463 
0.9794897448724361 0.0004159497652151987 
0.9799899949974987 0.00040037988552288535 
0.9804902451225612 0.00038521877184198144 
0.9809904952476237 0.0003704548091413432 
0.9814907453726863 0.0003560764509738985 
0.9819909954977488 0.0003420722212962162 
0.9824912456228113 0.000328430716030136 
0.9829914957478738 0.0003151406043699291 
0.9834917458729364 0.00030219062983856155 
0.9839919959979989 0.0002895696110971173 
0.9844922461230614 0.00027726644251170786 
0.984992496248124 0.000265270094481993 
0.9854927463731865 0.0002535696135364752 
0.985992996498249 0.000242154122199146 
0.9864932466233116 0.00023101281863292426 
0.9869934967483741 0.00022013497606507564 
0.9874937468734366 0.00020950994200044372 
0.9879939969984992 0.00019912713722805266 
0.9884942471235617 0.0001889760546274423 
0.9889944972486242 0.00017904625778072193 
0.9894947473736868 0.00016932737939689263 
0.9899949974987493 0.00015980911955495108 
0.9904952476238118 0.0001504812437727375 
0.9909954977488744 0.00014133358090815242 
0.9914957478739369 0.00013235602090028184 
0.9919959979989994 0.00012353851235734573 
0.992496248124062 0.00011487105999913555 
0.9929964982491245 0.00010634372196132943 
0.993496748374187 9.794660696953166e-05 
0.9939969984992496 8.96698713906318e-05 
0.9944972486243121 8.150371616969276e-05 
0.9949974987493746 7.343838366028128e-05 
0.9954977488744371 6.546415435627823e-05 
0.9959979989994997 5.75713435336468e-05 
0.9964982491245622 4.9750297810322216e-05 
0.9969984992496247 4.199139163255893e-05 
0.9974987493746873 3.428502369655289e-05 
0.9979989994997498 2.6621613313339247e-05 
0.9984992496248123 1.8991596726182368e-05 
0.9989994997498749 1.1385423388455844e-05 
0.9994997498749374 3.793552211216364e-06 
1.0 0.0 
