xdata ydata 
0.0 -0.007142825545631726 
0.002004008016032064 -0.0036312312594208892 
0.004008016032064128 -0.000374483072362474 
0.0060120240480961915 0.0024212750562683707 
0.008016032064128256 0.00458847864390336 
0.01002004008016032 0.006013156885198573 
0.012024048096192383 0.006645176742434312 
0.014028056112224447 0.00650280124254679 
0.01603206412825651 0.005671147158748018 
0.018036072144288574 0.004294665067471845 
0.02004008016032064 0.0025642923640387017 
0.022044088176352703 0.0007004009151989608 
0.024048096192384766 -0.0010669657181629458 
0.026052104208416832 -0.0025188279194532934 
0.028056112224448895 -0.0034671502845013296 
0.03006012024048096 -0.0037721076637365347 
0.03206412825651302 -0.0033552016081342777 
0.03406813627254509 -0.0022070500517342127 
0.03607214428857715 -0.00038913482739728547 
0.038076152304609215 0.001970683256026065 
0.04008016032064128 0.004688529261288504 
0.04208416833667334 0.007539893182519091 
0.044088176352705406 0.010278718544659633 
0.04609218436873747 0.012658569320638996 
0.04809619238476953 0.014454058184426424 
0.0501002004008016 0.015480690278343277 
0.052104208416833664 0.015611407253581094 
0.05410821643286573 0.014788395020384771 
0.05611222444889779 0.013029121283711139 
0.058116232464929855 0.010426060718219086 
0.06012024048096192 0.0071401040848613284 
0.06212424849699398 0.003388186302206119 
0.06412825651302605 -0.0005738388663987254 
0.06613226452905811 -0.0044716454893163554 
0.06813627254509018 -0.008034489913768532 
0.07014028056112225 -0.011017024417485753 
0.0721442885771543 -0.013219044244108026 
0.07414829659318636 -0.014501520183641006 
0.07615230460921843 -0.014797586276479717 
0.0781563126252505 -0.014117581376042423 
0.08016032064128256 -0.012547747063144604 
0.08216432865731463 -0.01024271943216912 
0.08416833667334668 -0.007412472805168995 
0.08617234468937875 -0.004304835237627612 
0.08817635270541081 -0.0011850598329510079 
0.09018036072144288 0.0016858279219823108 
0.09218436873747494 0.00407209750136795 
0.09418837675350701 0.00578205052223713 
0.09619238476953906 0.006682894196068525 
0.09819639278557113 0.006710556377822884 
0.1002004008016032 0.005873684144049407 
0.10220440881763526 0.004251564176316746 
0.10420841683366733 0.001986216619613902 
0.1062124248496994 -0.0007305991879850381 
0.10821643286573146 -0.003674309646871265 
0.11022044088176351 -0.006606908391634519 
0.11222444889779558 -0.009297131743384708 
0.11422845691382764 -0.01153971960333837 
0.11623246492985971 -0.013172152150156557 
0.11823647294589178 -0.01408748621769725 
0.12024048096192384 -0.01424226192190682 
0.1222444889779559 -0.013658879187139395 
0.12424849699398796 -0.012422317927255731 
0.12625250501002003 -0.010671554099070493 
0.1282565130260521 -0.008586466208064537 
0.13026052104208416 -0.00637139630453142 
0.13226452905811623 -0.004236795984025008 
0.1342685370741483 -0.0023805304971088034 
0.13627254509018036 -0.0009704226850109432 
0.13827655310621242 -0.0001294944685053583 
0.1402805611222445 7.488042659931965e-05 
0.14228456913827653 -0.0003629595180794047 
0.1442885771543086 -0.0013861458719984356 
0.14629258517034066 -0.002879730775846495 
0.14829659318637273 -0.004679992060138797 
0.1503006012024048 -0.0065877851834974565 
0.15230460921843686 -0.008384813586105025 
0.15430861723446893 -0.009851467039859615 
0.156312625250501 -0.01078477050179359 
0.15831663326653306 -0.011015000201490436 
0.16032064128256512 -0.010419655314379309 
0.1623246492985972 -0.008933709009717425 
0.16432865731462926 -0.006555380047957799 
0.16633266533066132 -0.0033470373432821733 
0.16833667334669336 0.0005687567829999005 
0.17034068136272543 0.0050176762606372145 
0.1723446893787575 0.00978580425918072 
0.17434869739478956 0.01463454670080394 
0.17635270541082163 0.019317098226859133 
0.1783567134268537 0.023595187324575502 
0.18036072144288576 0.027254845553347225 
0.18236472945891782 0.030120062272347998 
0.1843687374749499 0.03206338785567002 
0.18637274549098196 0.03301281549991163 
0.18837675350701402 0.032954580218030265 
0.1903807615230461 0.0319318369455854 
0.19238476953907813 0.030039491304945327 
0.1943887775551102 0.027415732119701594 
0.19639278557114226 0.024231034036071974 
0.19839679358717432 0.02067554702394219 
0.2004008016032064 0.016945859126610917 
0.20240480961923846 0.013232108554228243 
0.20440881763527052 0.009706336656208674 
0.2064128256513026 0.006512825836092991 
0.20841683366733466 0.0037609719424984674 
0.21042084168336672 0.001521017791590812 
0.2124248496993988 -0.000177256969618532 
0.21442885771543085 -0.0013430153844095378 
0.21643286573146292 -0.002020331464775623 
0.21843687374749496 -0.002282119782389958 
0.22044088176352702 -0.0022226029508851967 
0.2224448897795591 -0.0019489446525066565 
0.22444889779559116 -0.0015726750442724695 
0.22645290581162322 -0.0012014880700276667 
0.2284569138276553 -0.0009319052848993115 
0.23046092184368736 -0.0008431894931889779 
0.23246492985971942 -0.0009927661162173985 
0.2344689378757515 -0.0014132828603892757 
0.23647294589178355 -0.00211131973075789 
0.23847695390781562 -0.003067660261781185 
0.24048096192384769 -0.004238956684416727 
0.24248496993987975 -0.005560569166709958 
0.2444889779559118 -0.00695033177882107 
0.24649298597194386 -0.00831299236183739 
0.24849699398797592 -0.009545085009252462 
0.250501002004008 -0.010540016294692124 
0.25250501002004005 -0.011193173405661973 
0.2545090180360721 -0.011406888348465477 
0.2565130260521042 -0.01109511314116415 
0.25851703406813625 -0.010187674064912963 
0.2605210420841683 -0.0086339783678892 
0.2625250501002004 -0.006406046126332733 
0.26452905811623245 -0.003500736783885066 
0.2665330661322645 5.8961138609246646e-05 
0.2685370741482966 0.004223702506337908 
0.27054108216432865 0.008918727565257691 
0.2725450901803607 0.014046047586134622 
0.2745490981963928 0.019487898184684486 
0.27655310621242485 0.02511141809600653 
0.2785571142284569 0.03077443193292259 
0.280561122244489 0.036332128704956 
0.282565130260521 0.04164434104044352 
0.28456913827655306 0.04658305179824334 
0.2865731462925851 0.05103969410566858 
0.2885771543086172 0.054931776218385485 
0.29058116232464926 0.058208360763021424 
0.2925851703406813 0.06085396319319857 
0.2945891783567134 0.06289050779070432 
0.29659318637274545 0.06437708883410485 
0.2985971943887775 0.0654074235804267 
0.3006012024048096 0.0661050431051874 
0.30260521042084165 0.06661643483445698 
0.3046092184368737 0.06710251313292095 
0.3066132264529058 0.06772893745788061 
0.30861723446893785 0.06865590805123381 
0.3106212424849699 0.07002813572087588 
0.312625250501002 0.07196569701563185 
0.31462925851703405 0.07455644521980676 
0.3166332665330661 0.0778505519649392 
0.3186372745490982 0.08185760956720776 
0.32064128256513025 0.08654654063349589 
0.3226452905811623 0.09184835297594175 
0.3246492985971944 0.09766156101226897 
0.32665330661322645 0.10385988743886197 
0.3286573146292585 0.1103016785780231 
0.3306613226452906 0.11684032909336288 
0.33266533066132264 0.1233349291102093 
0.33466933867735466 0.12966032706676892 
0.3366733466933867 0.13571584747662718 
0.3386773547094188 0.14143201120452745 
0.34068136272545085 0.1467747683889545 
0.3426853707414829 0.15174695751537728 
0.344689378757515 0.15638693138077012 
0.34669338677354705 0.16076452254718973 
0.3486973947895791 0.1649747375338514 
0.3507014028056112 0.1691297517765043 
0.35270541082164325 0.17334991045763437 
0.3547094188376753 0.17775451211759327 
0.3567134268537074 0.1824531562673339 
0.35871743486973945 0.18753837274316978 
0.3607214428857715 0.19308012498071128 
0.3627254509018036 0.19912260297453047 
0.36472945891783565 0.20568351022043513 
0.3667334669338677 0.21275582135401258 
0.3687374749498998 0.22031176391254764 
0.37074148296593185 0.22830857869866436 
0.3727454909819639 0.23669545647120327 
0.374749498997996 0.24542094818284857 
0.37675350701402804 0.25444011068150274 
0.3787575150300601 0.2637206827262027 
0.3807615230460922 0.273247684155445 
0.38276553106212424 0.28302598496076137 
0.38476953907815625 0.29308058661161523 
0.3867735470941883 0.30345457716848223 
0.3887775551102204 0.3142049442427664 
0.39078156312625245 0.32539663512134254 
0.3927855711422845 0.33709542233893597 
0.3947895791583166 0.34936024994397014 
0.39679358717434865 0.36223578973161014 
0.3987975951903807 0.37574592268231477 
0.4008016032064128 0.38988877990969534 
0.40280561122244485 0.4046338369582327 
0.4048096192384769 0.4199213682158524 
0.406813627254509 0.4356643518018256 
0.40881763527054105 0.45175268962113874 
0.4108216432865731 0.4680593933364653 
0.4128256513026052 0.48444820477369677 
0.41482965931863724 0.5007819858427265 
0.4168336673346693 0.5169311410348721 
0.4188376753507014 0.5327813318853764 
0.42084168336673344 0.5482398080432375 
0.4228456913827655 0.5632398079097789 
0.4248496993987976 0.5777426614010942 
0.42685370741482964 0.5917374416024658 
0.4288577154308617 0.6052382409255147 
0.4308617234468938 0.618279369369988 
0.43286573146292584 0.630908966663044 
0.4348697394789579 0.6431816679060736 
0.4368737474949899 0.6551510496373204 
0.438877755511022 0.6668626012512763 
0.44088176352705405 0.6783479132927082 
0.4428857715430861 0.6896206537804166 
0.4448897795591182 0.700674727292682 
0.44689378757515025 0.7114847953513709 
0.4488977955911823 0.7220091009063019 
0.4509018036072144 0.7321943067619977 
0.45290581162324645 0.7419818499503711 
0.4549098196392785 0.7513151516094629 
0.4569138276553106 0.7601469211667246 
0.45891783567134264 0.7684457652666183 
0.4609218436873747 0.776201360005653 
0.4629258517034068 0.7834275665997077 
0.46492985971943884 0.7901630556258482 
0.4669338677354709 0.7964692373414685 
0.468937875751503 0.8024255544483858 
0.47094188376753504 0.8081224553212605 
0.4729458917835671 0.813652605698457 
0.4749498997995992 0.8191010921822443 
0.47695390781563124 0.8245355022869113 
0.4789579158316633 0.8299968193455033 
0.48096192384769537 0.8354920393009121 
0.48296593186372744 0.8409893008086433 
0.4849699398797595 0.8464161283796491 
0.48697394789579157 0.8516611357559971 
0.4889779559118236 0.8565792444078018 
0.49098196392785565 0.8610001650326798 
0.4929859719438877 0.8647395951249337 
0.4949899799599198 0.8676123294003965 
0.49699398797595185 0.8694462855567253 
0.4989979959919839 0.8700963339265174 
0.501002004008016 0.8694567977186903 
0.503006012024048 0.8674715645627704 
0.5050100200400801 0.8641409154844485 
0.5070140280561122 0.8595244217557448 
0.5090180360721442 0.8537395637642157 
0.5110220440881763 0.846956064229496 
0.5130260521042084 0.8393862725840286 
0.5150300601202404 0.8312722590914715 
0.5170340681362725 0.8228705489255781 
0.5190380761523046 0.8144356246461667 
0.5210420841683366 0.8062034330489218 
0.5230460921843687 0.7983761396259245 
0.5250501002004008 0.7911092797366371 
0.5270541082164328 0.7845022675680036 
0.5290581162324649 0.7785929575861105 
0.531062124248497 0.7733566306686643 
0.533066132264529 0.7687094254720017 
0.5350701402805611 0.7645158843063213 
0.5370741482965932 0.7605999612742886 
0.5390781563126252 0.7567585754652191 
0.5410821643286573 0.7527766054637367 
0.5430861723446894 0.7484421284049642 
0.5450901803607214 0.7435607142811361 
0.5470941883767535 0.7379676925129639 
0.5490981963927856 0.731537502800131 
0.5511022044088176 0.7241895082592621 
0.5531062124248497 0.7158899621669067 
0.5551102204408818 0.7066501526893659 
0.5571142284569138 0.6965210737878931 
0.5591182364729459 0.6855852571155017 
0.561122244488978 0.6739466247793129 
0.56312625250501 0.6617193675845933 
0.565130260521042 0.6490169063091912 
0.567134268537074 0.6359419513984719 
0.5691382765531061 0.62257854437859 
0.5711422845691382 0.6089867553357667 
0.5731462925851702 0.5952004447796949 
0.5751503006012023 0.581228199768885 
0.5771543086172344 0.5670572506573448 
0.5791583166332664 0.5526598937591722 
0.5811623246492985 0.5380017118985079 
0.5831663326653306 0.5230507199855302 
0.5851703406813626 0.5077864808646974 
0.5871743486973947 0.4922082445485451 
0.5891783567134268 0.4763412602358834 
0.5911823647294588 0.46024058586650574 
0.5931863727454909 0.4439919579027594 
0.595190380761523 0.4277095624600277 
0.597194388777555 0.41153084214173763 
0.5991983967935871 0.3956087540179342 
0.6012024048096192 0.38010213734063736 
0.6032064128256512 0.3651650325395371 
0.6052104208416833 0.35093589902281475 
0.6072144288577154 0.3375276985706471 
0.6092184368737474 0.32501974179288035 
0.6112224448897795 0.3134520434175959 
0.6132264529058116 0.3028227117578498 
0.6152304609218436 0.2930886284939341 
0.6172344689378757 0.2841693812795967 
0.6192384769539078 0.2759541202539435 
0.6212424849699398 0.2683107467854997 
0.6232464929859719 0.26109663261777083 
0.625250501002004 0.25416992925094456 
0.627254509018036 0.24740047366059909 
0.6292585170340681 0.2406793324918729 
0.6312625250501002 0.23392614975471326 
0.6332665330661322 0.2270936620106861 
0.6352705410821643 0.2201690024097976 
0.6372745490981964 0.21317170769480565 
0.6392785571142284 0.2061486441395244 
0.6412825651302605 0.1991663520836484 
0.6432865731462926 0.1923015485215839 
0.6452905811623246 0.18563070115488733 
0.6472945891783567 0.17921967927014887 
0.6492985971943888 0.17311448785372793 
0.6513026052104208 0.16733400068294127 
0.6533066132264529 0.16186543311849302 
0.655310621242485 0.15666305092863728 
0.657314629258517 0.15165031896177317 
0.6593186372745491 0.1467253785577663 
0.6613226452905812 0.14176943315390675 
0.6633266533066132 0.13665734524603385 
0.6653306613226453 0.1312695296608004 
0.6673346693386772 0.12550408802197832 
0.6693386773547093 0.11928808069210493 
0.6713426853707414 0.11258688076808947 
0.6733466933867734 0.1054106968964408 
0.6753507014028055 0.09781757651643688 
0.6773547094188376 0.0899124901064614 
0.6793587174348696 0.08184242583920943 
0.6813627254509017 0.07378776482470165 
0.6833667334669338 0.06595053065056648 
0.6853707414829658 0.05854038527677009 
0.6873747494989979 0.05175945222452573 
0.68937875751503 0.04578716889360871 
0.691382765531062 0.04076639159766025 
0.6933867735470941 0.03679189672667022 
0.6953907815631262 0.03390224515619239 
0.6973947895791582 0.03207571860537801 
0.6993987975951903 0.031230717071500946 
0.7014028056112224 0.031230651937535478 
0.7034068136272544 0.03189300908481518 
0.7054108216432865 0.033001920129528 
0.7074148296593186 0.03432329557917374 
0.7094188376753506 0.03562136482812979 
0.7114228456913827 0.03667535177804775 
0.7134268537074148 0.037295001080605454 
0.7154308617234468 0.03733375967523537 
0.7174348697394789 0.03669860399676539 
0.719438877755511 0.03535576961726777 
0.721442885771543 0.03333196522656965 
0.7234468937875751 0.030711010071433596 
0.7254509018036072 0.027626194090502935 
0.7274549098196392 0.024248993766049203 
0.7294589178356713 0.020775057292088343 
0.7314629258517034 0.017408577730620718 
0.7334669338677354 0.014346286472501356 
0.7354709418837675 0.011762313254950942 
0.7374749498997996 0.009795073182827125 
0.7394789579158316 0.008537163790944083 
0.7414829659318637 0.008029001710237078 
0.7434869739478958 0.0082566205330638 
0.7454909819639278 0.009153714760521537 
0.7474949899799599 0.010607676995953847 
0.749498997995992 0.012469064236702696 
0.751503006012024 0.014563669032444547 
0.7535070140280561 0.0167061826438789 
0.7555110220440882 0.018714334165397344 
0.7575150300601202 0.020422378622962485 
0.7595190380761523 0.021692887374731313 
0.7615230460921844 0.02242595728998568 
0.7635270541082164 0.02256518606745439 
0.7655310621242485 0.022100039301127694 
0.7675350701402806 0.02106453664387049 
0.7695390781563125 0.019532484348359087 
0.7715430861723446 0.017609754967129475 
0.7735470941883766 0.015424340180551083 
0.7755511022044087 0.013115062200623306 
0.7775551102204408 0.010819911426636724 
0.7795591182364728 0.008664978151424434 
0.7815631262525049 0.006754866229070598 
0.783567134268537 0.0051653254296832665 
0.785571142284569 0.003938631180215422 
0.7875751503006011 0.003081994376657284 
0.7895791583166332 0.002569021521661337 
0.7915831663326652 0.0023439890032257715 
0.7935871743486973 0.0023284662285632945 
0.7955911823647294 0.0024296390701976367 
0.7975951903807614 0.0025495618463192513 
0.7995991983967935 0.0025945115994491412 
0.8016032064128256 0.002483635481106771 
0.8036072144288576 0.002156167205234655 
0.8056112224448897 0.0015766327329446942 
0.8076152304609218 0.0007376547581905863 
0.8096192384769538 -0.000339817135143188 
0.8116232464929859 -0.0016087978147192954 
0.813627254509018 -0.0030008114646073217 
0.81563126252505 -0.0044322357144911595 
0.8176352705410821 -0.005811848473060737 
0.8196392785571142 -0.0070488935648081895 
0.8216432865731462 -0.008060954891750382 
0.8236472945891783 -0.008780964065294364 
0.8256513026052104 -0.009162758633369307 
0.8276553106212424 -0.009184747763112917 
0.8296593186372745 -0.008851416300061704 
0.8316633266533066 -0.008192590677098563 
0.8336673346693386 -0.0072605841787504715 
0.8356713426853707 -0.006125517875796196 
0.8376753507014028 -0.004869262163494118 
0.8396793587174348 -0.0035785502750930957 
0.8416833667334669 -0.0023378713442223924 
0.843687374749499 -0.0012227530314785106 
0.845691382765531 -0.0002939936066492531 
0.8476953907815631 0.0004066936128616166 
0.8496993987975952 0.0008592948265762901 
0.8517034068136272 0.0010661996315698427 
0.8537074148296593 0.0010509937862562796 
0.8557114228456913 0.0008555050535370514 
0.8577154308617234 0.0005354121694663548 
0.8597194388777555 0.0001548418800278082 
0.8617234468937875 -0.0002195462607733112 
0.8637274549098196 -0.0005244585100787786 
0.8657314629258517 -0.000705338024786834 
0.8677354709418837 -0.0007207595968517376 
0.8697394789579158 -0.000545499045688836 
0.8717434869739479 -0.00017205613213852315 
0.8737474949899798 0.0003894461841214868 
0.8757515030060119 0.0011129163261596926 
0.877755511022044 0.001959295719719307 
0.879759519038076 0.002880585578800084 
0.8817635270541081 0.003824493557918692 
0.8837675350701402 0.00473924995264885 
0.8857715430861722 0.005578139772540979 
0.8877755511022043 0.006303334840758349 
0.8897795591182364 0.006888684997030092 
0.8917835671342684 0.007321232191876855 
0.8937875751503005 0.007601335936925287 
0.8957915831663326 0.007741431770417394 
0.8977955911823646 0.00776357405034087 
0.8997995991983967 0.0076960288924473414 
0.9018036072144288 0.007569272270181359 
0.9038076152304608 0.007411804350318129 
0.9058116232464929 0.007246209182023117 
0.907815631262525 0.007085867387893913 
0.909819639278557 0.006932670484758164 
0.9118236472945891 0.006775994123916747 
0.9138276553106212 0.006593071919076902 
0.9158316633266532 0.0063507817548065365 
0.9178356713426853 0.006008723890791934 
0.9198396793587174 0.005523346401037048 
0.9218436873747494 0.004852769383648876 
0.9238476953907815 0.0039618841709866 
0.9258517034068136 0.002827264266391318 
0.9278557114228456 0.0014414247531089306 
0.9298597194388777 -0.0001839930199204904 
0.9318637274549098 -0.0020164573981711134 
0.9338677354709418 -0.004002440404950597 
0.9358717434869739 -0.006069075875686138 
0.937875751503006 -0.008127544417353237 
0.939879759519038 -0.010078003792980008 
0.9418837675350701 -0.011815750366086203 
0.9438877755511021 -0.0132381863197783 
0.9458917835671342 -0.014252087752705535 
0.9478957915831663 -0.014780627299163927 
0.9498997995991983 -0.014769605510810385 
0.9519038076152304 -0.01419238848400734 
0.9539078156312625 -0.013053132395928611 
0.9559118236472945 -0.01138799287103888 
0.9579158316633266 -0.009264159895925527 
0.9599198396793587 -0.006776716759097788 
0.9619238476953907 -0.004043482408561109 
0.9639278557114228 -0.0011981485571555268 
0.9659318637274549 0.0016178457196467768 
0.9679358717434869 0.004264158336748902 
0.969939879759519 0.006610501585133089 
0.9719438877755511 0.00854508775080024 
0.9739478957915831 0.009981964587555587 
0.9759519038076151 0.010866712465352165 
0.9779559118236472 0.011180084235813735 
0.9799599198396792 0.010939309443251506 
0.9819639278557113 0.010196946475808788 
0.9839679358717434 0.009037338008437566 
0.9859719438877754 0.0075708942886482415 
0.9879759519038075 0.005926583253109037 
0.9899799599198396 0.004243134962075044 
0.9919839679358716 0.0026595610668001092 
0.9939879759519037 0.0013056411688960048 
0.9959919839679358 0.00029303318932168994 
0.9979959919839678 -0.0002923762722157472 
1.0 -0.000396350323315888 
