xdata ydata 
0.0 0.25122572 
0.002004008016032064 0.25090883805611225 
0.004008016032064128 0.25060343096192383 
0.0060120240480961915 0.25092206927855715 
0.008016032064128256 0.2512306530861724 
0.01002004008016032 0.2509075291382765 
0.012024048096192383 0.25059318785571144 
0.014028056112224447 0.2509238682765531 
0.01603206412825651 0.25124687995991984 
0.018036072144288574 0.25090492579158313 
0.02004008016032064 0.25056980815631263 
0.022044088176352703 0.2509278272945892 
0.024048096192384766 0.25127931310621243 
0.026052104208416832 0.2508986628857715 
0.028056112224448895 0.2505252383967936 
0.03006012024048096 0.25093823268537074 
0.03206412825651302 0.25134130713426855 
0.03406813627254509 0.250880126753507 
0.03607214428857715 0.2504360349498998 
0.038076152304609215 0.2509747594789579 
0.04008016032064128 0.25147744821643286 
0.04208416833667334 0.2507954282765531 
0.044088176352705406 0.250207931002004 
0.04609218436873747 0.25124315386773544 
0.04809619238476953 0.251871476993988 
0.0501002004008016 0.24826685511022045 
0.052104208416833664 0.24035233885771543 
0.05410821643286573 0.23241763781563124 
0.05611222444889779 0.22780991380761523 
0.058116232464929855 0.22608180206412826 
0.06012024048096192 0.2260769296993988 
0.06212424849699398 0.2284039573346693 
0.06412825651302605 0.23305644721442884 
0.06613226452905811 0.23747851446893786 
0.06813627254509018 0.23963734621242486 
0.07014028056112225 0.24125739170340682 
0.0721442885771543 0.24540125084168335 
0.07414829659318636 0.2519240685170341 
0.07615230460921843 0.257884928256513 
0.0781563126252505 0.26200906611222446 
0.08016032064128256 0.26627583529058113 
0.08216432865731463 0.272768565511022 
0.08416833667334668 0.2809222525250501 
0.08617234468937875 0.2887170801002004 
0.08817635270541081 0.29532025921843685 
0.09018036072144288 0.30157517264529055 
0.09218436873747494 0.30851288643286573 
0.09418837675350701 0.3162398934468938 
0.09619238476953906 0.3241507015831663 
0.09819639278557113 0.3316198030460921 
0.1002004008016032 0.33824812769539075 
0.10220440881763526 0.3436373922845692 
0.10420841683366733 0.347299283246493 
0.1062124248496994 0.3490635495791583 
0.10821643286573146 0.3494850922244489 
0.11022044088176351 0.34951603420841687 
0.11222444889779558 0.34968235521042085 
0.11422845691382764 0.34974276184368736 
0.11623246492985971 0.3490697796593186 
0.11823647294589178 0.34706688771543087 
0.12024048096192384 0.34332982198396794 
0.1222444889779559 0.33789499883767543 
0.12424849699398796 0.331411118236473 
0.12625250501002003 0.3246597008016032 
0.1282565130260521 0.3178334118036072 
0.13026052104208416 0.3106508851503006 
0.13226452905811623 0.30311294058116234 
0.1342685370741483 0.29555594855711426 
0.13627254509018036 0.28791155478957914 
0.13827655310621242 0.27965054725450905 
0.1402805611222445 0.27077943909819635 
0.14228456913827653 0.26223901014028067 
0.1442885771543086 0.2548097997795592 
0.14629258517034066 0.24808971020040083 
0.14829659318637273 0.24109750735470944 
0.1503006012024048 0.2335491275150301 
0.15230460921843686 0.22599564583166334 
0.15430861723446893 0.2189957213426854 
0.156312625250501 0.21281986130260525 
0.15831663326653306 0.2078634766533066 
0.16032064128256512 0.20459262020040078 
0.1623246492985972 0.2028233406813627 
0.16432865731462926 0.20160285815631263 
0.16633266533066132 0.20024294549098196 
0.16833667334669336 0.199191668997996 
0.17034068136272543 0.19945850629258516 
0.1723446893787575 0.20136507891783564 
0.17434869739478956 0.20438726603206409 
0.17635270541082163 0.20819271795591182 
0.1783567134268537 0.21315513490981963 
0.18036072144288576 0.2195308521843687 
0.18236472945891782 0.22674361400801601 
0.1843687374749499 0.23411373701402802 
0.18637274549098196 0.24190667865731466 
0.18837675350701402 0.25089145725450906 
0.1903807615230461 0.26106423631262526 
0.19238476953907813 0.2716700833667333 
0.1943887775551102 0.2824225286773546 
0.19639278557114226 0.29367339498997985 
0.19839679358717432 0.30516170835671336 
0.2004008016032064 0.31567000132264517 
0.20240480961923846 0.32444427308617224 
0.20440881763527052 0.33199135448897793 
0.2064128256513026 0.3387776005611222 
0.20841683366733466 0.344078261503006 
0.21042084168336672 0.3471096145891784 
0.2124248496993988 0.3485838762725451 
0.21442885771543085 0.34995764168336674 
0.21643286573146292 0.3515174455711423 
0.21843687374749496 0.3523338270541082 
0.22044088176352702 0.3518861058116233 
0.2224448897795591 0.35061337565130263 
0.22444889779559116 0.3489220606012024 
0.22645290581162322 0.3467671433466934 
0.2284569138276553 0.344406710741483 
0.23046092184368736 0.3426702103807615 
0.23246492985971942 0.3422302065731463 
0.2344689378757515 0.3432758842885772 
0.23647294589178355 0.3459604743887776 
0.23847695390781562 0.3504053476553106 
0.24048096192384769 0.3561895027254509 
0.24248496993987975 0.36266230248496995 
0.2444889779559118 0.36992717635270533 
0.24649298597194386 0.37871576286573133 
0.24849699398797592 0.38909651006012014 
0.250501002004008 0.4001435889579158 
0.25250501002004005 0.41116321444889764 
0.2545090180360721 0.42239162801603203 
0.2565130260521042 0.4340611348697396 
0.25851703406813625 0.4455961580961923 
0.2605210420841683 0.4563168149098196 
0.2625250501002004 0.46624280685370734 
0.26452905811623245 0.47550494917835673 
0.2665330661322645 0.4835211953907815 
0.2685370741482966 0.48961562434869743 
0.27054108216432865 0.4942369098797595 
0.2725450901803607 0.4987828719238477 
0.2745490981963928 0.5041464378757516 
0.27655310621242485 0.5099404575551102 
0.2785571142284569 0.5152352291983969 
0.280561122244489 0.519607482765531 
0.282565130260521 0.5232213666933868 
0.28456913827655306 0.5261683701202404 
0.2865731462925851 0.5282014526252504 
0.2885771543086172 0.5293344668136272 
0.29058116232464926 0.5304346979759519 
0.2925851703406813 0.5326604620440881 
0.2945891783567134 0.5361125515631262 
0.29659318637274545 0.539523245751503 
0.2985971943887775 0.5416998900601202 
0.3006012024048096 0.5428668038476954 
0.30260521042084165 0.5440043273346693 
0.3046092184368737 0.5452813763727454 
0.3066132264529058 0.5460784576152304 
0.30861723446893785 0.5464486929659318 
0.3106212424849699 0.5474301251503005 
0.312625250501002 0.5495224792585169 
0.31462925851703405 0.5517455057915832 
0.3166332665330661 0.5527914620641282 
0.3186372745490982 0.5524424986172345 
0.32064128256513025 0.5512160236072144 
0.3226452905811623 0.5492213486372746 
0.3246492985971944 0.5462452978957916 
0.32665330661322645 0.5426627057114228 
0.3286573146292585 0.539290682745491 
0.3306613226452906 0.536220694769539 
0.33266533066132264 0.5325551285571142 
0.33466933867735466 0.5276497950901804 
0.3366733466933867 0.5221203447895794 
0.3386773547094188 0.5171902859118237 
0.34068136272545085 0.5133241998396795 
0.3426853707414829 0.5099597181362726 
0.344689378757515 0.506499673486974 
0.34669338677354705 0.5031014872545091 
0.3486973947895791 0.500337240501002 
0.3507014028056112 0.4984328337675351 
0.35270541082164325 0.4971731573547094 
0.3547094188376753 0.49640416585170344 
0.3567134268537074 0.49625728266533065 
0.35871743486973945 0.4968208769739479 
0.3607214428857715 0.4978078709018036 
0.3627254509018036 0.4986068345490982 
0.36472945891783565 0.4985907166933868 
0.3667334669338677 0.49755307238476953 
0.3687374749498998 0.4960719992585171 
0.37074148296593185 0.495163861503006 
0.3727454909819639 0.49507746168336675 
0.374749498997996 0.494622430761523 
0.37675350701402804 0.49237837953907815 
0.3787575150300601 0.4885031768537074 
0.3807615230460922 0.48449163967935865 
0.38276553106212424 0.48106928663326654 
0.38476953907815625 0.477436590981964 
0.3867735470941883 0.47307970014028067 
0.3887775551102204 0.4691848906613227 
0.39078156312625245 0.4672729780961924 
0.3927855711422845 0.4671887158717435 
0.3947895791583166 0.46748422613226454 
0.39679358717434865 0.4672239179759519 
0.3987975951903807 0.4663715449298597 
0.4008016032064128 0.46499179162324655 
0.40280561122244485 0.4634036548897796 
0.4048096192384769 0.46278832521042085 
0.406813627254509 0.46414536434869735 
0.40881763527054105 0.4665777271543086 
0.4108216432865731 0.467974523747495 
0.4128256513026052 0.4676316547895792 
0.41482965931863724 0.46691208338677354 
0.4168336673346693 0.4669838963927856 
0.4188376753507014 0.4672878108016032 
0.42084168336673344 0.46690239895791585 
0.4228456913827655 0.46613429699398795 
0.4248496993987976 0.4657142485771543 
0.42685370741482964 0.4653339095190381 
0.4288577154308617 0.46413994244488976 
0.4308617234468938 0.4621281571543086 
0.43286573146292584 0.4599492041282566 
0.4348697394789579 0.4576659978156313 
0.4368737474949899 0.454784646492986 
0.438877755511022 0.4514390433466935 
0.44088176352705405 0.44854549861723453 
0.4428857715430861 0.4465752193186373 
0.4448897795591182 0.444899092244489 
0.44689378757515025 0.44262328062124257 
0.4488977955911823 0.4395462902605211 
0.4509018036072144 0.43602107505010024 
0.45290581162324645 0.4323089427655311 
0.4549098196392785 0.4284142580961924 
0.4569138276553106 0.42428608496993997 
0.45891783567134264 0.4198261140480962 
0.4609218436873747 0.4148007065330662 
0.4629258517034068 0.4090601718236473 
0.46492985971943884 0.4028976847494991 
0.4669338677354709 0.39699803615230467 
0.468937875751503 0.39191147202404814 
0.47094188376753504 0.3876087665531063 
0.4729458917835671 0.38353568440881763 
0.4749498997995992 0.37897176617234474 
0.47695390781563124 0.37335372707414827 
0.4789579158316633 0.36658772533066136 
0.48096192384769537 0.3593317423046092 
0.48296593186372744 0.3527279574148297 
0.4849699398797595 0.34737392390781563 
0.48697394789579157 0.3425932642084168 
0.4889779559118236 0.3372105888376755 
0.49098196392785565 0.3310777444889781 
0.4929859719438877 0.3252668648496996 
0.4949899799599198 0.3206401171142285 
0.49699398797595185 0.31694778957915837 
0.4989979959919839 0.31369947687374755 
0.501002004008016 0.31116031406813627 
0.503006012024048 0.3097682846693387 
0.5050100200400801 0.3090989123647295 
0.5070140280561122 0.3082832028456914 
0.5090180360721442 0.3072068974549098 
0.5110220440881763 0.30646378837675353 
0.5130260521042084 0.3062129552905812 
0.5150300601202404 0.3058911780561122 
0.5170340681362725 0.3051542711623247 
0.5190380761523046 0.3044336708016032 
0.5210420841683366 0.30434800833667336 
0.5230460921843687 0.30498338402805614 
0.5250501002004008 0.3058509018036072 
0.5270541082164328 0.30624639370741485 
0.5290581162324649 0.30575158114228457 
0.531062124248497 0.30476925695390783 
0.533066132264529 0.30437594629258513 
0.5350701402805611 0.30513678110220444 
0.5370741482965932 0.30626447505010024 
0.5390781563126252 0.30657114234468935 
0.5410821643286573 0.3060617686973948 
0.5430861723446894 0.3057820628657315 
0.5450901803607214 0.3061190280961924 
0.5470941883767535 0.30617668845691387 
0.5490981963927856 0.3051155046693386 
0.5511022044088176 0.30330885771543087 
0.5531062124248497 0.30166522156312625 
0.5551102204408818 0.3003403887775551 
0.5571142284569138 0.2986933453907815 
0.5591182364729459 0.2962838675951903 
0.561122244488978 0.2934526407014028 
0.56312625250501 0.29091800056112216 
0.565130260521042 0.28902266432865736 
0.567134268537074 0.287448210981964 
0.5691382765531061 0.28567241977955926 
0.5711422845691382 0.28363635995991987 
0.5731462925851702 0.2817229427054109 
0.5751503006012023 0.2800374628456915 
0.5771543086172344 0.27813385176352706 
0.5791583166332664 0.2757080273346694 
0.5811623246492985 0.273107450220441 
0.5831663326653306 0.2707606920841684 
0.5851703406813626 0.2686027868537075 
0.5871743486973947 0.2666301305410822 
0.5891783567134268 0.2654943551903808 
0.5911823647294588 0.2656828947695391 
0.5931863727454909 0.26640062320641283 
0.595190380761523 0.2661995361523046 
0.597194388777555 0.2646613566533067 
0.5991983967935871 0.2626371351703407 
0.6012024048096192 0.26084665342685376 
0.6032064128256512 0.25905524324649304 
0.6052104208416833 0.25668494002004016 
0.6072144288577154 0.25347959887775556 
0.6092184368737474 0.24949677248497004 
0.6112224448897795 0.245151736472946 
0.6132264529058116 0.24128860434869737 
0.6152304609218436 0.23845169505010022 
0.6172344689378757 0.23605447102204416 
0.6192384769539078 0.23304465507014024 
0.6212424849699398 0.22937862114228458 
0.6232464929859719 0.22591885637274553 
0.625250501002004 0.22282575386773557 
0.627254509018036 0.21918023961923844 
0.6292585170340681 0.2145645378957916 
0.6312625250501002 0.20992536599198405 
0.6332665330661322 0.20618518476953915 
0.6352705410821643 0.20280834587174346 
0.6372745490981964 0.19852202222444892 
0.6392785571142284 0.19293381290581174 
0.6412825651302605 0.18674843701402793 
0.6432865731462926 0.18079339244488973 
0.6452905811623246 0.1754993673146293 
0.6472945891783567 0.17106620180360715 
0.6492985971943888 0.16745372012024043 
0.6513026052104208 0.1641826731462926 
0.6533066132264529 0.16055974484969945 
0.655310621242485 0.15620655693386762 
0.657314629258517 0.15125700689378752 
0.6593186372745491 0.1460997345290581 
0.6613226452905812 0.14102138460921845 
0.6633266533066132 0.13604939587174336 
0.6653306613226453 0.13112810545090176 
0.6673346693386772 0.12643299274549125 
0.6693386773547093 0.12226714845691392 
0.6713426853707414 0.11850577783567147 
0.6733466933867734 0.1145461274749501 
0.6753507014028055 0.11020577058116245 
0.6773547094188376 0.10627854597194397 
0.6793587174348696 0.10357733897795598 
0.6813627254509017 0.10168137641282575 
0.6833667334669338 0.09936786098196396 
0.6853707414829658 0.0962141453507015 
0.6873747494989979 0.09307179991983978 
0.68937875751503 0.09092539751503013 
0.691382765531062 0.08990255561122246 
0.6933867735470941 0.08944648947895793 
0.6953907815631262 0.08887657987975957 
0.6973947895791582 0.08773697208416836 
0.6993987975951903 0.08614840126252507 
0.7014028056112224 0.0848633392184369 
0.7034068136272544 0.08450370394789579 
0.7054108216432865 0.08481499643286573 
0.7074148296593186 0.08516859791583166 
0.7094188376753506 0.08560947486973947 
0.7114228456913827 0.08675558438877756 
0.7134268537074148 0.08880952585170339 
0.7154308617234468 0.09138973246492979 
0.7174348697394789 0.09425628376753496 
0.719438877755511 0.09750861042084169 
0.721442885771543 0.10118827022044083 
0.7234468937875751 0.10541469094188363 
0.7254509018036072 0.11070822074148294 
0.7274549098196392 0.11728584438877754 
0.7294589178356713 0.12420868853707404 
0.7314629258517034 0.13029934731462908 
0.7334669338677354 0.13589530911823652 
0.7354709418837675 0.14254283376753504 
0.7374749498997996 0.1507890264128255 
0.7394789579158316 0.15947220242484986 
0.7414829659318637 0.1675894466533067 
0.7434869739478958 0.1756959817434869 
0.7454909819639278 0.18474974178356693 
0.7474949899799599 0.19446181793587192 
0.749498997995992 0.20363695390781567 
0.751503006012024 0.21164763154308608 
0.7535070140280561 0.21889250032064134 
0.7555110220440882 0.2261026020040081 
0.7575150300601202 0.2336718396793587 
0.7595190380761523 0.2414651808817634 
0.7615230460921844 0.24909438034068157 
0.7635270541082164 0.25673048895791595 
0.7655310621242485 0.2656735045891783 
0.7675350701402806 0.27741633551102185 
0.7695390781563125 0.2918375793987971 
0.7715430861723446 0.3070444757114221 
0.7735470941883766 0.32157378755510935 
0.7755511022044087 0.3361546753707412 
0.7775551102204408 0.352494028657314 
0.7795591182364728 0.37065783242484873 
0.7815631262525049 0.38867457553106155 
0.783567134268537 0.40489996272545054 
0.785571142284569 0.4198179834268531 
0.7875751503006011 0.43482818949899715 
0.7895791583166332 0.4499699760120238 
0.7915831663326652 0.46405078523046056 
0.7935871743486973 0.47682189280561066 
0.7955911823647294 0.48940874717434796 
0.7975951903807614 0.5019547262525048 
0.7995991983967935 0.5124542207014026 
0.8016032064128256 0.5194320382164326 
0.8036072144288576 0.5247290870941883 
0.8056112224448897 0.5318690509819638 
0.8076152304609218 0.5424586331663322 
0.8096192384769538 0.5562028870741479 
0.8116232464929859 0.5736543206613225 
0.813627254509018 0.5961125613226447 
0.81563126252505 0.6228840992985961 
0.8176352705410821 0.6517483080561123 
0.8196392785571142 0.6827284942084165 
0.8216432865731462 0.7182189245490972 
0.8236472945891783 0.7581762425250484 
0.8256513026052104 0.7983310503807616 
0.8276553106212424 0.8349521432464925 
0.8296593186372745 0.8684937226052094 
0.8316633266533066 0.9004486324849695 
0.8336673346693386 0.9294806977955912 
0.8356713426853707 0.9533384066933864 
0.8376753507014028 0.9721042135270539 
0.8396793587174348 0.9866296452705412 
0.8416833667334669 0.9959177059519038 
0.843687374749499 0.999064259498998 
0.845691382765531 0.9977795805611223 
0.8476953907815631 0.9938465600801604 
0.8496993987975952 0.9860100943687375 
0.8517034068136272 0.9727250884969944 
0.8537074148296593 0.9561004159719436 
0.8557114228456913 0.9393847335671343 
0.8577154308617234 0.92213156743487 
0.8597194388777555 0.9018890126853708 
0.8617234468937875 0.8795450819438875 
0.8637274549098196 0.8588636118036073 
0.8657314629258517 0.8413631467735474 
0.8677354709418837 0.8256309079158313 
0.8697394789579158 0.8113790847294589 
0.8717434869739479 0.8003366245891784 
0.8737474949899798 0.7929638624248498 
0.8757515030060119 0.7874310539879761 
0.877755511022044 0.78189954743487 
0.879759519038076 0.7753241574749504 
0.8817635270541081 0.7666781163126255 
0.8837675350701402 0.755943349639279 
0.8857715430861722 0.7448698445691389 
0.8877755511022043 0.7343260446893792 
0.8897795591182364 0.7224600076953911 
0.8917835671342684 0.7079549883166338 
0.8937875751503005 0.6928790834068144 
0.8957915831663326 0.6796123329058118 
0.8977955911823646 0.6678651274749502 
0.8997995991983967 0.657723445631263 
0.9018036072144288 0.6517289251302606 
0.9038076152304608 0.6500718222244489 
0.9058116232464929 0.6482736712625251 
0.907815631262525 0.6443850335871745 
0.909819639278557 0.6433155384569138 
0.9118236472945891 0.6483437525651301 
0.9138276553106212 0.6543147747695389 
0.9158316633266532 0.656265702244489 
0.9178356713426853 0.6579875870741483 
0.9198396793587174 0.6632008043286571 
0.9218436873747494 0.6656483639679359 
0.9238476953907815 0.6589997113426854 
0.9258517034068136 0.6489332600200403 
0.9278557114228456 0.6420436521843689 
0.9298597194388777 0.6308914449699407 
0.9318637274549098 0.606487576753507 
0.9338677354709418 0.5770809469739483 
0.9358717434869739 0.5538302910220447 
0.937875751503006 0.5263673244689375 
0.939879759519038 0.47974895386773564 
0.9418837675350701 0.42881265406813707 
0.9438877755511021 0.3986766187775556 
0.9458917835671342 0.36961775519038037 
0.9478957915831663 0.2870412804809627 
0.9498997995991983 0.14513943134268859 
0.9519038076152304 0.018144706813626146 
0.9539078156312625 0.0 
0.9559118236472945 0.0 
0.9579158316633266 0.013700528637274561 
0.9599198396793587 0.0010265902805608297 
0.9619238476953907 0.0 
0.9639278557114228 0.0 
0.9659318637274549 0.007598604348697396 
0.9679358717434869 0.0002408644488976545 
0.969939879759519 0.0 
0.9719438877755511 0.0 
0.9739478957915831 0.005595684488977955 
0.9759519038076151 7.037819639292313e-05 
0.9779559118236472 0.0 
0.9799599198396792 2.795118236456662e-05 
0.9819639278557113 0.004683362545090187 
0.9839679358717434 3.70148296594348e-05 
0.9859719438877754 0.0 
0.9879759519038075 5.7827354709319026e-05 
0.9899799599198396 0.004242212124248501 
0.9919839679358716 2.0439438877892245e-05 
0.9939879759519037 0.0 
0.9959919839679358 7.50038076151375e-05 
0.9979959919839678 0.004077959078156313 
1.0 0.0 
