xdata ydata 
0.0 0.25375316 
0.002004008016032064 0.2535264808416834 
0.004008016032064128 0.25337378991983966 
0.0060120240480961915 0.25360200929859716 
0.008016032064128256 0.25375775040080156 
0.01002004008016032 0.25352497440881766 
0.012024048096192383 0.2533643541883768 
0.014028056112224447 0.25360509597194386 
0.01603206412825651 0.2537726049098196 
0.018036072144288574 0.2535197221242485 
0.02004008016032064 0.25334308176352704 
0.022044088176352703 0.25361347845691384 
0.024048096192384766 0.25380189637274553 
0.026052104208416832 0.25350654579158316 
0.028056112224448895 0.25330316617234466 
0.03006012024048096 0.25363456492985975 
0.03206412825651302 0.25385677805611223 
0.03406813627254509 0.2534711777154309 
0.03607214428857715 0.2532257619639279 
0.038076152304609215 0.25369922482965934 
0.04008016032064128 0.2539705182765531 
0.04208416833667334 0.2533335519839679 
0.044088176352705406 0.2530528438276553 
0.04609218436873747 0.2540956370741483 
0.04809619238476953 0.25407117975951904 
0.0501002004008016 0.24942364308617235 
0.052104208416833664 0.24063871665330658 
0.05410821643286573 0.23235803993987975 
0.05611222444889779 0.22786798635270542 
0.058116232464929855 0.22634768521042084 
0.06012024048096192 0.22631946432865732 
0.06212424849699398 0.22846874154308616 
0.06412825651302605 0.23309076751503005 
0.06613226452905811 0.2376514198196393 
0.06813627254509018 0.23984784563126252 
0.07014028056112225 0.24134823955911824 
0.0721442885771543 0.245463894248497 
0.07414829659318636 0.25211111150300597 
0.07615230460921843 0.2581031510420842 
0.0781563126252505 0.2621052312024048 
0.08016032064128256 0.26635078270541085 
0.08216432865731463 0.2729835121242485 
0.08416833667334668 0.281167412264529 
0.08617234468937875 0.2888133722645291 
0.08817635270541081 0.2953766410821643 
0.09018036072144288 0.3017892796993988 
0.09218436873747494 0.3087885941482966 
0.09418837675350701 0.31637272366733465 
0.09619238476953906 0.32422406204408816 
0.09819639278557113 0.3318341734068136 
0.1002004008016032 0.33852068781563127 
0.10220440881763526 0.34376465306613224 
0.10420841683366733 0.3473621277755511 
0.1062124248496994 0.3492719853507014 
0.10821643286573146 0.3497696071342685 
0.11022044088176351 0.3496716162725451 
0.11222444889779558 0.3497722273747495 
0.11422845691382764 0.349959368256513 
0.11623246492985971 0.34934018094188374 
0.11823647294589178 0.34719801340681367 
0.12024048096192384 0.3434022841482966 
0.1222444889779559 0.3381102208416834 
0.12424849699398796 0.3316900434669339 
0.12625250501002003 0.32479559655310625 
0.1282565130260521 0.3178996580761523 
0.13026052104208416 0.31085279302605207 
0.13226452905811623 0.3033778876753507 
0.1342685370741483 0.2956772734869739 
0.13627254509018036 0.2879586063126252 
0.13827655310621242 0.2798301215430862 
0.1402805611222445 0.2710285963326653 
0.14228456913827653 0.26235776509018044 
0.1442885771543086 0.2548592139679359 
0.14629258517034066 0.24825936545090183 
0.14829659318637273 0.24131875611222445 
0.1503006012024048 0.2336363025250501 
0.15230460921843686 0.22602821048096194 
0.15430861723446893 0.2191669589779559 
0.156312625250501 0.21305198651302606 
0.15831663326653306 0.20796164210420842 
0.16032064128256512 0.2046292564729459 
0.1623246492985972 0.2029833972745491 
0.16432865731462926 0.2018069145490982 
0.16633266533066132 0.20031105050100198 
0.16833667334669336 0.19921635208416832 
0.17034068136272543 0.19962718783567132 
0.1723446893787575 0.20158246022044088 
0.17434869739478956 0.20446241517034064 
0.17635270541082163 0.2082235047094188 
0.1783567134268537 0.2133355227054108 
0.18036072144288576 0.21976027004008014 
0.18236472945891782 0.22682438320641282 
0.1843687374749499 0.23414871537074153 
0.18637274549098196 0.2420996747094189 
0.18837675350701402 0.25114225579158317 
0.1903807615230461 0.26116675316633275 
0.19238476953907813 0.2717215862925851 
0.1943887775551102 0.2826271680761522 
0.19639278557114226 0.29393132478957906 
0.19839679358717432 0.3052663272344689 
0.2004008016032064 0.3157218370741483 
0.20240480961923846 0.32465324388777556 
0.20440881763527052 0.33225816753507015 
0.2064128256513026 0.3388896324248497 
0.20841683366733466 0.344132821503006 
0.21042084168336672 0.3473236763527054 
0.2124248496993988 0.34886916202404805 
0.21442885771543085 0.35010198348697397 
0.21643286573146292 0.3516034975751503 
0.21843687374749496 0.35256251058116234 
0.22044088176352702 0.35216856094188376 
0.2224448897795591 0.35075104230460924 
0.22444889779559116 0.34900845358717436 
0.22645290581162322 0.3470024528056112 
0.2284569138276553 0.34469869064128256 
0.23046092184368736 0.34282324807615233 
0.23246492985971942 0.34234068492985975 
0.2344689378757515 0.3435370166332665 
0.23647294589178355 0.346267730741483 
0.23847695390781562 0.35055860845691383 
0.24048096192384769 0.35629183941883774 
0.24248496993987975 0.36291720156312623 
0.2444889779559118 0.37023731226452894 
0.24649298597194386 0.3788825177955911 
0.24849699398797592 0.38921758703406806 
0.250501002004008 0.40041424811623244 
0.25250501002004005 0.41148450258517016 
0.2545090180360721 0.422571482745491 
0.2565130260521042 0.4342005378757514 
0.25851703406813625 0.4458838193386774 
0.2605210420841683 0.4566481665731463 
0.2625250501002004 0.4664313453306614 
0.26452905811623245 0.4756596081162325 
0.2665330661322645 0.4838282481563127 
0.2685370741482966 0.48996439755511023 
0.27054108216432865 0.49444493623246494 
0.2725450901803607 0.4989665285170341 
0.2745490981963928 0.5044852844288578 
0.27655310621242485 0.510306841963928 
0.2785571142284569 0.5154419472745491 
0.280561122244489 0.5197842840681364 
0.282565130260521 0.5235602414629258 
0.28456913827655306 0.5265404605410822 
0.2865731462925851 0.5284151488577155 
0.2885771543086172 0.5295229976753507 
0.29058116232464926 0.5307939123046092 
0.2925851703406813 0.5330546153907815 
0.2945891783567134 0.5363376370541082 
0.29659318637274545 0.5397087083366733 
0.2985971943887775 0.5420502618637274 
0.3006012024048096 0.5432578609218437 
0.30260521042084165 0.5442355872745491 
0.3046092184368737 0.5454765867134268 
0.3066132264529058 0.5464357478356714 
0.30861723446893785 0.5468449715831664 
0.3106212424849699 0.5476702247895792 
0.312625250501002 0.5497286633066133 
0.31462925851703405 0.552106484749499 
0.3166332665330661 0.5531800696593185 
0.3186372745490982 0.5526722834468938 
0.32064128256513025 0.5514184235470942 
0.3226452905811623 0.5495822767134269 
0.3246492985971944 0.5466306695991983 
0.32665330661322645 0.5428879556112224 
0.3286573146292585 0.5394922431062125 
0.3306613226452906 0.5365796118637275 
0.33266533066132264 0.5329287079358717 
0.33466933867735466 0.5278573597795592 
0.3366733466933867 0.5223123084368738 
0.3386773547094188 0.5175504058717435 
0.34068136272545085 0.5136980238076153 
0.3426853707414829 0.5101594704809619 
0.344689378757515 0.5066807527655312 
0.34669338677354705 0.5034548115631263 
0.3486973947895791 0.5007089028857715 
0.3507014028056112 0.4986321530661323 
0.35270541082164325 0.49735409501002004 
0.3547094188376753 0.4967565533466934 
0.3567134268537074 0.4966259563727455 
0.35871743486973945 0.49701593937875754 
0.3607214428857715 0.49798412350701404 
0.3627254509018036 0.4989519486773547 
0.36472945891783565 0.49894896915831666 
0.3667334669338677 0.49774167765531063 
0.3687374749498998 0.4962532639478958 
0.37074148296593185 0.49551911501002005 
0.3727454909819639 0.49543395683366737 
0.374749498997996 0.49479058711422846 
0.37675350701402804 0.4925343768136273 
0.3787575150300601 0.48884741551102195 
0.3807615230460922 0.4848545714829659 
0.38276553106212424 0.4812480744088176 
0.38476953907815625 0.4775948613627255 
0.3867735470941883 0.47341883084168346 
0.3887775551102204 0.4695454381162325 
0.39078156312625245 0.4674573414428858 
0.3927855711422845 0.46735261272545087 
0.3947895791583166 0.4678154881763527 
0.39679358717434865 0.46756090086172347 
0.3987975951903807 0.46653209897795594 
0.4008016032064128 0.4651513734068137 
0.40280561122244485 0.46375514795591183 
0.4048096192384769 0.46315545679358716 
0.406813627254509 0.4643233167735471 
0.40881763527054105 0.46672854328657315 
0.4108216432865731 0.46829780288577155 
0.4128256513026052 0.467973391002004 
0.41482965931863724 0.46708508865731463 
0.4168336673346693 0.46714601633266534 
0.4188376753507014 0.467620114248497 
0.42084168336673344 0.4672424758917836 
0.4228456913827655 0.46630390715430864 
0.4248496993987976 0.4658778760721443 
0.42685370741482964 0.46566458537074146 
0.4288577154308617 0.464468272004008 
0.4308617234468938 0.46228501991983967 
0.43286573146292584 0.46011075364729453 
0.4348697394789579 0.4580008743486974 
0.4368737474949899 0.45511235116232474 
0.438877755511022 0.45159251853707416 
0.44088176352705405 0.44871030825651304 
0.4428857715430861 0.4469159378957916 
0.4448897795591182 0.44522024787575154 
0.44689378757515025 0.442755371002004 
0.4488977955911823 0.4396899503807616 
0.4509018036072144 0.43635273835671345 
0.45290581162324645 0.4326293510420842 
0.4549098196392785 0.42854478853707423 
0.4569138276553106 0.4244236143486974 
0.45891783567134264 0.4201465727254509 
0.4609218436873747 0.4151059392785571 
0.4629258517034068 0.4091779986973948 
0.46492985971943884 0.403032750741483 
0.4669338677354709 0.3973247013226453 
0.468937875751503 0.3922207153306613 
0.47094188376753504 0.3877193564529058 
0.4729458917835671 0.38364982422845695 
0.4749498997995992 0.37926487254509017 
0.47695390781563124 0.3736244321042084 
0.4789579158316633 0.3666730408016032 
0.48096192384769537 0.35944898248496987 
0.48296593186372744 0.35304346060120234 
0.4849699398797595 0.34765746541082165 
0.48697394789579157 0.3426640321242484 
0.4889779559118236 0.33729721198396806 
0.49098196392785565 0.3313704711422847 
0.4929859719438877 0.32554623200400806 
0.4949899799599198 0.32071792941883775 
0.49699398797595185 0.3170400376352706 
0.4989979959919839 0.31399032340681365 
0.501002004008016 0.3114322734669339 
0.503006012024048 0.30983697885771544 
0.5050100200400801 0.3091797339478958 
0.5070140280561122 0.3085576367334669 
0.5090180360721442 0.3074612014428858 
0.5110220440881763 0.3065230151903808 
0.5130260521042084 0.30629439204408815 
0.5150300601202404 0.30616636250501 
0.5170340681362725 0.30540371418837675 
0.5190380761523046 0.30449196813627255 
0.5210420841683366 0.3044408960521042 
0.5230460921843687 0.30527029124248495 
0.5250501002004008 0.3060926173747495 
0.5270541082164328 0.3062795829458918 
0.5290581162324649 0.30582631531062127 
0.531062124248497 0.30506176797595186 
0.533066132264529 0.3046385857114229 
0.5350701402805611 0.3051861074749499 
0.5370741482965932 0.3063396778757515 
0.5390781563126252 0.30685261965931865 
0.5410821643286573 0.3063142502004008 
0.5430861723446894 0.3058309950701403 
0.5450901803607214 0.30619870448897796 
0.5470941883767535 0.30645323669338675 
0.5490981963927856 0.30535105234468934 
0.5511022044088176 0.30334629593186374 
0.5531062124248497 0.30175262637274547 
0.5551102204408818 0.3006313432865731 
0.5571142284569138 0.29892797969939877 
0.5591182364729459 0.29630628931863723 
0.561122244488978 0.2935320557915831 
0.56312625250501 0.2912160222044088 
0.565130260521042 0.289264848977956 
0.567134268537074 0.2874665993386774 
0.5691382765531061 0.28574202338677357 
0.5711422845691382 0.2839279213426854 
0.5731462925851702 0.2819607887575151 
0.5751503006012023 0.28004932434869745 
0.5771543086172344 0.27819602366733476 
0.5791583166332664 0.27599354791583175 
0.5811623246492985 0.2733400244088177 
0.5831663326653306 0.27076938993987976 
0.5851703406813626 0.2686676873146293 
0.5871743486973947 0.26692324683366736 
0.5891783567134268 0.2657326173947896 
0.5911823647294588 0.2656895902805611 
0.5931863727454909 0.2664536093787575 
0.595190380761523 0.2664714670941884 
0.597194388777555 0.2648773965731463 
0.5991983967935871 0.26263571452905815 
0.6012024048096192 0.2609101176553107 
0.6032064128256512 0.2593390007214429 
0.6052104208416833 0.2568951372945891 
0.6072144288577154 0.2534597876953909 
0.6092184368737474 0.24955024138276558 
0.6112224448897795 0.24544082661322644 
0.6132264529058116 0.24150658350701412 
0.6152304609218436 0.23843054474949904 
0.6172344689378757 0.2360981718236473 
0.6192384769539078 0.23331982390781558 
0.6212424849699398 0.22958183392785578 
0.6232464929859719 0.2258876790180361 
0.625250501002004 0.2228659605811623 
0.627254509018036 0.21944990036072134 
0.6292585170340681 0.21475413523046097 
0.6312625250501002 0.20988206901803605 
0.6332665330661322 0.2062251585971943 
0.6352705410821643 0.2030797523647295 
0.6372745490981964 0.19869828168336673 
0.6392785571142284 0.19286670298597186 
0.6412825651302605 0.18677487761523026 
0.6432865731462926 0.18106719773547095 
0.6452905811623246 0.17567973683366728 
0.6472945891783567 0.17099523330661312 
0.6492985971943888 0.16747124779559106 
0.6513026052104208 0.16444292577154307 
0.6533066132264529 0.16071829388777548 
0.655310621242485 0.15611233270541064 
0.657314629258517 0.1512624140480962 
0.6593186372745491 0.14635701018036065 
0.6613226452905812 0.1411730176352704 
0.6633266533066132 0.1359430865330659 
0.6653306613226453 0.13112661262525047 
0.6673346693386772 0.12668833212424865 
0.6693386773547093 0.12241030541082171 
0.6713426853707414 0.11838337420841703 
0.6733466933867734 0.11453166026052118 
0.6753507014028055 0.11045508192384779 
0.6773547094188376 0.10641703044088179 
0.6793587174348696 0.10344965537074156 
0.6813627254509017 0.10166301364729464 
0.6833667334669338 0.09961066162324653 
0.6853707414829658 0.09633985861723446 
0.6873747494989979 0.09293457122244499 
0.68937875751503 0.09091140276553107 
0.691382765531062 0.0901539297995992 
0.6933867735470941 0.08956543641282567 
0.6953907815631262 0.08871828330661324 
0.6973947895791582 0.0877081092985972 
0.6993987975951903 0.0864007286773547 
0.7014028056112224 0.08498917234468942 
0.7034068136272544 0.08434971202404809 
0.7054108216432865 0.0847893588777555 
0.7074148296593186 0.08542233202404809 
0.7094188376753506 0.08573168448897796 
0.7114228456913827 0.08659946629258518 
0.7134268537074148 0.0887923932665331 
0.7154308617234468 0.09165586619238471 
0.7174348697394789 0.09438102038076152 
0.719438877755511 0.09734963971943889 
0.721442885771543 0.10118051240480969 
0.7234468937875751 0.10570353302605205 
0.7254509018036072 0.11085125460921846 
0.7274549098196392 0.1171314375551103 
0.7294589178356713 0.12419980256513014 
0.7314629258517034 0.13059002803607214 
0.7334669338677354 0.13604633304609226 
0.7354709418837675 0.14240710280561136 
0.7374749498997996 0.15080780262525043 
0.7394789579158316 0.15978362931863735 
0.7414829659318637 0.16774541478957927 
0.7434869739478958 0.17556723855711412 
0.7454909819639278 0.18479520354709425 
0.7474949899799599 0.1948024763727457 
0.749498997995992 0.20379655961923865 
0.751503006012024 0.2115069215831663 
0.7535070140280561 0.21894688695390793 
0.7555110220440882 0.22647937242484983 
0.7575150300601202 0.23386484294589205 
0.7595190380761523 0.24134000739478967 
0.7615230460921844 0.24916589607214448 
0.7635270541082164 0.2571448759919842 
0.7655310621242485 0.2659193836873748 
0.7675350701402806 0.27734397074148326 
0.7695390781563125 0.2919467141883765 
0.7715430861723446 0.3074670787575148 
0.7735470941883766 0.32180557919839625 
0.7755511022044087 0.3360850460521039 
0.7775551102204408 0.3526491073947891 
0.7795591182364728 0.3711383008416825 
0.7815631262525049 0.38892811811623196 
0.783567134268537 0.40482450751502985 
0.785571142284569 0.4199877209418835 
0.7875751503006011 0.43535180214428804 
0.7895791583166332 0.4502583915430859 
0.7915831663326652 0.4639915221643283 
0.7935871743486973 0.47701776240480953 
0.7955911823647294 0.4899717276553103 
0.7975951903807614 0.5022604006012023 
0.7995991983967935 0.5123830038877755 
0.8016032064128256 0.5196299115631261 
0.8036072144288576 0.5253383999799598 
0.8056112224448897 0.5322492353907816 
0.8076152304609218 0.5424713433667334 
0.8096192384769538 0.5564967290380758 
0.8116232464929859 0.5743584025651302 
0.813627254509018 0.59655197258517 
0.81563126252505 0.6229214287174342 
0.8176352705410821 0.6520794449098193 
0.8196392785571142 0.6835059409018038 
0.8216432865731462 0.7187312721442884 
0.8236472945891783 0.7582467455711416 
0.8256513026052104 0.7986628457715431 
0.8276553106212424 0.8357251788577151 
0.8296593186372745 0.8690123766132267 
0.8316633266533066 0.9005471769539077 
0.8336673346693386 0.9298630300000004 
0.8356713426853707 0.9541533219038076 
0.8376753507014028 0.9726227168336672 
0.8396793587174348 0.9867074381162326 
0.8416833667334669 0.9963116529859721 
0.843687374749499 0.999926184488978 
0.845691382765531 0.9983341293386774 
0.8476953907815631 0.9939363649098195 
0.8496993987975952 0.9864262377955911 
0.8517034068136272 0.973626464488978 
0.8537074148296593 0.9566760585971942 
0.8557114228456913 0.9394672970941879 
0.8577154308617234 0.9225395037675348 
0.8597194388777555 0.9027844559519037 
0.8617234468937875 0.8800982788777549 
0.8637274549098196 0.8589292963126245 
0.8657314629258517 0.8417978875551099 
0.8677354709418837 0.826564408296593 
0.8697394789579158 0.8119129207815626 
0.8717434869739479 0.8003397983166332 
0.8737474949899798 0.7933666065531064 
0.8757515030060119 0.7883558935470943 
0.877755511022044 0.7823698900000001 
0.879759519038076 0.7752179037675353 
0.8817635270541081 0.7670248222845695 
0.8837675350701402 0.7568794739078158 
0.8857715430861722 0.7453232680160324 
0.8877755511022043 0.7341504202404814 
0.8897795591182364 0.7227725198396796 
0.8917835671342684 0.708912468737475 
0.8937875751503005 0.6933215131863733 
0.8957915831663326 0.6793862208617238 
0.8977955911823646 0.6681958306613228 
0.8997995991983967 0.6587690603206413 
0.9018036072144288 0.6521796956513027 
0.9038076152304608 0.6497394678156313 
0.9058116232464929 0.6485452481362726 
0.907815631262525 0.6454876379358718 
0.909819639278557 0.6437937523246493 
0.9118236472945891 0.6479413937875751 
0.9138276553106212 0.6545653007214429 
0.9158316633266532 0.6574432223046092 
0.9178356713426853 0.658445661022044 
0.9198396793587174 0.662631740981964 
0.9218436873747494 0.665839798236473 
0.9238476953907815 0.6603146835671344 
0.9258517034068136 0.6494145730460922 
0.9278557114228456 0.641255034008016 
0.9298597194388777 0.6310076385170343 
0.9318637274549098 0.6080402376352708 
0.9338677354709418 0.5775733527855709 
0.9358717434869739 0.552551276392785 
0.937875751503006 0.5262886128456915 
0.939879759519038 0.48193001835671334 
0.9418837675350701 0.4294897249298588 
0.9438877755511021 0.39593529254509047 
0.9458917835671342 0.36886013186372757 
0.9478957915831663 0.2943848829659305 
0.9498997995991983 0.15783568406813184 
0.9519038076152304 0.027186147054108347 
0.9539078156312625 0.0 
0.9559118236472945 0.0 
0.9579158316633266 0.013059631202404765 
0.9599198396793587 0.002094872244488833 
0.9619238476953907 0.0 
0.9639278557114228 0.0 
0.9659318637274549 0.007236780521042088 
0.9679358717434869 0.0005219146893786289 
0.969939879759519 0.0 
0.9719438877755511 0.0 
0.9739478957915831 0.005308311242484983 
0.9759519038076151 0.00013291647294613024 
0.9779559118236472 0.0 
0.9799599198396792 0.0002526490781562574 
0.9819639278557113 0.0044197485571142005 
0.9839679358717434 6.337106212436208e-05 
0.9859719438877754 0.0 
0.9879759519038075 0.00045484863727446995 
0.9899799599198396 0.003976452725450891 
0.9919839679358716 2.3853066132307316e-05 
0.9939879759519037 0.0 
0.9959919839679358 0.0006504833667333814 
0.9979959919839678 0.003790854789579157 
1.0 0.0 
